time,event,degree,inf_id
0.0,1,3.0,1
0.0,1,4.0,2
0.0,6,4.0,2
0.23153639668640594,1,51.0,3
0.7240443073843846,1,56.0,4
0.9470802760281325,6,56.0,4
1.0409742442130487,18,,0
1.0410352569539587,101,36.0,5
1.0443773983931275,18,,0
1.0443960784643376,101,51.0,6
1.1089983654552011,6,51.0,3
1.1428788546938957,1,51.0,7
1.1835252552950728,1,15.0,8
1.245535850879056,1,47.0,9
1.2583926857756178,6,51.0,7
1.276231206375242,1,1.0,10
1.3305238564341817,1,16.0,11
1.3617516841195096,1,39.0,12
1.3656774240592244,6,16.0,11
1.3658118455469488,1,60.0,13
1.3836168283528167,1,54.0,14
1.3997454935770457,1,13.0,15
1.4308807523565288,1,59.0,16
1.4562295835934895,1,57.0,17
1.4824216325469732,1,1.0,18
1.5009137049528918,1,48.0,19
1.509893777601138,6,48.0,19
1.5260558205417796,1,11.0,20
1.5324800229586553,6,57.0,17
1.5915756085964277,7,4.0,2
1.6054040363189739,1,9.0,21
1.621813567897683,1,1.0,22
1.653883844962954,6,13.0,15
1.6558343270409384,1,55.0,23
1.6655724191890489,6,54.0,14
1.712306678739941,1,60.0,24
1.712441011546456,1,11.0,25
1.7197401292311705,6,15.0,8
1.739796623344066,1,5.0,26
1.7508892882731546,6,11.0,25
1.758916164908428,1,14.0,27
1.76393268489121,1,5.0,28
1.7639933021203078,1,5.0,29
1.7700305218933807,1,45.0,30
1.785537198550471,6,45.0,30
1.8272494274862892,1,18.0,31
1.8276536089069502,1,1.0,32
1.8391327592016156,1,1.0,33
1.842176243205321,8,51.0,6
1.8533591888387637,1,9.0,34
1.8582666777025636,1,7.0,35
1.8717175107068256,1,33.0,36
1.883487799593288,2,5.0,37
1.8944305675237187,1,35.0,38
1.9212881694287494,1,17.0,39
1.929159424050272,1,11.0,40
1.9295281724198499,1,3.0,41
1.9348032600607468,7,56.0,4
1.9520845657286106,6,60.0,24
1.9609805821081658,1,31.0,42
1.967149192037913,1,13.0,43
1.9972405759245269,8,36.0,5
2.0144982120007566,18,,0
2.0145244583263957,101,43.0,44
2.0164720135412124,6,60.0,13
2.0169276967483643,18,,0
2.0169814883991783,101,12.0,45
2.0226637671947745,1,4.0,46
2.0232589968662094,18,,0
2.0233386815437626,101,1.0,47
2.0244662218420713,18,,0
2.0245224043567416,101,30.0,48
2.025609035732164,18,,0
2.0256381873039895,101,3.0,49
2.0386999088308433,1,6.0,50
2.0436140781489764,18,,0
2.043618281388274,101,52.0,51
2.11511332706161,1,2.0,52
2.1264123774604475,1,58.0,53
2.1520355117897716,1,1.0,54
2.1532753766213997,1,3.0,55
2.1796571030990375,6,13.0,43
2.183650845621947,1,44.0,56
2.183751072506826,1,11.0,57
2.200209971202427,1,6.0,58
2.205993420160804,6,47.0,9
2.2109676943441494,1,3.0,59
2.221400958608068,6,2.0,52
2.2247859692102536,6,5.0,28
2.2334404273913853,1,3.0,60
2.2435854403895377,7,16.0,11
2.248091764604058,9,51.0,6
2.248464738629041,6,11.0,40
2.257634361998484,1,37.0,61
2.2743876523595583,7,51.0,3
2.2767624837724445,6,17.0,39
2.282925683620846,1,9.0,62
2.282997013198002,1,2.0,63
2.2905815304779744,6,9.0,62
2.3043628849891924,1,6.0,64
2.3200476238696677,6,35.0,38
2.334910168909613,2,31.0,65
2.3418004866347713,1,5.0,66
2.3514685556208454,1,5.0,67
2.362993240950511,8,1.0,47
2.366725560333419,1,20.0,68
2.3731381430576906,1,1.0,69
2.373771788027279,1,48.0,70
2.3764338855838347,1,51.0,71
2.3857824071941227,1,49.0,72
2.403335519001311,1,52.0,73
2.4093963044124918,6,14.0,27
2.418026484328346,1,33.0,74
2.4197998687741054,1,30.0,75
2.4224730337337856,1,10.0,76
2.4231641509714223,1,58.0,77
2.4252443977673015,1,2.0,78
2.4509652607264956,1,36.0,79
2.4548445599149904,1,2.0,80
2.457480310378567,1,19.0,81
2.4602015592892283,1,52.0,82
2.466183918189294,1,1.0,83
2.4715822024480945,6,3.0,1
2.472911242636633,1,2.0,84
2.473070961072232,1,3.0,85
2.491180409384926,6,52.0,73
2.4950372034649866,1,59.0,86
2.5061255655650068,1,6.0,87
2.509922573174244,1,47.0,88
2.519327571473208,6,1.0,54
2.520450170394973,1,26.0,89
2.534492159511353,1,7.0,90
2.5449877256399964,6,47.0,88
2.568671980663607,1,43.0,91
2.5758749879800558,1,56.0,92
2.5806844604721078,1,3.0,93
2.5807430219559446,1,18.0,94
2.5834543007166655,1,41.0,95
2.586895917728479,6,37.0,61
2.5873905395685663,1,56.0,96
2.5922669071778954,6,44.0,56
2.596808267669559,6,9.0,21
2.601987103607982,6,18.0,31
2.626620542606057,9,1.0,47
2.6289254842522456,9,36.0,5
2.634853994852357,1,51.0,97
2.6584253647123144,1,60.0,98
2.6637167261571295,1,60.0,99
2.6657919573306468,6,43.0,91
2.6674441336325576,6,59.0,86
2.6697602208122007,1,3.0,100
2.6778779193422153,1,1.0,101
2.7050811446604657,8,51.0,7
2.7185790414266653,1,31.0,102
2.721164163012404,1,36.0,103
2.7269716132238813,6,4.0,46
2.730646588314415,6,6.0,87
2.7324173421442977,1,16.0,104
2.742576129174739,7,11.0,40
2.74295706840626,2,10.0,105
2.7455105012370637,1,43.0,106
2.746667937246396,1,57.0,107
2.7472886551609204,1,57.0,108
2.7524581467079745,1,6.0,109
2.774466711551531,1,60.0,110
2.781609425558521,1,1.0,111
2.7852628939192345,1,1.0,112
2.7860556291793337,1,57.0,113
2.78965230810071,1,59.0,114
2.7899486099851556,1,9.0,115
2.7912957078182172,1,5.0,116
2.8048819693051064,1,7.0,117
2.816024728984808,1,14.0,118
2.8199796045928687,1,33.0,119
2.8199946637925395,1,9.0,120
2.824689759505418,7,13.0,15
2.826260984032996,6,10.0,76
2.8354113352449843,1,6.0,121
2.8367387641004624,6,51.0,71
2.836868515322303,6,36.0,79
2.8426442265122738,6,43.0,106
2.855930872996264,1,8.0,122
2.8578864611247785,1,5.0,123
2.861340057883262,6,41.0,95
2.8647633344707337,6,2.0,63
2.867235471185924,1,3.0,124
2.8687512447822643,6,1.0,101
2.870267373795571,6,3.0,59
2.8731487285703787,1,3.0,125
2.8733918848864684,6,6.0,121
2.873515996500893,1,6.0,126
2.8755042082547297,1,12.0,127
2.878435063326557,1,37.0,128
2.8818689288167065,6,3.0,85
2.887228328402718,6,55.0,23
2.8884749939907617,1,52.0,129
2.8974923077521426,6,56.0,96
2.8988811917106374,1,2.0,130
2.8992151212865584,6,9.0,34
2.899798558407704,1,53.0,131
2.902907252666408,1,9.0,132
2.9072332705890345,6,11.0,20
2.9138187244335167,1,56.0,133
2.9324708373457122,1,16.0,134
2.936264121570444,8,30.0,48
2.9364836942571158,6,6.0,109
2.9544649244531915,1,51.0,135
2.955687896774645,1,5.0,136
2.95906358952302,1,7.0,137
2.9640417318463435,6,1.0,33
2.966589895625877,1,11.0,138
2.968380969111003,1,43.0,139
2.9788430371177683,6,57.0,108
2.982236187488369,1,5.0,140
2.984265544105688,6,5.0,116
2.987696659652575,1,37.0,141
2.987949283726088,1,3.0,142
2.989765209338407,1,2.0,143
2.9931834437524363,6,1.0,111
2.995058827150315,6,2.0,143
3.0013298993343445,18,,0
3.001383232113391,101,17.0,144
3.0122839796832945,18,,0
3.0123241196941968,101,5.0,145
3.0125222162659755,6,7.0,35
3.0135243219941357,6,19.0,81
3.015873952027653,1,2.0,146
3.0186989502914887,1,43.0,147
3.0204204117243845,18,,0
3.020536099723867,101,59.0,148
3.021450391326525,1,47.0,149
3.0218343145639013,8,3.0,49
3.0229021586782006,6,60.0,99
3.025844734453293,18,,0
3.0258641220706766,101,9.0,150
3.0265718945253623,18,,0
3.0266943967579714,101,49.0,151
3.027680352100923,18,,0
3.0276880821056453,101,46.0,152
3.030086157175394,18,,0
3.0301543004143334,101,50.0,153
3.030713401482176,1,52.0,154
3.0319086996443048,6,5.0,67
3.0330712502410906,18,,0
3.033078193472732,101,44.0,155
3.0335706590131677,1,33.0,156
3.0339044157677413,18,,0
3.0340060747101245,101,3.0,157
3.0344163899014527,18,,0
3.0344536480702984,101,3.0,158
3.037736277815683,1,14.0,159
3.0383803255182515,1,17.0,160
3.04172817396283,18,,0
3.0417303772170063,101,3.0,161
3.0469832682353997,18,,0
3.047016013744359,101,6.0,162
3.0477507626536062,1,47.0,163
3.049378281592272,1,13.0,164
3.0498472595946,18,,0
3.049868375284906,101,14.0,165
3.0582396421672624,6,33.0,119
3.0589059705395143,1,49.0,166
3.0631781945691765,1,1.0,167
3.064173432986582,6,43.0,147
3.0642344312741665,1,46.0,168
3.0654717304225416,6,1.0,18
3.068835412862533,1,10.0,169
3.0691927133379076,1,2.0,170
3.0702061012881345,1,49.0,171
3.0717736404308034,1,46.0,172
3.0720677981445785,1,5.0,173
3.0752771587824297,6,60.0,98
3.085622084609302,1,33.0,174
3.0902730012286317,1,5.0,175
3.093057564934993,6,52.0,129
3.099485634505912,1,49.0,176
3.099984616628728,6,36.0,103
3.1047899479416707,1,23.0,177
3.104986625238282,1,3.0,178
3.105537600086086,6,2.0,78
3.1081833744961593,1,5.0,179
3.1087397818045397,8,46.0,152
3.1154005632310686,6,49.0,171
3.118041895304823,1,4.0,180
3.1227818806303946,1,14.0,181
3.1256978025208766,6,5.0,179
3.1284374897306657,1,1.0,182
3.140706036728237,6,3.0,41
3.143534581689422,1,5.0,183
3.1460697845296277,6,33.0,36
3.14819099673963,1,49.0,184
3.152978590137132,1,15.0,185
3.153038655909996,1,45.0,186
3.1546715721966536,6,12.0,127
3.1555304081280324,1,8.0,187
3.1561496039482755,6,49.0,176
3.1571495663489735,6,3.0,125
3.159801685012481,6,49.0,166
3.163088371893638,1,57.0,188
3.1656389999383174,1,3.0,189
3.1693079377773374,6,57.0,113
3.17247649172074,1,5.0,190
3.179320943076424,6,5.0,136
3.1795677651961864,1,3.0,191
3.1811755182634824,1,6.0,192
3.187113172338817,1,7.0,193
3.192517706385784,1,50.0,194
3.1925792010307172,8,6.0,162
3.1948866859092067,8,47.0,88
3.2018762144184665,8,3.0,161
3.2116467295272657,6,3.0,191
3.2116822944392336,6,59.0,16
3.2134392218292906,1,24.0,195
3.215600839543211,6,17.0,160
3.2167212020707523,1,5.0,196
3.2168353160453598,1,2.0,197
3.217806814494528,1,14.0,198
3.219462112403752,6,50.0,194
3.221357317032782,1,8.0,199
3.221968313601879,6,3.0,93
3.224480073822486,6,3.0,55
3.23375523557443,1,1.0,200
3.2343187501323123,1,40.0,201
3.2353096202590272,1,9.0,202
3.244549672281758,1,40.0,203
3.2489039735226726,1,9.0,204
3.250298598626321,6,7.0,137
3.2503151721919665,6,5.0,140
3.253934741527567,1,18.0,205
3.2542166500028364,8,3.0,1
3.2551828292521043,1,32.0,206
3.257178058196488,1,16.0,207
3.2601544961291067,6,5.0,29
3.263572938069133,1,3.0,208
3.266024675377408,1,52.0,209
3.2698317987317957,1,5.0,210
3.271131846608236,1,44.0,211
3.272234865641986,1,1.0,212
3.2730944954782304,7,48.0,19
3.2754363505622446,6,2.0,197
3.2790070875090938,6,8.0,122
3.2822935636185657,6,33.0,174
3.2859509316097877,8,43.0,147
3.2928854605268545,8,49.0,151
3.2997110296167502,6,52.0,154
3.306561252917642,1,21.0,213
3.310256942614552,6,52.0,82
3.311762402475526,1,49.0,214
3.321096745190313,1,54.0,215
3.3222668800301305,1,57.0,216
3.3253156967138073,6,18.0,94
3.326934461284268,1,43.0,217
3.3297215201745227,1,57.0,218
3.331976610029564,1,7.0,219
3.333697853299517,6,46.0,168
3.336335293317392,1,2.0,220
3.337525123674299,6,14.0,159
3.340142344793687,1,24.0,221
3.3441235191947998,6,60.0,110
3.3457935942167962,6,5.0,173
3.352506468867098,6,6.0,64
3.354737279349479,1,44.0,222
3.3571064123778687,6,20.0,68
3.3572273219707007,6,8.0,187
3.3593043007268832,1,45.0,223
3.363376050380879,1,27.0,224
3.3639425680205166,1,7.0,225
3.3653988307670524,6,7.0,225
3.375110749056477,1,5.0,226
3.3775074171191712,1,2.0,227
3.380464170084659,6,7.0,219
3.3813354122718673,6,2.0,80
3.383590530514997,1,3.0,228
3.389095481080496,1,24.0,229
3.391004006758732,6,9.0,115
3.395475209222784,1,29.0,230
3.3960563121446854,6,18.0,205
3.3967526741006653,1,46.0,231
3.4013858625032345,6,33.0,156
3.401930757639805,8,3.0,55
3.402164246634792,1,5.0,232
3.4050991718164485,6,5.0,37
3.4146765528912546,7,2.0,52
3.418953959304897,6,7.0,117
3.422389710940628,1,27.0,233
3.427913949183864,1,20.0,234
3.428773912698884,1,1.0,235
3.4295987271997936,1,54.0,236
3.4413535882222503,1,3.0,237
3.444083245380813,1,43.0,238
3.446242328116711,6,14.0,181
3.448807865783637,6,2.0,170
3.454496033564262,1,57.0,239
3.4554199298135937,1,48.0,240
3.456515095349623,1,47.0,241
3.4584254349843464,1,59.0,242
3.465167908571041,6,3.0,178
3.4656498045470796,1,2.0,243
3.467922830355473,6,58.0,53
3.4683658876622547,1,4.0,244
3.469349868097308,6,4.0,244
3.469892496378986,1,2.0,245
3.470774243521208,8,45.0,30
3.4726570250870283,1,10.0,246
3.473157158364598,1,19.0,247
3.474385106212374,6,19.0,247
3.478589277976088,6,13.0,164
3.481070026188682,1,10.0,248
3.484689165493978,1,6.0,249
3.48581638319937,1,24.0,250
3.4859577068038448,1,20.0,251
3.4859623832498707,1,2.0,252
3.4863605939594664,1,3.0,253
3.4970952008575074,1,45.0,254
3.5008914051896927,1,41.0,255
3.502551815568788,6,56.0,92
3.5079526336189644,6,51.0,97
3.509897502635618,6,57.0,239
3.5130364172510586,8,1.0,18
3.5139851412919754,2,2.0,256
3.5148284696681094,2,15.0,257
3.5195633517342575,1,59.0,258
3.5214784312674956,6,33.0,74
3.5262609839432364,1,7.0,259
3.528259303605421,6,47.0,163
3.5306602294252807,6,1.0,182
3.532227167773818,1,6.0,260
3.534286227839261,1,4.0,261
3.534289762504009,1,2.0,262
3.5358320183042333,1,2.0,263
3.538620840933447,6,45.0,186
3.544863507661717,7,9.0,62
3.548566562665756,1,2.0,264
3.5521717933549177,1,14.0,265
3.555645515404649,6,11.0,138
3.555722546058865,1,4.0,266
3.5580081389726947,7,9.0,21
3.558678612041871,1,24.0,267
3.560229242759695,1,4.0,268
3.5660181219559117,6,10.0,105
3.5679976019758852,7,60.0,13
3.5710065801683064,6,5.0,196
3.571592716912923,6,10.0,248
3.5717033329687995,1,47.0,269
3.5732020134857265,6,59.0,114
3.5742296895439765,2,4.0,270
3.575123059055551,6,2.0,245
3.575803885205492,1,10.0,271
3.5769995781673187,6,29.0,230
3.5778511348688022,1,3.0,272
3.581678553333212,6,57.0,188
3.586056924568787,1,1.0,273
3.5868918799758576,1,34.0,274
3.5868976516282367,1,12.0,275
3.5881974788061366,7,14.0,27
3.5929950340695513,1,6.0,276
3.5938190555844294,8,52.0,51
3.594905246341122,1,40.0,277
3.5949555141069247,1,35.0,278
3.595495759299201,7,15.0,8
3.5960252012467953,7,1.0,33
3.6034293537910607,6,2.0,252
3.6046999643054645,1,47.0,279
3.604940120247927,6,43.0,139
3.6059380696537304,6,4.0,266
3.6071358319212354,6,54.0,215
3.613755578596067,1,8.0,280
3.6149173848867417,1,1.0,281
3.6151553974208452,1,46.0,282
3.6154882683970326,6,2.0,264
3.616451612058979,6,6.0,58
3.6226110468350767,1,13.0,283
3.6229165054172765,6,3.0,60
3.626016079805419,6,5.0,66
3.631516647763468,1,55.0,284
3.631964942670448,1,55.0,285
3.632144682033316,1,5.0,286
3.632280175351437,6,3.0,237
3.6330351222772417,1,3.0,287
3.6342670032451783,1,46.0,288
3.6372255224265166,1,21.0,289
3.6413430096791632,8,49.0,166
3.645921266740269,1,4.0,290
3.650037014554295,1,9.0,291
3.6501209706859745,1,46.0,292
3.6509023285922213,1,54.0,293
3.6509509760085397,1,8.0,294
3.654845685588299,1,1.0,295
3.655968415575998,6,26.0,89
3.65663427921146,1,3.0,296
3.6574444146996163,1,59.0,297
3.661850223075585,1,51.0,298
3.6626751004737126,1,48.0,299
3.66341446743038,8,14.0,165
3.665577771579009,9,47.0,88
3.6681286355570566,1,38.0,300
3.6687911680556136,8,7.0,225
3.671052338458319,6,56.0,133
3.6734322113238744,1,19.0,301
3.6738256369721483,1,3.0,302
3.6791494195116012,6,45.0,254
3.680739998877996,1,2.0,303
3.6812623517962493,1,10.0,304
3.68497050640792,1,8.0,305
3.686241986812866,1,2.0,306
3.6874166662369707,1,2.0,307
3.689861906080137,1,36.0,308
3.691166636213207,1,60.0,309
3.692767008063254,1,20.0,310
3.6962934287578415,1,6.0,311
3.699047797254222,1,42.0,312
3.700082339945414,6,1.0,32
3.700878342072665,6,13.0,283
3.7016616268551297,6,8.0,280
3.702378435454349,1,1.0,313
3.702505695813885,1,14.0,314
3.7117617452540026,1,2.0,315
3.71367956195546,1,4.0,316
3.7176662332671677,1,53.0,317
3.7193071095370547,6,2.0,84
3.725294295389788,8,56.0,92
3.7261608462871414,6,6.0,276
3.729051556685067,9,3.0,49
3.729761875924371,6,24.0,267
3.73639368602346,1,2.0,318
3.7399470090103666,1,38.0,319
3.7413145053605867,1,33.0,320
3.7476553320850945,1,3.0,321
3.7490800421383486,6,14.0,118
3.7507525943521878,1,11.0,322
3.755818732725365,1,5.0,323
3.7574656012804084,8,12.0,45
3.761232144060497,6,45.0,223
3.7729225317273394,1,15.0,324
3.7737098798533406,1,6.0,325
3.774709344776648,6,6.0,311
3.788867930680834,2,26.0,326
3.7896046996824553,1,49.0,327
3.7919414270704257,1,55.0,328
3.7919748769743813,6,38.0,300
3.792051689929826,2,4.0,329
3.7920923376545677,1,3.0,330
3.7923480731743147,1,1.0,331
3.7940166419665844,1,2.0,332
3.79465131653066,1,1.0,333
3.7971691160679697,6,49.0,184
3.7973010795760653,6,40.0,201
3.7975679060220635,1,3.0,334
3.7998531011750543,1,9.0,335
3.800465109286097,9,46.0,152
3.803667142091472,1,53.0,336
3.8074939369431178,1,29.0,337
3.8080380704904524,7,13.0,43
3.809141646373848,1,13.0,338
3.8131541249107603,6,58.0,77
3.813993001892159,1,4.0,339
3.8143407530364506,7,60.0,24
3.8178392049699363,6,3.0,330
3.8182267784762285,1,3.0,340
3.8218506582626115,6,2.0,318
3.827568708035056,1,5.0,341
3.827950574178006,1,7.0,342
3.8287872492492583,6,11.0,322
3.8310829605088013,6,55.0,285
3.835901076348612,1,46.0,343
3.8369520009180094,6,5.0,232
3.8377816630658415,7,54.0,14
3.838299469897996,7,5.0,28
3.838486693233706,1,1.0,344
3.8386398411643263,6,51.0,298
3.8410991522994165,1,1.0,345
3.844276302576798,6,1.0,112
3.84645735293087,6,57.0,216
3.8466915351912014,1,23.0,346
3.85197804285174,6,2.0,227
3.852605295552491,2,1.0,347
3.853741381338337,1,40.0,348
3.85758119210571,1,10.0,349
3.858520780992036,1,11.0,350
3.860576602723444,1,2.0,351
3.864232967209129,1,1.0,352
3.8644766992193897,6,2.0,243
3.8654349679096027,6,6.0,325
3.865616323982984,1,3.0,353
3.8663923054513005,6,53.0,131
3.868780965949396,6,10.0,271
3.870658043670823,6,2.0,303
3.8713524160184116,1,8.0,354
3.874870102891024,1,10.0,355
3.8755647045227755,1,2.0,356
3.8772827797425102,6,3.0,287
3.8818232924050795,1,55.0,357
3.8844413424401245,6,12.0,275
3.88822791353219,6,2.0,256
3.8887947654271264,1,9.0,358
3.889082720779434,6,40.0,348
3.889283687470152,1,26.0,359
3.8895923044905576,1,9.0,360
3.8901398424726645,6,37.0,128
3.8903758845714993,1,38.0,361
3.8925261582841197,1,49.0,362
3.893593335433079,1,7.0,363
3.8958835912871406,1,5.0,364
3.8963083163594883,6,59.0,297
3.8975888356706747,1,43.0,365
3.8989294115040782,1,32.0,366
3.8990222242306194,1,27.0,367
3.900480908664341,1,56.0,368
3.90203675858442,1,56.0,369
3.903785132052342,6,2.0,307
3.905911492104383,6,5.0,341
3.9061342032331625,1,7.0,370
3.906304601734927,1,2.0,371
3.910375144092142,9,3.0,1
3.9115629850881457,6,4.0,261
3.912013787869841,1,29.0,372
3.9129436245265268,6,1.0,22
3.913400014351393,7,47.0,9
3.914981786060169,6,46.0,172
3.9167335877619758,1,58.0,373
3.918065201171745,1,25.0,374
3.9182053655169797,1,50.0,375
3.919213383850503,1,6.0,376
3.9220634158064605,6,43.0,217
3.9248420887719058,1,58.0,377
3.9249082053921565,6,49.0,362
3.928302102476117,1,31.0,378
3.9293707252618426,1,6.0,379
3.932848569298278,1,46.0,380
3.9335642562546687,1,46.0,381
3.9346353655874564,1,41.0,382
3.9423908183381666,6,50.0,375
3.9522017355512906,6,11.0,350
3.958217690574017,1,3.0,383
3.9658315757669107,6,3.0,272
3.9659541834862746,1,3.0,384
3.968006661755455,1,58.0,385
3.9687079713714644,6,31.0,65
3.9691887935928887,1,57.0,386
3.9705573054476226,6,16.0,207
3.97095631798116,1,1.0,387
3.9732464147022712,1,25.0,388
3.9741975537729872,1,3.0,389
3.974587294212708,1,12.0,390
3.975989054254591,1,29.0,391
3.97713973628585,6,3.0,302
3.978129475936048,6,35.0,278
3.980079058438871,7,6.0,109
3.980218128088288,1,3.0,392
3.987424239853424,1,49.0,393
3.9883069041156123,1,4.0,394
3.9886563738735106,7,57.0,113
3.992466104992994,6,9.0,120
3.992846190335502,6,2.0,262
3.993000408893701,7,36.0,103
3.9933615506898166,1,12.0,395
3.9934668863077327,6,48.0,299
3.9943367784892234,1,51.0,396
3.9951910779043738,1,2.0,397
3.996584461901124,1,20.0,398
3.996720893671947,6,49.0,214
3.9974493625604426,1,10.0,399
4.0001950407011035,18,,0
4.0002212083551845,101,48.0,400
4.000260144907099,6,6.0,126
4.002133759385916,18,,0
4.0022645992493455,101,14.0,401
4.002575575571278,8,6.0,58
4.003159184791547,1,9.0,402
4.005556515942794,1,24.0,403
4.007023645471072,6,27.0,367
4.00741460672095,1,7.0,404
4.008672448144507,18,,0
4.008706187686557,101,30.0,405
4.008901488582464,6,31.0,42
4.010451234617654,18,,0
4.01058143404098,101,52.0,406
4.0112254868138315,18,,0
4.011333120890431,101,2.0,407
4.011431715565135,18,,0
4.011450045756488,101,45.0,408
4.012104812323329,6,40.0,203
4.013246905478077,8,26.0,89
4.013770795364112,18,,0
4.013811791583251,101,5.0,409
4.01452499987319,6,3.0,253
4.015489717094209,18,,0
4.01550806743409,101,58.0,410
4.016825555496005,1,11.0,411
4.017437618263304,18,,0
4.017507365444923,101,6.0,412
4.022352632356332,6,41.0,382
4.024785482629523,1,40.0,413
4.026974908489246,18,,0
4.027029639553306,101,24.0,414
4.027085791637754,6,29.0,337
4.028561289872937,1,11.0,415
4.029070369344192,1,3.0,416
4.029753352874865,1,39.0,417
4.030534091132532,1,15.0,418
4.031583334463946,9,49.0,151
4.033413516712321,18,,0
4.033498414515881,101,5.0,419
4.034218159225054,1,22.0,420
4.034266797411591,18,,0
4.034282629936708,101,9.0,421
4.03616759776475,6,7.0,259
4.037361197075099,1,57.0,422
4.038277582170654,6,1.0,69
4.039812242255547,1,6.0,423
4.040255487100377,1,25.0,424
4.0416932197738,18,,0
4.041741485395629,101,1.0,425
4.042413974563378,6,6.0,192
4.044067031191297,6,58.0,385
4.0450637121554385,18,,0
4.0451369014648115,101,3.0,426
4.045715900984121,1,1.0,427
4.046989982595272,8,6.0,325
4.047786112995153,6,5.0,364
4.049250277620501,1,6.0,428
4.052649459064077,1,33.0,429
4.053492242103115,1,22.0,430
4.054451977304197,9,49.0,166
4.055390310701768,7,35.0,38
4.05577558764344,6,8.0,354
4.056957908803416,1,51.0,431
4.057114832612158,1,58.0,432
4.058185342113784,8,46.0,172
4.060053578327091,7,56.0,96
4.060803697442145,1,1.0,433
4.062750585333346,1,2.0,434
4.06409042212701,1,57.0,435
4.0687442281611315,1,11.0,436
4.069168464769559,1,53.0,437
4.0695465563477216,1,2.0,438
4.069783985663427,1,60.0,439
4.072105161003539,1,47.0,440
4.0731422632650816,1,3.0,441
4.073389847135217,1,5.0,442
4.074757394784643,1,2.0,443
4.075794918397222,1,7.0,444
4.075909805387934,1,2.0,445
4.080468055995729,6,2.0,263
4.0807278268907305,1,54.0,446
4.080750767309393,1,53.0,447
4.081104032040409,6,11.0,411
4.083360847272577,1,4.0,448
4.08347708565091,1,35.0,449
4.088738574435512,6,5.0,26
4.088945317572781,1,12.0,450
4.0911820648036485,1,2.0,451
4.092569408618536,6,44.0,211
4.095219399363845,6,1.0,235
4.1000934592866605,6,47.0,269
4.1034386142873505,6,56.0,368
4.105363000947458,1,54.0,452
4.106281555672119,9,3.0,161
4.108638153930395,1,47.0,453
4.112297773529103,1,28.0,454
4.11408816379227,6,9.0,360
4.114113474847017,1,13.0,455
4.114481540558045,1,33.0,456
4.116276960124299,6,1.0,333
4.117301416463113,1,54.0,457
4.117545299520604,7,33.0,119
4.1180808824455974,1,49.0,458
4.118573048124307,6,9.0,202
4.119318804103793,1,53.0,459
4.120309093999838,6,24.0,250
4.122462769677505,1,39.0,460
4.123620789651507,1,59.0,461
4.128798551689523,6,6.0,379
4.13031288013831,1,58.0,462
4.1308023438495605,1,51.0,463
4.131820624309388,6,58.0,373
4.1322213919465565,8,44.0,56
4.1326119900892655,1,3.0,464
4.135817595315792,8,10.0,248
4.13607870796761,6,12.0,395
4.136932265846961,1,56.0,465
4.1414303959885315,6,3.0,296
4.144327774097189,1,55.0,466
4.144480550806529,6,34.0,274
4.148757991552418,6,51.0,135
4.149710335326424,1,9.0,467
4.151013376592364,6,47.0,440
4.151621923228436,1,10.0,468
4.152113457781598,1,2.0,469
4.152365978364397,1,6.0,470
4.154308375897905,6,4.0,394
4.154486269064422,1,6.0,471
4.157285221966829,9,12.0,45
4.158857290348504,6,46.0,381
4.159885431031472,1,6.0,472
4.161449311070943,1,3.0,473
4.16177519681796,1,46.0,474
4.163267164829325,6,46.0,343
4.164257128087746,7,5.0,67
4.164363296784954,1,53.0,475
4.17402909961206,1,3.0,476
4.174031603744961,1,5.0,477
4.175884055931006,1,52.0,478
4.179364189936151,6,10.0,246
4.179444898021977,1,2.0,479
4.1810754388392,6,10.0,169
4.181853753716416,1,41.0,480
4.182600416646075,6,2.0,146
4.183368413898409,1,1.0,481
4.187618017181332,1,52.0,482
4.189392461533651,9,44.0,56
4.191408219150622,6,56.0,369
4.192280239430257,1,41.0,483
4.1960922330205825,7,6.0,64
4.1963696088100235,1,2.0,484
4.197010437226564,1,1.0,485
4.200716193726992,1,2.0,486
4.2046574223788715,1,6.0,487
4.20484248075448,1,34.0,488
4.205876556893883,1,8.0,489
4.207251199757333,6,2.0,479
4.207862385888246,6,8.0,294
4.209322783829299,8,3.0,158
4.209547357302198,6,3.0,441
4.211563133298057,8,9.0,360
4.211888732140307,1,19.0,490
4.214339242152747,1,17.0,491
4.215960362385648,6,3.0,416
4.216677551545242,7,13.0,164
4.21824241225105,1,5.0,492
4.221150526731981,1,12.0,493
4.223558541156559,1,3.0,494
4.223923632138544,1,6.0,495
4.226049532183514,6,51.0,463
4.226771074174318,7,7.0,35
4.227206105746768,6,37.0,141
4.227412320112158,1,2.0,496
4.232365041129444,6,1.0,485
4.237071085615085,8,49.0,362
4.237987621199499,6,6.0,423
4.24176780505264,1,34.0,497
4.243001957403857,6,5.0,183
4.2449824277803305,1,4.0,498
4.245265651136935,7,37.0,61
4.246046228989124,6,4.0,498
4.2463707345307125,6,52.0,482
4.2486835272510834,1,10.0,499
4.250558868197944,1,2.0,500
4.252118393685231,6,33.0,429
4.253505102509725,1,42.0,501
4.258236706365349,8,5.0,173
4.258241832126181,1,53.0,502
4.258495638420086,6,6.0,376
4.258973905997024,1,27.0,503
4.259129582841396,7,36.0,79
4.259775079832318,1,3.0,504
4.2633991803528275,6,5.0,492
4.2636361922350545,7,11.0,350
4.2639897216753315,6,60.0,309
4.264797312042555,6,57.0,218
4.265625355097412,6,3.0,473
4.271947444718163,9,52.0,51
4.272697088260505,8,5.0,179
4.273712094704907,6,23.0,177
4.273756919273147,1,11.0,505
4.273901752726793,6,5.0,226
4.274141189651265,1,43.0,506
4.274176455660479,1,4.0,507
4.274321400585653,1,41.0,508
4.275581534538585,1,1.0,509
4.276330107845083,6,2.0,397
4.278030878533678,1,32.0,510
4.27929590819228,1,15.0,511
4.279812266104437,8,2.0,197
4.282266929027606,1,1.0,512
4.282933458299233,1,56.0,513
4.283732594428662,1,33.0,514
4.283752765963261,1,2.0,515
4.283824947193024,1,44.0,516
4.2839238799361725,1,11.0,517
4.284153858279736,1,11.0,518
4.285679874835767,1,7.0,519
4.289431870900657,6,43.0,238
4.290019349960771,1,16.0,520
4.290841038965764,7,2.0,63
4.2922735197594974,1,19.0,521
4.294111540971729,1,1.0,522
4.294252771539969,1,13.0,523
4.297262361516233,1,2.0,524
4.29832867534854,8,50.0,153
4.29873501042279,1,46.0,525
4.301394622604489,1,46.0,526
4.30163133217838,1,13.0,527
4.305044243113554,6,5.0,286
4.307240451795722,1,18.0,528
4.308814752955186,6,53.0,447
4.309162477156393,1,2.0,529
4.309827594095847,1,38.0,530
4.310682277235099,1,26.0,531
4.310747419770859,6,24.0,221
4.312808235301011,1,39.0,532
4.314381993834766,1,13.0,533
4.314500624327862,1,3.0,534
4.3149366266486044,1,7.0,535
4.315983292103134,6,8.0,305
4.316526382432569,1,5.0,536
4.316765298339727,1,7.0,537
4.317418206723656,1,58.0,538
4.317848493637776,1,56.0,539
4.318259486462701,6,59.0,461
4.3196744873645905,6,13.0,533
4.3210913532234185,1,5.0,540
4.322719325259929,1,4.0,541
4.325996578333448,1,16.0,542
4.32868391123519,1,43.0,543
4.3287762793311915,7,43.0,106
4.330031844912644,6,10.0,468
4.330315024358846,1,21.0,544
4.33064656739651,1,13.0,545
4.331118518572423,6,8.0,489
4.331289367702105,6,21.0,544
4.331635778935844,1,4.0,546
4.33536930702537,6,55.0,328
4.3385498899813735,1,9.0,547
4.3401875123523945,6,54.0,446
4.340528468368656,1,2.0,548
4.343071354692875,6,1.0,481
4.343217245907641,1,5.0,549
4.343608302314731,6,14.0,314
4.3441165841224825,1,4.0,550
4.34522946809243,6,56.0,465
4.345746543617534,1,1.0,551
4.351679785289353,6,25.0,388
4.352158870751526,1,7.0,552
4.352321417011425,6,34.0,497
4.353217263708194,6,58.0,462
4.3532805768080225,1,1.0,553
4.354057029583845,7,37.0,128
4.3548860765729955,1,55.0,554
4.3566085937175565,7,60.0,110
4.359126258670638,1,39.0,555
4.360050921141992,6,41.0,255
4.361852068629639,6,5.0,477
4.364323030653385,2,15.0,556
4.365633986665206,1,6.0,557
4.3660880478895,1,1.0,558
4.36636958959499,6,7.0,535
4.366395539948433,6,3.0,464
4.369328577065366,8,6.0,126
4.37389497491692,7,48.0,299
4.377317797790706,6,15.0,257
4.378490669210071,1,52.0,559
4.379223568460992,6,5.0,190
4.38037065662899,8,46.0,168
4.38094071151289,1,8.0,560
4.381240769963346,6,18.0,528
4.3838167272887905,1,8.0,561
4.385060289986902,1,58.0,562
4.385420908181705,1,1.0,563
4.386404649568708,8,5.0,419
4.386902944280026,1,60.0,564
4.3869978240881915,1,13.0,565
4.387164053472113,6,13.0,523
4.387999217881173,1,7.0,566
4.389233686441072,1,6.0,567
4.391710076560637,8,33.0,156
4.392998113432382,1,14.0,568
4.393063041190101,1,22.0,569
4.398161503337945,9,7.0,225
4.399991603726292,6,23.0,346
4.400984816956874,6,6.0,472
4.401129646791194,7,7.0,137
4.402121628154892,6,2.0,438
4.402656714642647,1,7.0,570
4.402975721931485,1,5.0,571
4.404164552092967,6,2.0,332
4.405688349453994,1,7.0,572
4.405969914943032,7,17.0,39
4.406258965792439,1,60.0,573
4.406528786530991,9,30.0,48
4.406623567554116,1,22.0,574
4.407800668475733,1,48.0,575
4.408829730649413,1,56.0,576
4.409893703455581,8,3.0,426
4.410714918833248,6,7.0,193
4.412391070831651,6,7.0,404
4.413377980537191,1,8.0,577
4.413407714072475,8,38.0,300
4.414344814679397,6,1.0,427
4.416830258163676,6,6.0,50
4.4188765010506845,1,50.0,578
4.421157368831901,1,43.0,579
4.422220753381112,6,8.0,561
4.422988464233526,6,9.0,291
4.423186018395636,1,16.0,580
4.424635511355443,1,22.0,581
4.4248262122233335,1,43.0,582
4.425951511540683,6,2.0,469
4.42675788280102,8,59.0,148
4.427499169889331,1,51.0,583
4.427566384748951,9,33.0,156
4.428089996367799,6,22.0,581
4.42851878081707,9,43.0,147
4.430651675901161,7,7.0,117
4.433691273418699,6,54.0,293
4.436504131079127,1,9.0,584
4.436884899154099,6,19.0,490
4.438114731158564,6,3.0,208
4.438401024852296,1,10.0,585
4.438891853137343,1,38.0,586
4.440674314292285,6,58.0,377
4.441084626518988,1,7.0,587
4.442661309940702,6,38.0,530
4.443900916131026,7,5.0,116
4.447643637766613,1,7.0,588
4.448044711591562,1,3.0,589
4.448120321195073,1,5.0,590
4.450726335744395,1,2.0,591
4.451058953909792,6,6.0,495
4.4535654227404615,9,14.0,165
4.45533890801607,1,21.0,592
4.455443796992322,1,34.0,593
4.455666599653789,1,18.0,594
4.458422114298949,8,3.0,157
4.459826391833076,7,11.0,20
4.460732051528393,1,45.0,595
4.461340525005502,1,57.0,596
4.4621436978075115,6,2.0,496
4.462272372215886,1,2.0,597
4.462706028355345,6,46.0,474
4.464159161626233,1,18.0,598
4.468854440689119,9,50.0,153
4.475657172943231,1,9.0,599
4.477832039772839,6,4.0,339
4.478970728022933,1,42.0,600
4.479171420152366,1,3.0,601
4.479753789741105,6,4.0,180
4.479780631709356,6,5.0,549
4.4825298171051156,1,1.0,602
4.482650003585322,6,5.0,590
4.4853837806637715,1,58.0,603
4.485898134867363,1,1.0,604
4.486410026931725,1,2.0,605
4.487453593761125,1,48.0,606
4.488060193860577,6,46.0,525
4.488061407212222,1,41.0,607
4.488655841205755,6,46.0,380
4.489915111841154,1,1.0,608
4.491165277425292,1,3.0,609
4.491350119693919,1,48.0,610
4.493147755410489,1,7.0,611
4.495483042495642,1,1.0,612
4.496468594081825,1,43.0,613
4.496658625511788,1,57.0,614
4.49739110833458,9,3.0,55
4.498392299424936,6,49.0,72
4.4998498151459705,1,3.0,615
4.500925202605325,6,6.0,487
4.503181424095221,6,1.0,612
4.504756864902169,7,2.0,80
4.505539238172379,1,37.0,616
4.508520608368577,1,7.0,617
4.510251030363467,8,19.0,247
4.511853771745273,1,3.0,618
4.514482828700359,1,37.0,619
4.516664093338491,9,5.0,179
4.518262338507646,1,4.0,620
4.518405020659911,6,8.0,560
4.520307883724349,1,3.0,621
4.521247221965522,6,16.0,134
4.522249395126067,1,54.0,622
4.5229286602276595,1,9.0,623
4.522965539525686,1,37.0,624
4.525134960306977,6,57.0,614
4.528507652893165,7,57.0,108
4.52876549236387,1,36.0,625
4.529975943156173,1,1.0,626
4.530007361690279,6,41.0,480
4.530051002132679,6,2.0,529
4.5302955124326125,1,2.0,627
4.5312171697629955,7,11.0,25
4.533031831797611,1,2.0,628
4.533034634458378,8,44.0,155
4.534905339963561,1,54.0,629
4.535595555954319,1,50.0,630
4.53664618897974,1,4.0,631
4.537862318272644,6,15.0,511
4.537936765666655,1,1.0,632
4.538322080697244,8,9.0,150
4.540612632735298,6,18.0,598
4.543513290028053,6,3.0,383
4.54436261764197,1,3.0,633
4.545772835766443,6,5.0,323
4.545808625418712,6,45.0,595
4.546868976897132,1,1.0,634
4.54688329713512,8,14.0,401
4.550075243432547,7,14.0,159
4.552033903043118,1,5.0,635
4.55223913632249,1,7.0,636
4.554764118159816,1,41.0,637
4.554900094109388,7,5.0,136
4.555592954638215,6,4.0,546
4.557717783523903,1,2.0,638
4.55855137692836,6,26.0,359
4.561332694071502,9,6.0,162
4.562757144247387,8,59.0,86
4.565390618791326,6,39.0,12
4.565528519664204,6,20.0,234
4.5661735204525,1,36.0,639
4.568418809091268,2,4.0,640
4.570527199518929,9,2.0,197
4.570621549856714,6,7.0,552
4.570798200155096,6,4.0,640
4.571971126627804,8,2.0,78
4.573633449190795,8,25.0,388
4.575337936004589,1,39.0,641
4.577513252024611,8,17.0,144
4.581007090504449,6,1.0,626
4.581064976501236,6,15.0,324
4.583189272330406,1,60.0,642
4.583472047459612,9,2.0,78
4.586000275289063,6,1.0,212
4.586112665385757,1,5.0,643
4.5881947002378,8,57.0,239
4.5890692040390295,1,54.0,644
4.590210165176469,6,9.0,132
4.592185200125045,1,58.0,645
4.592895900426791,6,19.0,521
4.59331703076231,6,37.0,619
4.593669877529852,1,55.0,646
4.595810787915289,1,59.0,647
4.595889461251657,6,12.0,493
4.596513647669326,6,58.0,562
4.5965389452932435,6,3.0,633
4.5978274346404415,1,9.0,648
4.599196814100122,7,1.0,111
4.6006193797277595,1,2.0,649
4.601030193481363,1,1.0,650
4.603127298096208,6,15.0,185
4.603233458423666,1,1.0,651
4.603944555325987,6,36.0,625
4.604751129221842,6,54.0,644
4.605697155377973,1,3.0,652
4.607443689240996,6,9.0,584
4.608564437805397,1,6.0,653
4.6087282830166005,1,2.0,654
4.609761980589797,6,31.0,378
4.6118721261068805,6,47.0,149
4.611961564016552,6,54.0,457
4.612215848575564,1,19.0,655
4.613668667426004,6,39.0,641
4.614227687255286,1,58.0,656
4.614552046654236,1,2.0,657
4.614927046134093,1,32.0,658
4.617976540157767,1,60.0,659
4.618190963103105,1,9.0,660
4.6189878093855326,1,3.0,661
4.619151964624774,1,1.0,662
4.619444927696027,6,4.0,631
4.619657666019181,6,6.0,470
4.620287920924519,6,2.0,443
4.620344381151147,6,50.0,578
4.621061860887941,6,14.0,265
4.622177202233992,6,20.0,398
4.622578212544522,1,47.0,663
4.622823661008869,1,10.0,664
4.623949883553548,9,17.0,144
4.624004545767923,6,48.0,240
4.624794266026874,1,58.0,665
4.625457494963944,6,4.0,329
4.625718226483001,1,47.0,666
4.625882805809582,7,45.0,186
4.627025568332482,1,1.0,667
4.628128587804372,1,2.0,668
4.628940505541194,6,54.0,622
4.629814999633674,1,3.0,669
4.630465889671613,1,47.0,670
4.630579278881241,7,5.0,66
4.630624686439005,1,3.0,671
4.631021408777829,6,3.0,601
4.632589990403683,6,46.0,288
4.633340586083589,1,1.0,672
4.635564115637903,1,2.0,673
4.636469822359342,1,3.0,674
4.637259061147576,6,32.0,366
4.637669990628892,6,11.0,517
4.6377013512863146,1,54.0,675
4.638550815647198,1,26.0,676
4.639369790278419,6,12.0,390
4.640986108320351,6,15.0,556
4.641627887442432,1,8.0,677
4.642360420037222,1,5.0,678
4.644335487210684,6,3.0,618
4.645609629709549,1,25.0,679
4.647166011275824,1,8.0,680
4.647646199150067,1,4.0,681
4.648820263694804,1,2.0,682
4.649733596581754,1,42.0,683
4.649857731494622,1,22.0,684
4.652120894064982,1,52.0,685
4.654270367578876,7,9.0,34
4.657697698962368,1,48.0,686
4.6598017993618495,6,9.0,335
4.661768213374221,7,14.0,118
4.6630075371222555,1,1.0,687
4.663667646282514,1,9.0,688
4.664844668730933,1,39.0,689
4.665445181972143,2,5.0,690
4.665461474609101,1,14.0,691
4.666536330605056,7,52.0,73
4.666809768940327,1,3.0,692
4.667650133285384,1,7.0,693
4.668885543370788,6,16.0,580
4.669094278272147,7,5.0,29
4.669094278272147,16,5.0,29
4.670673129914738,1,3.0,694
4.670690893909593,1,4.0,695
4.671266238613418,6,50.0,630
4.67147855986232,1,30.0,696
4.672375321205453,6,9.0,648
4.672928894032187,1,47.0,697
4.6729542713471925,1,7.0,698
4.67373848846566,1,1.0,699
4.674906981414409,1,2.0,700
4.675355964604696,1,2.0,701
4.677059285416081,1,58.0,702
4.679231210893495,1,6.0,703
4.679653389322675,6,7.0,570
4.679859689075869,1,57.0,704
4.6801465094320625,1,1.0,705
4.682792269679151,9,57.0,239
4.683723396806148,6,17.0,491
4.683940347644291,6,44.0,516
4.684043157237177,1,2.0,706
4.687218187979256,7,31.0,42
4.688326331570301,1,19.0,707
4.689691337033379,1,3.0,708
4.690337550474178,1,35.0,709
4.69267725556482,7,12.0,275
4.694284020694457,6,5.0,175
4.694381178639075,7,2.0,262
4.695461357417901,6,4.0,681
4.69582611327249,1,1.0,710
4.696488326134365,6,48.0,575
4.697992081388052,1,53.0,711
4.698191654046956,1,59.0,712
4.699399532553682,1,57.0,713
4.699637610753201,2,2.0,714
4.701119444027124,8,3.0,237
4.7018871709119425,1,6.0,715
4.702289173058847,8,54.0,293
4.702634467788574,6,52.0,209
4.706843233538323,1,10.0,716
4.708450656802579,6,1.0,563
4.709586541872576,1,56.0,717
4.713169058979763,1,47.0,718
4.714508335129064,6,54.0,236
4.714949551901995,1,20.0,719
4.715294908142009,1,50.0,720
4.716312907001924,1,39.0,721
4.717430969397906,7,11.0,138
4.718134620364941,1,1.0,722
4.719123534501279,1,53.0,723
4.720567368830318,1,1.0,724
4.72240970193993,1,38.0,725
4.722813123837902,1,2.0,726
4.7233949954513825,6,9.0,660
4.724378973470054,1,11.0,727
4.7263532381897395,1,1.0,728
4.726721467131824,6,1.0,650
4.727668431507026,6,7.0,370
4.7313791398029315,6,25.0,374
4.731633362033577,1,26.0,729
4.734089292033139,1,9.0,730
4.737202108866859,1,5.0,731
4.737387270464435,7,11.0,322
4.737900649574492,7,57.0,17
4.73796177445389,1,40.0,732
4.738504451174898,1,1.0,733
4.739130686020522,1,3.0,734
4.739866550115478,6,57.0,386
4.740105710233193,6,1.0,662
4.740825714755206,6,26.0,676
4.742923777644328,1,2.0,735
4.74339967971847,1,35.0,736
4.743488977675313,6,57.0,596
4.743972755027812,6,2.0,735
4.745238067847348,1,59.0,737
4.746266509993687,1,37.0,738
4.747282860016702,6,59.0,647
4.747963696134369,1,5.0,739
4.748795296402014,1,60.0,740
4.7504081718961935,1,34.0,741
4.750434819328953,1,2.0,742
4.751619350657488,8,60.0,98
4.752233064598045,8,57.0,386
4.75237206678888,6,3.0,353
4.753163701617898,1,4.0,743
4.754874854300972,1,41.0,744
4.7555282421267195,1,8.0,745
4.755855067348483,1,12.0,746
4.7579631658670785,6,3.0,228
4.758335435342629,2,7.0,747
4.758402528366013,6,2.0,524
4.760167627956247,6,25.0,679
4.760228610600375,1,5.0,748
4.760318578354641,6,53.0,711
4.76130564400782,1,25.0,749
4.761627083345755,6,4.0,316
4.763581727934266,6,42.0,312
4.7637432723615944,7,2.0,256
4.765103907857494,1,5.0,750
4.7653350865289905,1,49.0,751
4.7677747250752285,1,50.0,752
4.768042208711946,1,7.0,753
4.769845457870683,1,22.0,754
4.771491003132068,8,24.0,414
4.774447410367077,1,53.0,755
4.774860385062353,6,4.0,550
4.775134590917032,6,1.0,558
4.777162043399774,6,24.0,229
4.77790400551457,6,4.0,270
4.777965966567006,1,45.0,756
4.777983383409824,1,6.0,757
4.779848035814544,1,41.0,758
4.781948769852095,1,10.0,759
4.782143243020561,1,1.0,760
4.7824492595082395,6,3.0,534
4.786902733638203,1,56.0,761
4.788085735758441,1,4.0,762
4.7885795690035815,2,1.0,763
4.789770205277794,1,8.0,764
4.794828656876003,1,4.0,765
4.797704433614426,1,44.0,766
4.798206775996773,6,22.0,569
4.798601393914437,1,1.0,767
4.798731159410513,1,43.0,768
4.799938653369702,1,21.0,769
4.8012921073776695,1,54.0,770
4.801475283864172,1,23.0,771
4.802216779666943,1,3.0,772
4.802936307192107,6,56.0,576
4.802943227762867,1,57.0,773
4.805509665534511,1,12.0,774
4.80592946552328,7,33.0,36
4.806328094303969,6,32.0,510
4.80949463815454,1,11.0,775
4.8128993982412505,1,7.0,776
4.814540329169901,6,2.0,356
4.815700906053645,6,1.0,733
4.816551706732077,1,46.0,777
4.816623469659545,1,32.0,778
4.817144804477797,6,3.0,321
4.81865594846264,6,41.0,483
4.819403646120097,6,2.0,500
4.820560518543893,6,59.0,258
4.821990869844253,6,59.0,712
4.822334730202287,1,38.0,779
4.8236763458384395,1,8.0,780
4.824334464304224,6,6.0,703
4.824676896359594,7,52.0,154
4.82509491157915,8,21.0,544
4.826512099965523,1,13.0,781
4.8271362988958915,6,14.0,198
4.828634583480776,8,43.0,44
4.82892748263353,1,1.0,782
4.829327657752539,1,34.0,783
4.82934862042169,8,60.0,99
4.832389730613803,6,7.0,519
4.834222422837726,8,3.0,618
4.835145349827058,1,13.0,784
4.835295316955529,1,2.0,785
4.837550896245928,2,12.0,786
4.838544301241015,6,26.0,729
4.8389430145318535,6,2.0,515
4.839648601311106,1,25.0,787
4.841265566596137,6,1.0,728
4.8413640388806956,1,19.0,788
4.841403508419441,1,50.0,789
4.841536882011769,1,20.0,790
4.843435950703602,1,15.0,791
4.844085976084703,6,53.0,755
4.84420280958636,1,8.0,792
4.847148301815816,1,48.0,793
4.847598975282854,6,3.0,334
4.849515286263719,1,2.0,794
4.851222084268015,1,1.0,795
4.8526441599246155,1,13.0,796
4.8537094744027085,7,4.0,244
4.854116745609419,1,31.0,797
4.854627912311451,1,10.0,798
4.856308513799888,6,13.0,545
4.858138635199346,8,3.0,321
4.858425354331205,8,3.0,441
4.858554277479966,6,11.0,57
4.8611920376880855,8,25.0,374
4.864224227025556,9,43.0,44
4.864271254234242,1,2.0,799
4.864547276517718,1,1.0,800
4.864632463599093,1,2.0,801
4.865766237548341,2,3.0,802
4.866760476244217,1,4.0,803
4.867097968464735,1,42.0,804
4.868972879260073,1,42.0,805
4.869570337631576,1,8.0,806
4.8701496217076565,8,2.0,143
4.870317193314585,1,47.0,807
4.872708983803852,6,4.0,695
4.875081421637499,1,54.0,808
4.875466927390242,1,2.0,809
4.87654664410606,6,56.0,761
4.87705636215599,2,5.0,810
4.877474356716954,1,36.0,811
4.877644424723539,1,32.0,812
4.878556385705728,6,9.0,467
4.8792147959840415,1,27.0,813
4.882427586113306,6,38.0,361
4.8831523307971345,6,13.0,338
4.885850032117784,1,10.0,814
4.886059629074333,1,6.0,815
4.886364971376297,6,10.0,349
4.886457564312224,1,33.0,816
4.886800486687408,6,1.0,795
4.8871039069822935,6,5.0,635
4.887482411996102,1,8.0,817
4.887584535916891,1,11.0,818
4.88862343793706,1,12.0,819
4.889825441054473,6,10.0,304
4.891950148831974,7,5.0,26
4.893481354089779,1,45.0,820
4.894815066666138,1,4.0,821
4.895949847455792,1,5.0,822
4.895976187473769,1,3.0,823
4.896236908623467,1,48.0,824
4.8969195374359,1,2.0,825
4.897141144136141,1,57.0,826
4.897841755406059,1,7.0,827
4.8993383305084,1,7.0,828
4.900651287741077,1,4.0,829
4.9008339611135465,1,20.0,830
4.902918360134805,8,59.0,647
4.903966789321065,6,32.0,206
4.9041255803730355,1,57.0,831
4.906067439453066,6,4.0,620
4.90798762937805,1,56.0,832
4.909037646158783,1,42.0,833
4.9102779641547585,1,5.0,834
4.913759553801793,7,45.0,254
4.915576618022024,1,5.0,835
4.915984607725418,6,4.0,290
4.9160593303112465,1,15.0,836
4.916830365283285,9,51.0,7
4.91823346242418,6,6.0,471
4.91972539895256,7,2.0,479
4.9229616465424595,1,5.0,837
4.923039758792496,1,14.0,838
4.923957283124805,1,1.0,839
4.924277750149382,1,27.0,840
4.924943018180518,1,36.0,841
4.925466910905256,8,46.0,474
4.928456561036219,6,5.0,739
4.9301090576929045,6,1.0,634
4.930673249500005,1,5.0,842
4.930746591463853,6,53.0,336
4.93247205601541,7,41.0,95
4.934321850806429,6,1.0,667
4.934858039829635,1,37.0,843
4.936098689314041,1,4.0,844
4.93611771103944,1,25.0,845
4.936304571839791,1,44.0,846
4.936989473543271,1,15.0,847
4.937712074854638,1,57.0,848
4.940704608618216,6,49.0,393
4.940918118713335,6,5.0,810
4.941334291329057,1,56.0,849
4.941500848812676,7,43.0,217
4.942534158183851,7,57.0,216
4.943383553098814,6,56.0,539
4.945690984574528,1,3.0,850
4.946608813319372,1,18.0,851
4.946779350683492,1,12.0,852
4.946812512485878,6,2.0,484
4.9474285401331635,1,4.0,853
4.94775533007095,6,7.0,566
4.947827074137449,6,7.0,363
4.950584345092808,1,50.0,854
4.9510101797529575,1,10.0,855
4.9523331497965986,1,9.0,856
4.954154872265691,1,41.0,857
4.954884471678128,1,2.0,858
4.958077344714761,6,36.0,811
4.95959240987589,6,46.0,777
4.96005005280552,1,44.0,859
4.96090276360518,6,50.0,854
4.962871800049933,1,50.0,860
4.963242149442058,6,1.0,512
4.964940636914427,1,44.0,861
4.965411686433271,1,60.0,862
4.967452964811107,1,15.0,863
4.970063001418658,1,3.0,864
4.97053488198013,6,48.0,793
4.970637244295707,1,14.0,865
4.971924965589709,1,15.0,866
4.9722840314866295,8,2.0,524
4.9728296828473235,6,56.0,513
4.972993605154867,1,22.0,867
4.97416328207307,1,40.0,868
4.974772709111809,6,9.0,204
4.975052836330459,1,47.0,869
4.975287783780946,1,5.0,870
4.9759036215779995,8,48.0,400
4.976880476932283,1,2.0,871
4.977184955992457,7,52.0,82
4.978231392655278,6,8.0,677
4.980477142574355,1,30.0,872
4.98076137631192,6,46.0,292
4.981282140319673,1,2.0,873
4.981749129638463,1,15.0,874
4.98220708184785,6,35.0,709
4.982704134467409,6,24.0,403
4.983086168678744,1,6.0,875
4.983804807728028,1,16.0,876
4.983918820969992,1,3.0,877
4.984354302599002,1,2.0,878
4.985262835918568,6,25.0,845
4.985548648790585,1,1.0,879
4.987782771185788,6,2.0,682
4.989489094915556,8,4.0,180
4.989494468863512,6,2.0,742
4.990887741751992,6,6.0,875
4.992771187104512,1,40.0,880
4.99348948561773,1,13.0,881
4.9937799203478095,1,1.0,882
4.995181451580629,6,10.0,355
4.995300351784303,6,5.0,870
4.995315476564115,6,44.0,846
4.995686308030919,6,7.0,572
4.995974047501197,1,57.0,883
4.996446448290014,1,2.0,884
4.996646319630498,7,1.0,485
4.998033237874451,6,2.0,799
4.998500934909533,6,3.0,694
4.999906587432092,1,8.0,885
5.000153600466618,18,,0
5.000229596974305,101,40.0,886
5.003747512326283,6,53.0,502
5.0043015304514356,18,,0
5.004381919356079,101,1.0,887
5.005499503280534,6,12.0,774
5.005761270255129,1,2.0,888
5.006169156257764,1,18.0,889
5.006250095615752,6,3.0,652
5.008322556487372,6,22.0,754
5.008993284896937,1,18.0,890
5.0091995466882135,6,1.0,839
5.010003315704969,6,43.0,768
5.010796879921977,18,,0
5.010803885946082,101,54.0,891
5.0129701041404875,7,8.0,280
5.013372864471083,18,,0
5.013589064264221,101,59.0,892
5.013850314265277,9,59.0,86
5.014322888297773,6,2.0,627
5.014347297023822,1,8.0,893
5.015268935311343,1,10.0,894
5.015288637931857,6,22.0,684
5.0159868553424145,18,,0
5.01602657272461,101,2.0,895
5.016748620747813,1,10.0,896
5.017430994287217,7,40.0,203
5.0187005262311954,6,39.0,460
5.018786721654137,1,5.0,897
5.019287244262671,7,58.0,53
5.020747318420167,1,3.0,898
5.021322509248447,1,16.0,899
5.023905155893164,1,4.0,900
5.024617747520395,6,1.0,604
5.025142414519637,6,25.0,787
5.025307254194071,8,1.0,887
5.025686464190162,1,10.0,901
5.027736988500331,1,50.0,902
5.028991768890067,18,,0
5.029017720509949,101,5.0,903
5.0296181569824725,18,,0
5.029661835037081,101,57.0,904
5.029816297373263,18,,0
5.029893132581402,101,33.0,905
5.031465432626062,8,3.0,652
5.032506768843222,18,,0
5.032576311113233,101,8.0,906
5.035485607226579,8,18.0,598
5.036040149341233,1,57.0,907
5.036477097521993,1,41.0,908
5.037087163584787,18,,0
5.037155387426586,101,53.0,909
5.037553843643352,1,31.0,910
5.037751071620093,6,3.0,772
5.039555741620567,1,40.0,911
5.040519754533199,18,,0
5.040567873167021,101,5.0,912
5.040655417669554,18,,0
5.040676095709843,101,22.0,913
5.040774570907284,18,,0
5.040820289914594,101,4.0,914
5.041168481347203,6,26.0,531
5.042780881960694,18,,0
5.042834530822029,101,5.0,915
5.043213899548085,8,46.0,777
5.043303254958922,6,1.0,509
5.044045014595226,1,24.0,916
5.046552374854002,1,51.0,917
5.047668106272526,6,47.0,666
5.04912041447928,1,6.0,918
5.049663539927638,6,54.0,629
5.051732859381224,1,34.0,919
5.0552396656989735,1,3.0,920
5.056909777315521,1,34.0,921
5.0571492992926235,6,8.0,885
5.0571700574870295,6,12.0,786
5.057868351956251,1,4.0,922
5.059719161410792,1,7.0,923
5.061923248165034,6,6.0,557
5.062832670175843,9,3.0,158
5.063659885709237,6,47.0,453
5.064799722671684,1,50.0,924
5.065459471014103,6,5.0,834
5.065459761039646,1,6.0,925
5.06690591798733,1,6.0,926
5.06798197578787,6,51.0,917
5.068864162282288,9,6.0,325
5.068964328082212,1,51.0,927
5.069236205100777,7,2.0,243
5.069780571482526,1,32.0,928
5.069960885175247,6,42.0,501
5.070846831126228,1,7.0,929
5.073850930573635,8,16.0,134
5.075867178575748,1,58.0,930
5.076650772680439,1,2.0,931
5.077670020387685,1,52.0,932
5.077983692659567,1,5.0,933
5.078167885056309,1,4.0,934
5.078283040047247,1,60.0,935
5.080376866611713,1,3.0,936
5.082923342746787,1,9.0,937
5.083069865525195,1,8.0,938
5.083421507158412,6,8.0,817
5.08501712645704,6,5.0,540
5.085027534234687,6,11.0,415
5.085247613740696,7,3.0,85
5.086420477448063,1,1.0,939
5.086712771960087,1,1.0,940
5.087791771766801,6,1.0,782
5.089571038066508,1,4.0,941
5.089699891221595,6,9.0,856
5.090542878525569,6,47.0,670
5.091124354401228,6,45.0,820
5.092843939339961,6,39.0,721
5.093130270769446,7,58.0,77
5.09379700903393,1,2.0,942
5.097627036656202,1,57.0,943
5.098065515491476,1,2.0,944
5.099228770841979,6,4.0,821
5.103537884851657,6,27.0,813
5.103701969602952,8,8.0,187
5.104580005713803,1,36.0,945
5.104640195456307,1,1.0,946
5.107494268703092,1,53.0,947
5.107620454798768,1,3.0,948
5.1085308062959145,9,45.0,30
5.108647078965921,6,51.0,927
5.111043537121216,6,35.0,736
5.111615335603457,8,41.0,382
5.111659496601693,1,58.0,949
5.11197189222171,1,21.0,950
5.114995800169882,1,3.0,951
5.115929853148665,6,3.0,936
5.116374531368131,1,6.0,952
5.1166734868453485,6,3.0,877
5.117035091412198,1,5.0,953
5.117524013046493,1,47.0,954
5.120155047404278,6,5.0,748
5.120928272347401,1,25.0,955
5.1257705695858995,6,7.0,636
5.126498487214679,1,41.0,956
5.126752851530632,7,3.0,330
5.126903527602296,9,10.0,248
5.130691490639575,1,4.0,957
5.1315783206859695,1,53.0,958
5.131987148066815,1,54.0,959
5.132067673887715,1,32.0,960
5.132085529210207,1,2.0,961
5.132675653243339,1,6.0,962
5.133376116903154,1,3.0,963
5.136478271772492,6,57.0,704
5.136671610003922,1,60.0,964
5.136702862823448,8,4.0,695
5.1371941884782,1,5.0,965
5.137344844087217,7,3.0,93
5.13765778101852,1,7.0,966
5.1383100194466875,1,4.0,967
5.138310138818997,1,13.0,968
5.138333783115436,6,6.0,715
5.139707107496601,1,6.0,969
5.140256892335345,1,7.0,970
5.141286152801123,1,9.0,971
5.1423796958986445,6,20.0,251
5.142616359434961,1,3.0,972
5.142925100663555,7,31.0,65
5.144083307168883,1,46.0,973
5.14446233141808,1,10.0,974
5.145443606187224,6,5.0,210
5.14576031011362,6,41.0,956
5.147387049035845,6,54.0,452
5.150861942691969,1,43.0,975
5.150885035302991,1,36.0,976
5.152972700140541,6,47.0,807
5.153322107999747,8,2.0,318
5.153404632698187,1,12.0,977
5.15452783186378,1,1.0,978
5.154939057209356,8,6.0,412
5.15716575794286,6,52.0,559
5.157710561255016,6,8.0,893
5.158633400878156,7,12.0,127
5.158660933434269,1,6.0,979
5.1594285234542125,7,50.0,375
5.159835242758707,6,2.0,785
5.160421709352607,7,3.0,272
5.160751318370298,1,5.0,980
5.161520506293882,6,5.0,933
5.162691345319551,1,4.0,981
5.162954433621377,1,44.0,982
5.163716740881324,6,3.0,920
5.164029991342099,7,33.0,174
5.164164474046486,1,25.0,983
5.165555650822882,1,51.0,984
5.16711790996353,6,3.0,494
5.1676761263115765,1,40.0,985
5.167809925316791,7,55.0,23
5.168858438053075,1,10.0,986
5.171590275513294,1,7.0,987
5.172120455103914,6,11.0,775
5.174007357895778,1,5.0,988
5.174873553895729,6,4.0,922
5.176993591001397,6,5.0,897
5.177314566482444,6,26.0,326
5.179487669906161,1,6.0,989
5.17966935154267,6,36.0,639
5.179881187875452,7,22.0,569
5.180674329844343,6,44.0,982
5.181267506682408,6,37.0,738
5.181711792647948,9,24.0,414
5.183264305885265,6,47.0,279
5.184770195935272,1,4.0,990
5.1853051222383995,6,41.0,758
5.185970786966425,6,38.0,586
5.1869761744001,1,3.0,991
5.187821058999721,1,56.0,992
5.188041671758086,1,3.0,993
5.189276486488249,6,4.0,507
5.189989101817807,6,1.0,632
5.190218972529625,6,3.0,898
5.190332766468414,1,55.0,994
5.192859042123935,8,4.0,498
5.192900272829879,2,9.0,995
5.193094938037349,6,1.0,763
5.193834503091155,1,5.0,996
5.194516644256692,1,28.0,997
5.194639295464117,1,10.0,998
5.195762351792755,6,2.0,638
5.195927440779819,6,3.0,951
5.196256193096942,6,6.0,567
5.196420149229999,6,6.0,962
5.19725116996391,6,15.0,836
5.198562650003456,7,46.0,381
5.201632862154863,1,55.0,999
5.202676289140089,6,9.0,730
5.204137373135878,6,50.0,789
5.205174629193568,6,40.0,868
5.205700634880702,1,3.0,1000
5.206326258407906,6,57.0,713
5.207359067630619,6,21.0,950
5.209005339263376,1,41.0,1001
5.209044988081216,2,9.0,1002
5.209396665420394,1,4.0,1003
5.209425234386578,7,39.0,12
5.211188300598277,6,46.0,231
5.212436542541188,1,59.0,1004
5.212687832193145,8,5.0,409
5.212960759281556,1,35.0,1005
5.213946298369716,1,14.0,1006
5.2159825458633735,1,59.0,1007
5.216106661596857,6,7.0,747
5.216183677873604,6,54.0,770
5.217293455684666,7,43.0,139
5.219539400169609,1,12.0,1008
5.223804990092165,1,10.0,1009
5.224908201227632,6,15.0,791
5.228298216301064,1,5.0,1010
5.2286764932765,1,2.0,1011
5.229098607783193,1,4.0,1012
5.229140665480126,1,2.0,1013
5.2296705116263995,6,44.0,766
5.230054806101951,6,22.0,867
5.23093697408544,1,51.0,1014
5.232087822475439,1,1.0,1015
5.232411859855551,1,8.0,1016
5.232655443542472,1,44.0,1017
5.23285724151817,1,54.0,1018
5.233886063201858,7,4.0,46
5.234550322022102,6,3.0,963
5.235561194889832,7,49.0,176
5.23590793902162,7,4.0,261
5.236037764638918,8,33.0,74
5.236348259698231,6,39.0,417
5.237152227859372,1,1.0,1019
5.238614937589286,6,47.0,697
5.239702090918771,1,51.0,1020
5.2400435275804815,1,2.0,1021
5.240240430514317,1,16.0,1022
5.240605783043943,1,7.0,1023
5.240880299476518,7,24.0,267
5.242045894921321,7,2.0,469
5.242223417816184,6,57.0,848
5.243203602588972,1,45.0,1024
5.244584473951795,6,2.0,1013
5.24506845843792,1,5.0,1025
5.245742327812879,6,8.0,680
5.246746428453241,1,5.0,1026
5.250210993305208,6,40.0,911
5.250779893843769,6,58.0,645
5.25081978090306,6,10.0,896
5.25123675129155,1,2.0,1027
5.251639678947748,1,15.0,1028
5.2523596207297345,1,1.0,1029
5.2524098498388865,1,3.0,1030
5.253137127729183,1,4.0,1031
5.253517555551846,6,2.0,486
5.2543428701033195,1,48.0,1032
5.254683678840217,1,13.0,1033
5.254902900422241,6,8.0,806
5.256816485722651,6,30.0,872
5.259020745632617,1,49.0,1034
5.259293232296684,1,7.0,1035
5.259999523573804,6,6.0,653
5.260170297288907,7,6.0,192
5.260514610558897,1,2.0,1036
5.2610918244882505,6,2.0,605
5.261104356661594,1,50.0,1037
5.262027961937897,6,10.0,814
5.262461486059156,6,25.0,955
5.26267902399933,1,3.0,1038
5.26356658093709,1,2.0,1039
5.264188289219455,1,6.0,1040
5.264534881711911,6,44.0,1017
5.264542103431089,1,21.0,1041
5.265089903629032,6,8.0,764
5.2660178837651035,1,1.0,1042
5.26717615915993,1,4.0,1043
5.267546769016626,6,2.0,706
5.267630862566537,1,1.0,1044
5.27038597137088,7,2.0,84
5.2704455115225075,1,2.0,1045
5.270606498569669,6,15.0,863
5.271356591794452,1,23.0,1046
5.272777348548921,1,45.0,1047
5.273760694263469,1,5.0,1048
5.274230746903149,2,30.0,1049
5.275550144609735,7,3.0,191
5.275886828541067,1,7.0,1050
5.278691374390061,6,3.0,661
5.279312004616477,6,3.0,100
5.280574212102262,6,9.0,937
5.281199153580881,8,26.0,531
5.281670446839465,1,8.0,1051
5.282302086981782,6,3.0,669
5.282754228169251,8,7.0,552
5.283861140890492,6,2.0,871
5.284022717926602,6,10.0,1009
5.284785984193922,2,3.0,1052
5.287526064973626,6,13.0,1033
5.287551633714948,1,60.0,1053
5.287783107063252,7,3.0,60
5.288171075913209,1,5.0,1054
5.288223207286006,6,4.0,900
5.288285333432869,1,51.0,1055
5.289260924367003,6,10.0,585
5.2893576105919395,1,5.0,1056
5.289871671871077,8,8.0,294
5.2915004562062675,1,56.0,1057
5.2915866092436294,7,17.0,160
5.293359107879003,6,54.0,808
5.293742976674059,8,54.0,891
5.294646609654151,1,1.0,1058
5.29473991496489,1,8.0,1059
5.295568730732227,1,37.0,1060
5.301583042152964,1,59.0,1061
5.3021550127569945,6,2.0,714
5.303217288689081,6,56.0,1057
5.304707829179643,9,6.0,412
5.304966044964387,1,4.0,1062
5.305782378498248,6,6.0,926
5.307608413848224,1,34.0,1063
5.309099330407235,6,16.0,876
5.309618423145385,1,2.0,1064
5.309882942448562,1,35.0,1065
5.310345626809796,1,1.0,1066
5.311217111298413,1,30.0,1067
5.311847947244496,6,3.0,692
5.311943476236589,7,2.0,263
5.312042312290425,1,6.0,1068
5.312303136321912,6,36.0,841
5.3129161361656605,6,7.0,1035
5.313863912527208,1,16.0,1069
5.3138902666849095,1,40.0,1070
5.314807830544415,8,2.0,332
5.31526889871657,1,1.0,1071
5.316140862232667,6,5.0,965
5.3167466055536305,6,11.0,436
5.317435038048281,6,4.0,934
5.317860933462273,1,28.0,1072
5.317879934477967,6,3.0,384
5.317984963783665,7,13.0,283
5.319550665670742,1,41.0,1073
5.319668666309579,1,1.0,1074
5.320377789204855,1,4.0,1075
5.322145594495371,8,44.0,766
5.322339633585796,6,2.0,878
5.322613195806245,7,3.0,353
5.322641099228212,1,5.0,1076
5.323372499110759,6,40.0,413
5.323730796714717,1,2.0,1077
5.32486550125003,1,1.0,1078
5.326811361513049,8,15.0,185
5.328103848384508,9,3.0,157
5.328107500826799,1,12.0,1079
5.328665063117537,6,12.0,977
5.328845357372667,1,1.0,1080
5.329090717977401,1,3.0,1081
5.329129542171556,1,45.0,1082
5.330702191000482,1,50.0,1083
5.3311738545894904,6,4.0,981
5.33167510187576,6,5.0,1026
5.332065651514983,1,59.0,1084
5.33288788053213,1,4.0,1085
5.333392194463489,6,3.0,991
5.333464564274348,1,49.0,1086
5.333754785202278,1,46.0,1087
5.333823807397349,1,14.0,1088
5.333826333908995,1,2.0,1089
5.334214248071689,8,22.0,913
5.33475950746176,1,7.0,1090
5.335288504392943,6,15.0,847
5.336076228417209,1,31.0,1091
5.336281279126879,1,1.0,1092
5.336984265187184,1,3.0,1093
5.33746039644537,6,58.0,665
5.338763740941999,1,30.0,1094
5.339046601154307,1,1.0,1095
5.342225645762092,1,39.0,1096
5.342473486983819,6,3.0,948
5.343351336403461,1,6.0,1097
5.345765036080376,1,3.0,1098
5.3464196579861065,1,16.0,1099
5.34704308876966,1,2.0,1100
5.347048013469533,7,6.0,276
5.347681153056477,1,51.0,1101
5.348403572110641,1,1.0,1102
5.350514545003772,6,18.0,594
5.352072265028848,6,5.0,1056
5.35231513865373,6,44.0,859
5.352741544729876,1,2.0,1103
5.352766655123732,6,1.0,1029
5.353061531108179,1,7.0,1104
5.353087993874164,1,55.0,1105
5.353098646513766,6,7.0,923
5.356229433767882,1,24.0,1106
5.356723918140558,1,6.0,1107
5.356747815994348,8,44.0,1017
5.356919840329357,6,13.0,796
5.357365454013202,1,3.0,1108
5.358546989812102,1,1.0,1109
5.360187256430392,1,26.0,1110
5.360231164551998,6,1.0,602
5.360794277131295,1,36.0,1111
5.361617957709522,1,48.0,1112
5.361636682395665,6,7.0,1104
5.362942829635609,6,10.0,716
5.363019353790043,1,17.0,1113
5.365072900582941,6,2.0,649
5.365344900705753,6,14.0,1006
5.365346967221282,1,5.0,1114
5.366501232789768,6,9.0,688
5.3666674681459074,1,45.0,1115
5.367305413903268,6,47.0,663
5.368483953488893,8,4.0,316
5.369008026519274,1,2.0,1116
5.369309419819786,6,5.0,837
5.369585307106647,6,51.0,431
5.3697808903384265,1,2.0,1117
5.369862720440643,6,3.0,142
5.371079686672886,6,46.0,282
5.371726970781126,1,2.0,1118
5.373171414641697,6,6.0,918
5.373297497447712,6,33.0,320
5.373747107629818,6,10.0,759
5.374675871237081,6,47.0,718
5.375508348593013,6,54.0,1018
5.375617207810045,1,11.0,1119
5.376659390250333,1,3.0,1120
5.38075017843824,6,1.0,331
5.3827044098792936,6,2.0,591
5.383654337434263,1,29.0,1121
5.383831701249912,6,13.0,968
5.385719637394497,6,41.0,857
5.386220349450452,6,22.0,420
5.386306919193722,1,51.0,1122
5.3867520290607285,1,52.0,1123
5.387135794080682,1,5.0,1124
5.387181737111501,1,1.0,1125
5.387820061425874,6,4.0,743
5.389344879050815,1,5.0,1126
5.38956447470389,6,1.0,345
5.390507296023675,1,1.0,1127
5.3907775363072075,1,5.0,1128
5.390896336327824,6,1.0,1071
5.392547863500274,1,47.0,1129
5.392722600630399,1,8.0,1130
5.394947092879285,6,4.0,1062
5.395463599933503,9,59.0,148
5.395992665698518,6,10.0,894
5.396021460717275,7,43.0,238
5.39732410224073,6,2.0,1045
5.3976823639404055,1,2.0,1131
5.3978623073976495,6,31.0,102
5.399834972305495,1,1.0,1132
5.400050244941891,1,5.0,1133
5.400537922234834,6,10.0,974
5.401277874766577,7,8.0,560
5.401461942651859,1,37.0,1134
5.401809812980934,1,58.0,1135
5.401914463559477,7,7.0,219
5.404201023219427,1,33.0,1136
5.404422158978181,1,3.0,1137
5.404432602343402,1,3.0,1138
5.406425703440271,1,2.0,1139
5.407635954719856,6,41.0,607
5.407847250069106,1,9.0,1140
5.408083176419088,1,38.0,1141
5.4106890630100395,1,14.0,1142
5.410963204899618,6,42.0,805
5.411269480616879,6,51.0,984
5.411394806887651,6,3.0,621
5.411425090517828,1,19.0,1143
5.411496020214514,1,5.0,1144
5.411586185638244,6,22.0,430
5.4134198134097025,1,46.0,1145
5.413661602282096,6,6.0,757
5.413768962641051,1,6.0,1146
5.414759595010003,6,41.0,744
5.4152704815697685,7,6.0,121
5.4153807129005616,1,43.0,1147
5.415439284214365,7,6.0,423
5.415600966483279,7,3.0,473
5.416168457887516,1,6.0,1148
5.417065635977285,1,1.0,1149
5.417172135922458,1,2.0,1150
5.4184847249605825,1,15.0,1151
5.419960246674949,1,51.0,1152
5.422175896624273,6,1.0,1149
5.422276829367896,7,46.0,380
5.42231413536081,1,4.0,1153
5.423936753663224,6,1.0,1080
5.4248648179897385,6,44.0,222
5.4251083917623895,1,3.0,1154
5.426353691759469,1,1.0,1155
5.428681664558542,6,2.0,1150
5.429451573847551,6,9.0,995
5.429598231068262,7,2.0,146
5.43045662128874,1,38.0,1156
5.431658275200068,7,6.0,311
5.431991976523248,6,1.0,551
5.4337249430348695,6,5.0,953
5.434914386059948,6,34.0,741
5.43518955548977,1,3.0,1157
5.435762893119594,1,2.0,1158
5.436540676235305,1,20.0,1159
5.43706372284541,1,4.0,1160
5.437127969461685,7,59.0,297
5.437484086184016,6,14.0,1088
5.437689947902881,1,1.0,1161
5.437865615766242,1,22.0,1162
5.438323451307444,1,2.0,1163
5.439148725140477,7,29.0,230
5.439588573264576,7,32.0,510
5.439785587005742,6,7.0,617
5.439966178697466,6,47.0,954
5.440486167380908,6,1.0,1109
5.440739997648206,1,8.0,1164
5.441111549476667,6,8.0,1016
5.4412162833710305,1,7.0,1165
5.441626053586805,6,5.0,1010
5.44178048329819,1,24.0,1166
5.44482753687063,6,4.0,1012
5.445123754207046,6,1.0,1019
5.445789448123149,1,2.0,1167
5.445932949329761,6,24.0,916
5.448169522613936,6,2.0,548
5.448316769232866,1,50.0,1168
5.44848297173478,1,1.0,1169
5.4489526431161535,6,18.0,851
5.449136486702053,1,2.0,1170
5.44992428288084,1,54.0,1171
5.454524950796091,1,18.0,1172
5.4546295895277375,1,45.0,1173
5.4547336698837485,6,7.0,537
5.4554143765956935,1,3.0,1174
5.455518827835466,1,46.0,1175
5.455981068090719,1,7.0,1176
5.456244691794756,6,34.0,488
5.4565315549290085,7,57.0,188
5.457153434015165,6,45.0,756
5.457280972560058,8,9.0,421
5.457420332870508,9,38.0,300
5.458937802356375,1,19.0,1177
5.459388596256978,1,9.0,1178
5.460784288732535,6,53.0,723
5.46095032825883,1,41.0,1179
5.462330447853166,7,52.0,209
5.462866798981693,7,1.0,112
5.463892949074985,7,53.0,447
5.464403477041543,6,3.0,1174
5.464878027903483,6,1.0,1092
5.465168025136616,6,5.0,980
5.465411431683493,1,34.0,1180
5.465896012155531,1,9.0,1181
5.466386052660645,1,59.0,1182
5.466467354229993,1,1.0,1183
5.467068289294419,1,35.0,1184
5.4685783577751215,1,37.0,1185
5.468713647763554,1,3.0,1186
5.470408472588337,8,58.0,410
5.470427606765259,6,8.0,577
5.470609668722416,1,42.0,1187
5.470804463182372,1,38.0,1188
5.471142399452615,1,14.0,1189
5.471333631765847,1,2.0,1190
5.471652897515732,6,28.0,997
5.471923809818778,7,19.0,81
5.472220894205128,1,13.0,1191
5.473632652311009,1,33.0,1192
5.474785037569735,6,8.0,1051
5.476420578682636,6,1.0,1066
5.476467208776474,1,21.0,1193
5.47773455242378,1,50.0,1194
5.478619520240837,1,45.0,1195
5.479311005214013,1,5.0,1196
5.479663814613811,6,3.0,1000
5.4801338637923545,6,37.0,1185
5.481579599634291,1,18.0,1197
5.481970890954883,6,1.0,1074
5.4826292586495695,1,4.0,1198
5.483282747554045,1,40.0,1199
5.483498122109327,6,5.0,1054
5.483570962415556,1,59.0,1200
5.483870046678707,6,2.0,657
5.484715210079919,7,51.0,71
5.484903560222491,1,3.0,1201
5.48559678862979,1,58.0,1202
5.485925074080071,6,1.0,882
5.4870104462658436,8,54.0,644
5.487600811350157,6,7.0,90
5.488267668094523,6,58.0,930
5.488722629564357,1,47.0,1203
5.489056574296526,6,38.0,725
5.49005168097595,1,42.0,1204
5.491737261474766,1,3.0,1205
5.492038617978802,6,7.0,611
5.492091019719693,1,46.0,1206
5.492635153383591,1,6.0,1207
5.494296251159324,1,4.0,1208
5.4958223534873305,6,57.0,943
5.496094208085408,1,57.0,1209
5.49721805660367,6,10.0,798
5.499066633090619,1,1.0,1210
5.499286316040225,6,2.0,306
5.50038154950534,6,38.0,1141
5.501956672564215,1,8.0,1211
5.502068213952606,8,27.0,367
5.502070727179635,9,1.0,18
5.502512671980717,1,42.0,1212
5.502694245049341,1,8.0,1213
5.502893172934981,6,5.0,842
5.504794330450886,1,8.0,1214
5.5061470035616304,1,51.0,1215
5.5062242484573,6,5.0,1144
5.510309241943823,6,33.0,456
5.510675581139775,6,18.0,1172
5.511117158372882,6,40.0,985
5.512109901415212,7,47.0,269
5.51254138590805,1,8.0,1216
5.513188535942037,6,2.0,654
5.513662445344957,6,2.0,944
5.513817200102476,7,5.0,232
5.514065278879762,6,7.0,587
5.514137654016423,6,2.0,873
5.514307471000386,1,38.0,1217
5.5150787489294535,1,8.0,1218
5.51588485215515,1,58.0,1219
5.516572188551168,6,27.0,503
5.517898291137462,1,54.0,1220
5.518196522000032,6,46.0,1206
5.518633954149176,7,13.0,533
5.51900804791768,1,2.0,1221
5.520173083906015,1,2.0,1222
5.5211072772325265,1,3.0,1223
5.521430882390831,1,7.0,1224
5.521483666813779,1,1.0,1225
5.521665021500506,6,45.0,1024
5.521724857384325,1,11.0,1226
5.524194476974949,1,8.0,1227
5.526434480491621,8,26.0,729
5.527535617620194,7,59.0,114
5.527665813899844,6,57.0,435
5.5282086017146765,1,12.0,1228
5.5282541718626685,6,37.0,1060
5.528973925298646,1,7.0,1229
5.529159533922535,1,48.0,1230
5.529648390878287,6,49.0,751
5.53014297049103,6,33.0,816
5.530800816703517,1,3.0,1231
5.5324471658981,6,3.0,1098
5.532474111280286,1,3.0,1232
5.532920759738963,6,5.0,1124
5.533224875397814,1,4.0,1233
5.533795575262423,6,1.0,978
5.534514468311686,7,40.0,348
5.534696530085409,1,8.0,1234
5.5348008479252995,1,7.0,1235
5.535323603946439,1,1.0,1236
5.536607133501101,6,2.0,700
5.537789539825592,1,2.0,1237
5.538233223327801,6,1.0,83
5.54027094576385,1,3.0,1238
5.541078504602743,1,15.0,1239
5.542498107775413,1,23.0,1240
5.542635729254175,1,6.0,1241
5.543320955491997,7,59.0,461
5.543440504669354,1,2.0,1242
5.544468677261165,6,2.0,1100
5.544856942483108,6,59.0,1200
5.545928688326554,6,52.0,478
5.547019563846267,8,10.0,468
5.547021043561514,6,1.0,724
5.547214774015095,9,9.0,150
5.547315340285054,1,10.0,1243
5.547351948684742,1,4.0,1244
5.547882215510359,1,54.0,1245
5.549142382510853,6,54.0,1220
5.553588301204222,6,9.0,402
5.5537531768193,6,35.0,1005
5.554585128923388,6,1.0,1132
5.554997784064469,1,4.0,1246
5.555240466597159,1,41.0,1247
5.555588139930725,7,4.0,266
5.557696460473612,1,1.0,1248
5.558750463685589,6,4.0,941
5.5594700685105805,1,57.0,1249
5.560168278332515,1,9.0,1250
5.560330387895189,1,1.0,1251
5.564245451352728,1,43.0,1252
5.5649789369267175,1,33.0,1253
5.565210924602349,6,1.0,281
5.5655110622814465,7,53.0,131
5.565582739567593,1,1.0,1254
5.565958802969224,1,1.0,1255
5.567100971932345,6,11.0,1119
5.567688851639489,6,1.0,1078
5.568183871091039,7,4.0,640
5.569344586187931,6,4.0,967
5.5696982158203125,1,53.0,1256
5.5699813276776755,6,4.0,829
5.570292877454614,6,50.0,720
5.571403674068694,6,53.0,459
5.571794680244903,6,2.0,220
5.573352632126569,1,5.0,1257
5.573897116533668,1,7.0,1258
5.574231769010108,6,6.0,1107
5.575977326834928,1,3.0,1259
5.57637626932312,1,8.0,1260
5.576379007647659,6,4.0,844
5.576474302880028,6,33.0,1192
5.577600376340715,1,5.0,1261
5.578601977203139,1,50.0,1262
5.57918005925692,7,9.0,291
5.580704378737257,6,2.0,1131
5.580844861534757,6,58.0,1219
5.581288108873158,1,2.0,1263
5.582063860544025,6,41.0,1247
5.583827024165527,1,1.0,1264
5.584068933425042,8,40.0,886
5.584413103808845,1,2.0,1265
5.584712044929974,7,2.0,264
5.585018155457169,8,33.0,816
5.585434564743776,9,26.0,729
5.585448017764057,1,2.0,1266
5.586225293527451,1,8.0,1267
5.589101751241201,7,6.0,472
5.590526456528604,8,37.0,1185
5.590675259600208,1,1.0,1268
5.591116824619623,1,22.0,1269
5.592292691556915,1,33.0,1270
5.594060314720567,6,21.0,213
5.594533764067561,6,57.0,907
5.594697040074894,1,9.0,1271
5.594997482498849,6,16.0,520
5.595129608444856,1,60.0,1272
5.596320897669039,1,17.0,1273
5.596983689617052,1,12.0,1274
5.597202540851753,1,5.0,1275
5.597640129591521,8,41.0,956
5.598922393108029,1,33.0,1276
5.599992570927605,6,1.0,687
5.601945934478541,6,1.0,608
5.6021493343574695,1,5.0,1277
5.602243898434165,6,4.0,1160
5.602512479293969,1,12.0,1278
5.603880009109511,1,49.0,1279
5.604039447957179,6,46.0,526
5.604524493532035,7,36.0,625
5.605141440836895,1,56.0,1280
5.6054246269458865,1,10.0,1281
5.605451793980639,1,1.0,1282
5.605579722532156,1,34.0,1283
5.605675835469391,6,3.0,189
5.605838457254907,1,26.0,1284
5.60599080027618,1,18.0,1285
5.60629693363197,7,1.0,626
5.608253741502605,7,49.0,171
5.608554606857388,1,40.0,1286
5.608661476059552,1,47.0,1287
5.609824351167125,1,7.0,1288
5.610893206368194,6,5.0,536
5.612478190981433,6,4.0,1208
5.612574117014127,1,5.0,1289
5.614317016062968,1,37.0,1290
5.615047663147987,6,12.0,819
5.6154030610190135,1,7.0,1291
5.616674993968418,1,4.0,1292
5.616879285200084,1,32.0,1293
5.617062437238152,6,1.0,273
5.618333676710147,1,44.0,1294
5.618631758626687,9,5.0,419
5.619126997839248,9,15.0,185
5.619853374846494,6,41.0,1179
5.620756938396951,7,14.0,181
5.621563937530584,6,36.0,945
5.622915852765353,1,8.0,1295
5.623870911784486,7,60.0,309
5.62389857900765,6,59.0,1182
5.62501400660279,1,57.0,1296
5.625045694428461,1,1.0,1297
5.625201701037166,6,9.0,599
5.625237432895014,6,2.0,1021
5.626102913589014,6,5.0,1289
5.627368225649839,8,45.0,408
5.627657413600361,7,47.0,666
5.628110703404203,6,30.0,1049
5.628241828099124,1,1.0,1298
5.628590252607689,6,51.0,1122
5.628987394175343,1,5.0,1299
5.629141798278528,1,51.0,1300
5.629500772243498,2,1.0,1301
5.631669892941641,1,2.0,1302
5.632018234706872,1,1.0,1303
5.632456759717805,6,45.0,1047
5.633414295191165,1,27.0,1304
5.634501597892801,1,2.0,1305
5.635431806108152,1,20.0,1306
5.636373852198877,1,6.0,1307
5.6364080067030615,6,1.0,939
5.636957502898855,1,6.0,1308
5.637456825100961,1,12.0,1309
5.638203216744697,8,53.0,909
5.638326348390965,1,43.0,1310
5.638614385174363,6,2.0,597
5.639181963710669,1,9.0,1311
5.639411601956841,7,1.0,612
5.639541587045446,1,19.0,1312
5.640056983137029,1,9.0,1313
5.640786752948252,6,20.0,1159
5.64301427495481,6,32.0,960
5.643747453829117,1,43.0,1314
5.646460179222772,6,43.0,1252
5.646876220487463,6,51.0,1152
5.646917027884934,1,28.0,1315
5.647130164772448,7,35.0,709
5.647758222007479,1,44.0,1316
5.648201508683535,6,3.0,1052
5.64874370001077,1,11.0,1317
5.64943484667373,1,36.0,1318
5.650021338077534,1,3.0,1319
5.650355010639755,6,5.0,442
5.651323873004301,1,28.0,1320
5.652247221458714,9,9.0,360
5.6537344210206335,1,3.0,1321
5.655528815978126,1,49.0,1322
5.656287518236109,2,9.0,1323
5.657002579575161,8,8.0,817
5.657608707406496,1,40.0,1324
5.657609270677749,1,53.0,1325
5.6577180527919175,6,48.0,606
5.65893901378262,1,14.0,1326
5.659241153993609,6,31.0,797
5.659458092610579,7,1.0,54
5.6603034068175635,6,39.0,555
5.661098069758174,1,48.0,1327
5.661146021507866,6,33.0,1136
5.661304948037123,8,7.0,537
5.6613740420801415,6,12.0,450
5.661543824664669,6,3.0,389
5.661554713495113,1,9.0,1328
5.662073498509672,1,9.0,1329
5.662353761692745,1,20.0,1330
5.662971599310518,7,2.0,443
5.663122344834887,1,16.0,1331
5.663196646950429,1,59.0,1332
5.663466453964698,1,9.0,1333
5.664077039228327,1,35.0,1334
5.666760185825628,1,6.0,1335
5.667736939349285,1,35.0,1336
5.667809139132556,9,33.0,74
5.667898310593642,1,6.0,1337
5.668250379281762,6,44.0,1316
5.668468338330042,7,3.0,383
5.668509825849243,1,4.0,1338
5.669935646278588,1,9.0,1339
5.670419432384623,6,52.0,1123
5.670513140436879,6,21.0,1193
5.670731865013168,1,5.0,1340
5.671020859594871,7,6.0,703
5.672458786636026,6,3.0,1093
5.672657808515408,1,29.0,1341
5.673180420750195,6,2.0,668
5.674121612448696,7,4.0,394
5.6747004765105595,6,57.0,1249
5.675137004293246,1,1.0,1342
5.675504122254264,7,2.0,252
5.675887012403363,1,5.0,1343
5.67864189732585,1,3.0,1344
5.679226509342015,1,54.0,1345
5.679377977725577,7,1.0,563
5.681595391403328,1,16.0,1346
5.682114487573945,1,6.0,1347
5.683749767597067,1,45.0,1348
5.685472344550212,1,1.0,1349
5.686145176242336,1,2.0,1350
5.686151013783651,1,46.0,1351
5.686158729654175,1,57.0,1352
5.6867729562801355,6,2.0,1158
5.687097522960417,1,1.0,1353
5.688322985325945,1,30.0,1354
5.690303332307637,7,34.0,274
5.691449778979488,7,59.0,16
5.691838586976358,1,48.0,1355
5.691935416961141,7,9.0,202
5.692789458669262,1,5.0,1356
5.694241808227655,7,9.0,132
5.694629860644087,7,38.0,361
5.695366806938517,6,9.0,1178
5.69652730202232,1,3.0,1357
5.698961540254317,1,7.0,1358
5.6992554221109835,6,5.0,123
5.69956491849713,6,2.0,1064
5.701150252328681,1,7.0,1359
5.701350912346529,1,46.0,1360
5.70137812615045,1,7.0,1361
5.70157798215951,6,6.0,989
5.702553712478432,6,27.0,233
5.7028416678755,1,44.0,1362
5.703349690550169,6,2.0,434
5.704501688629941,7,2.0,529
5.704815400588825,1,51.0,1363
5.705591672593012,1,4.0,1364
5.706343176147146,6,2.0,1222
5.706770255610147,1,2.0,1365
5.708179684593243,1,2.0,1366
5.711700185779327,1,18.0,1367
5.712053803038032,7,6.0,495
5.712064817030312,1,43.0,1368
5.712394195283021,1,40.0,1369
5.713330939028801,1,7.0,1370
5.7134438411360895,6,57.0,107
5.713457441516192,6,2.0,1302
5.713459677539944,8,5.0,915
5.715311338072022,6,1.0,10
5.715339053591492,9,25.0,388
5.715717827931316,6,58.0,949
5.716944372171666,1,24.0,1371
5.717273869526484,6,12.0,852
5.718352263589577,1,8.0,1372
5.720697063934701,1,5.0,1373
5.721071318885341,1,1.0,1374
5.721307678412404,1,3.0,1375
5.722159939729701,1,8.0,1376
5.723045412274629,8,7.0,747
5.723910006490798,6,2.0,825
5.724663815517577,1,2.0,1377
5.725563345111361,1,56.0,1378
5.725666520417876,1,30.0,1379
5.725953327075425,1,9.0,1380
5.726146106472913,7,42.0,501
5.726396988837376,1,39.0,1381
5.7275248301322925,1,12.0,1382
5.728011377090135,1,58.0,1383
5.728552460334753,7,5.0,739
5.728597110229654,6,7.0,693
5.729787266033162,1,9.0,1384
5.730022936035799,6,8.0,1216
5.730133301894512,1,2.0,1385
5.731007170591892,6,3.0,1344
5.731416585731189,1,6.0,1386
5.731702330187341,1,1.0,1387
5.732129418295321,6,3.0,124
5.732281638012565,6,35.0,1184
5.732941330883185,1,3.0,1388
5.733487625414423,7,6.0,470
5.733527129609494,7,7.0,572
5.734872838633779,1,1.0,1389
5.735834110553913,9,6.0,58
5.736594282157158,6,1.0,800
5.736816828643779,7,57.0,596
5.73692200305624,6,58.0,1202
5.737954461774941,1,46.0,1390
5.738167949754722,1,4.0,1391
5.738501377324706,7,58.0,377
5.739125877010321,1,8.0,1392
5.740003135038365,1,52.0,1393
5.741314135490903,6,1.0,879
5.741431203796511,6,14.0,865
5.742092506248017,7,5.0,140
5.742468872347222,1,1.0,1394
5.742900232947851,1,22.0,1395
5.742962695321239,1,17.0,1396
5.743335770621044,1,50.0,1397
5.743477840752604,1,28.0,1398
5.744040432774893,7,10.0,349
5.745615593261881,1,4.0,1399
5.746076061265588,1,14.0,1400
5.746771744836334,1,2.0,1401
5.747707700226796,1,1.0,1402
5.747863243006312,6,4.0,1399
5.74882563377088,6,3.0,864
5.751386051880685,1,2.0,1403
5.751820053033466,7,5.0,492
5.751861360406643,8,37.0,738
5.753419612718867,1,4.0,1404
5.753625811574736,8,30.0,405
5.753778927668421,6,49.0,327
5.754239338699745,6,8.0,1059
5.754531673454398,1,1.0,1405
5.75496490687954,6,3.0,1186
5.755967044743798,1,57.0,1406
5.755979947875398,1,15.0,1407
5.7562543109874715,1,16.0,1408
5.757740474482627,1,34.0,1409
5.757872006871219,1,1.0,1410
5.75832480256094,6,9.0,1002
5.758812703380437,1,4.0,1411
5.758897511591506,6,1.0,760
5.759757172438194,1,5.0,1412
5.7605648921957195,1,3.0,1413
5.76126638329354,6,40.0,1199
5.76155237982216,6,34.0,1409
5.761804700786015,1,43.0,1414
5.761875244495446,6,7.0,753
5.761920029560994,1,1.0,1415
5.762568355158704,6,1.0,313
5.764042777269208,1,1.0,1416
5.76421342803713,9,41.0,956
5.76427862731732,6,3.0,1375
5.765059564880426,6,7.0,1370
5.765173020953391,6,8.0,1218
5.765400765583849,6,48.0,824
5.76642174122747,1,53.0,1417
5.766488904543525,6,2.0,1103
5.766825752283859,6,2.0,801
5.767262757604835,1,20.0,1418
5.767883283160625,1,3.0,1419
5.767922252316394,6,50.0,1194
5.767930060927723,1,59.0,1420
5.768183465958004,7,1.0,662
5.768219427744462,1,52.0,1421
5.77114917617474,6,58.0,1383
5.771196423176054,7,3.0,208
5.7720450565105486,1,10.0,1422
5.7721333417712675,6,41.0,508
5.773399060234489,1,1.0,1423
5.774330445798599,1,1.0,1424
5.775212637170529,1,44.0,1425
5.775449041511561,6,37.0,624
5.777082979917819,6,33.0,1270
5.777179999450892,1,34.0,1426
5.777353412434193,7,8.0,354
5.7777745551724164,1,16.0,1427
5.778012560335804,1,7.0,1428
5.778016109783115,1,24.0,1429
5.779033833468772,1,4.0,1430
5.779115494792394,1,8.0,1431
5.779430201797744,1,58.0,1432
5.781005923252831,1,3.0,1433
5.7810996059014785,6,42.0,600
5.781182276977955,6,3.0,392
5.781354780545447,1,6.0,1434
5.782090610283433,7,4.0,550
5.782248867080273,6,57.0,422
5.782904501579108,1,35.0,1435
5.783803388204238,1,3.0,1436
5.784092841785647,1,3.0,1437
5.785075629421814,1,15.0,1438
5.785855538450955,1,1.0,1439
5.786186751689098,1,5.0,1440
5.786581243949136,6,2.0,961
5.78693905813439,6,7.0,444
5.787263168396798,9,41.0,382
5.788294186477757,6,54.0,1171
5.78904648635209,6,5.0,1356
5.78907245041323,6,1.0,1423
5.78920365754344,1,3.0,1441
5.789483807530589,1,2.0,1442
5.790271555917442,7,43.0,768
5.790981629616622,1,7.0,1443
5.791398012471733,1,3.0,1444
5.791681113602676,7,1.0,212
5.7941275703705974,1,3.0,1445
5.79514813789006,1,52.0,1446
5.795158382920153,6,3.0,993
5.795290558201199,6,42.0,683
5.796217509019252,1,33.0,1447
5.796772819509051,1,16.0,1448
5.797182727835192,1,1.0,1449
5.797744019294691,6,7.0,1358
5.798314317493755,6,8.0,1130
5.798362422755165,9,60.0,99
5.799165403202748,6,2.0,1385
5.799569659283883,6,24.0,1429
5.80135950985374,1,4.0,1450
5.801432598950701,6,57.0,883
5.801595061537134,1,50.0,1451
5.803030740292879,7,2.0,245
5.803600220891848,6,7.0,342
5.803712983628232,1,13.0,1452
5.80470699516955,6,37.0,616
5.804877930528188,6,43.0,365
5.804895549759455,1,5.0,1453
5.805564305271103,1,5.0,1454
5.805685055576969,6,8.0,780
5.805720492716034,2,29.0,1455
5.805878100390017,1,54.0,1456
5.806353251464468,1,46.0,1457
5.806499483483621,1,56.0,1458
5.806499691178151,1,2.0,1459
5.807562101426142,1,6.0,1460
5.808739047867742,6,3.0,1154
5.808950019623397,1,60.0,1461
5.809317553147395,1,10.0,1462
5.810005713838494,8,52.0,406
5.810255410337967,6,46.0,1175
5.810286268853639,7,3.0,59
5.810477058879327,1,1.0,1463
5.8110645197457265,6,33.0,1253
5.811542279150449,1,2.0,1464
5.8131000611680586,1,5.0,1465
5.813436242587965,1,4.0,1466
5.814894599331791,6,5.0,750
5.815074523908879,6,11.0,518
5.816722841974859,6,14.0,691
5.817108981114899,1,54.0,1467
5.817457225452665,1,34.0,1468
5.817556893364923,1,35.0,1469
5.819447550733054,7,4.0,631
5.819923258491819,7,47.0,163
5.8215565774198765,1,3.0,1470
5.821591050360949,6,1.0,1303
5.823930161908418,6,7.0,1235
5.824129189406477,6,50.0,1451
5.826271508213562,6,41.0,637
5.827260297525556,1,8.0,1471
5.830839656405698,1,25.0,1472
5.830908648174377,1,48.0,1473
5.831063531524764,1,1.0,1474
5.832600649701525,6,23.0,1240
5.832685599787814,6,1.0,1015
5.832789876299475,1,41.0,1475
5.833114343748354,6,57.0,1352
5.8338150064188055,1,24.0,1476
5.834212118421558,1,5.0,1477
5.834568826585364,6,3.0,1108
5.834866221667475,1,1.0,1478
5.8352327529546715,6,5.0,731
5.83574807621286,6,1.0,1058
5.837763291506391,1,1.0,1479
5.838812967530195,1,30.0,1480
5.8389093011723245,1,54.0,1481
5.838942989454141,6,48.0,1230
5.839640557148097,1,53.0,1482
5.8422113734915815,1,3.0,1483
5.8437691680173245,1,7.0,1484
5.844319950768654,1,1.0,1485
5.84514525262144,6,8.0,1234
5.845586221302083,7,4.0,681
5.8462963674145225,6,4.0,1411
5.8468191984970685,6,30.0,1067
5.848215773338466,1,4.0,1486
5.848524529128218,1,2.0,1487
5.848817364610298,6,5.0,996
5.849129679286453,6,36.0,1111
5.849216424988013,1,12.0,1488
5.849305318269033,7,1.0,333
5.850051434711164,8,33.0,905
5.850245940469348,6,3.0,1232
5.850517648098162,1,2.0,1489
5.8508699325426425,1,10.0,1490
5.850893394683054,6,1.0,553
5.851007918398444,1,8.0,1491
5.852570228204843,7,3.0,936
5.85381214625775,1,15.0,1492
5.854014168988452,7,5.0,590
5.85407478107645,1,17.0,1493
5.8557559301426565,1,5.0,1494
5.85585898426817,1,54.0,1495
5.856491742467698,6,7.0,1229
5.856679731736797,9,6.0,126
5.856717703388184,1,23.0,1496
5.857470872562309,6,22.0,1162
5.8576563194487195,1,32.0,1497
5.857717387509391,1,3.0,1498
5.8584552896857724,6,11.0,727
5.859179808355754,1,7.0,1499
5.861217027053133,1,6.0,1500
5.861554828754313,1,5.0,1501
5.861704118122468,6,53.0,1325
5.86176485839879,6,5.0,835
5.861910824450795,6,3.0,1231
5.862460219160992,1,16.0,1502
5.862495335403137,1,7.0,1503
5.863312020135005,7,5.0,323
5.864170832149167,1,3.0,1504
5.864266778113323,1,5.0,1505
5.864716207887335,1,7.0,1506
5.865324500770203,1,4.0,1507
5.865588806057246,7,33.0,429
5.865720609865994,6,10.0,855
5.866616637115143,6,28.0,1315
5.866983580262008,1,53.0,1508
5.867351430508042,6,17.0,1396
5.867644244445151,1,5.0,1509
5.867784218427183,6,16.0,1427
5.8678631559821195,6,1.0,1282
5.868089488076092,1,17.0,1510
5.869461888398069,6,50.0,902
5.869688935157215,6,11.0,505
5.86973614090509,6,10.0,1462
5.869886301121271,6,5.0,1133
5.870461927642788,6,53.0,437
5.870930856077886,1,5.0,1511
5.8722102905754054,1,1.0,1512
5.873193611515639,6,43.0,1368
5.873286383613866,7,6.0,653
5.873384579829085,9,60.0,98
5.873760669946506,7,3.0,302
5.873760669946506,16,3.0,302
5.874391967961334,1,20.0,1513
5.875080270134937,1,4.0,1514
5.8758782063021595,7,6.0,471
5.87596581837534,1,19.0,1515
5.876068734734043,1,29.0,1516
5.876098406924413,7,18.0,528
5.8776952667475975,1,1.0,1517
5.878586952155651,6,3.0,1483
5.879039067569487,9,22.0,913
5.879713736618873,1,54.0,1518
5.879908283920117,1,56.0,1519
5.880622402080884,6,6.0,1241
5.880966361113697,1,39.0,1520
5.881043195186229,6,25.0,424
5.881767164390552,1,3.0,1521
5.882247716876244,6,8.0,1267
5.88239434515774,1,17.0,1522
5.88316087844296,6,5.0,1454
5.883507540535037,6,60.0,1272
5.884115829776558,1,7.0,1523
5.8842215140077645,6,40.0,1070
5.88456210387277,1,4.0,1524
5.885082970980047,9,21.0,544
5.8883256385998735,1,41.0,1525
5.888547818330029,8,52.0,559
5.888681588301003,1,22.0,1526
5.88911375557236,1,36.0,1527
5.889639894783158,1,41.0,1528
5.889794624643882,1,1.0,1529
5.889955018385668,8,4.0,981
5.890207695621853,6,1.0,1236
5.890386042651928,6,47.0,1203
5.890695229491923,1,9.0,1530
5.8912826843508,1,1.0,1531
5.8914870061775195,1,4.0,1532
5.892053131307451,6,2.0,351
5.892339495551194,6,4.0,1338
5.894232733239811,1,2.0,1533
5.895390074700544,1,6.0,1534
5.896091221218487,6,2.0,858
5.896420958463944,1,15.0,1535
5.897153057809908,1,7.0,1536
5.897524596286688,1,4.0,1537
5.8978305661162835,6,30.0,1379
5.898320623554781,7,6.0,376
5.898464037645123,6,15.0,874
5.898957765426129,1,3.0,1538
5.8991472932294835,6,20.0,1418
5.901738796312114,9,19.0,247
5.902415243402169,6,7.0,987
5.902915270958284,6,1.0,1394
5.9029797969790465,1,3.0,1539
5.9039952571705925,1,6.0,1540
5.9042896483315666,6,9.0,358
5.904625952738774,1,3.0,1541
5.904758106684009,1,48.0,1542
5.905202703944325,6,2.0,1116
5.905690033629188,7,9.0,648
5.9072740693028845,6,55.0,357
5.9074354437376755,6,59.0,1332
5.907636102732598,1,27.0,1543
5.907984339376795,1,3.0,1544
5.9093833403065785,9,8.0,294
5.910207208892786,1,47.0,1545
5.91262034111849,6,42.0,804
5.914201294772278,7,47.0,149
5.914427497826755,1,2.0,1546
5.915039333650456,6,29.0,1455
5.915185336815462,1,14.0,1547
5.915258628604139,1,1.0,1548
5.915594009452788,1,60.0,1549
5.916348015423786,6,20.0,719
5.917050887587947,6,2.0,1350
5.918911920093782,6,20.0,830
5.919645960866074,6,46.0,1351
5.9201015877803105,1,9.0,1550
5.920264138302189,1,4.0,1551
5.920644538268557,1,3.0,1552
5.922552972884707,6,59.0,1007
5.923012790181087,6,8.0,745
5.923272782187153,6,46.0,973
5.924340571209407,8,1.0,724
5.925810549581588,1,53.0,1553
5.926999834352859,6,1.0,295
5.927292449820591,7,1.0,604
5.927446727773804,6,1.0,1415
5.927732131740391,1,8.0,1554
5.9287654557161105,7,58.0,562
5.929062632956966,7,37.0,141
5.929464984951051,1,35.0,1555
5.929674612099435,6,5.0,678
5.932411839116162,6,57.0,826
5.932418557888283,7,1.0,32
5.932691456554577,7,23.0,177
5.933003876010585,8,5.0,903
5.933422486401685,1,14.0,1556
5.933942107822077,6,40.0,1369
5.934304537354155,6,19.0,788
5.9359039460283,1,19.0,1557
5.93594457352423,6,53.0,958
5.935985083409077,6,1.0,1529
5.936140901352568,1,57.0,1558
5.93639406542349,1,10.0,1559
5.936453596827916,6,54.0,1481
5.937534974027285,7,2.0,303
5.937549333911514,6,3.0,734
5.937722723664691,1,2.0,1560
5.938335224179985,6,34.0,1426
5.9398983915287085,1,9.0,1561
5.94081259536873,1,9.0,1562
5.941627148359005,1,43.0,1563
5.941707960422987,6,5.0,1299
5.942330226900564,6,3.0,1538
5.942380529359517,1,4.0,1564
5.943579312514781,7,25.0,679
5.9438245648573025,6,3.0,1319
5.944301530974771,7,34.0,497
5.94451370303918,6,2.0,1366
5.944768352613708,1,29.0,1565
5.944800278380853,1,12.0,1566
5.944860716564219,1,46.0,1567
5.945239111369818,6,4.0,1003
5.946528174175534,1,58.0,1568
5.946557846639214,1,8.0,1569
5.946773667028443,1,7.0,1570
5.947687501395411,6,1.0,347
5.94784497138256,1,39.0,1571
5.947902067124135,7,56.0,369
5.948318871697106,6,3.0,1223
5.948342292979558,1,2.0,1572
5.950685250002574,6,12.0,1079
5.950856565788092,1,41.0,1573
5.951709345638465,1,4.0,1574
5.951824495298351,6,48.0,686
5.951868622691768,7,14.0,198
5.95187096679548,6,13.0,881
5.952076523921981,1,1.0,1575
5.953351661009669,6,46.0,1567
5.953701295668913,1,27.0,1576
5.954034132031133,7,9.0,584
5.955474079268338,1,23.0,1577
5.956219420242697,7,7.0,363
5.957388071930743,8,8.0,893
5.957461113652049,1,6.0,1578
5.957526942683356,7,5.0,834
5.957608344311925,1,22.0,1579
5.957939455501842,6,58.0,1135
5.958213084422631,6,48.0,1542
5.958491259493905,1,4.0,1580
5.95935239470053,9,3.0,618
5.959818028229515,1,56.0,1581
5.96010419705564,1,44.0,1582
5.960433246559015,7,39.0,721
5.960992106474375,1,4.0,1583
5.962596909226706,6,4.0,957
5.9638180738117645,6,7.0,1288
5.964272313909116,7,20.0,234
5.966305584605223,1,3.0,1584
5.966360084341002,6,3.0,476
5.966744756704623,6,3.0,1498
5.966801876224611,6,15.0,1239
5.9685007236728875,1,37.0,1585
5.969089414721801,1,2.0,1586
5.969665650046513,6,33.0,1447
5.970642042123405,6,1.0,1255
5.971219679357537,1,1.0,1587
5.9717204310223915,1,6.0,1588
5.972042413105649,6,6.0,428
5.972727944815505,1,16.0,1589
5.973344591323543,1,55.0,1590
5.9737211759731315,6,27.0,840
5.974057760094247,1,52.0,1591
5.9759317184771445,1,6.0,1592
5.976790188330081,1,52.0,1593
5.977017555680369,6,7.0,827
5.977145715293494,1,5.0,1594
5.978068220351639,1,1.0,1595
5.978547065652935,6,4.0,1391
5.9791095708851305,1,2.0,1596
5.979472386729869,6,2.0,628
5.982034451449791,1,4.0,1597
5.983403043734906,6,18.0,1285
5.983632430882393,1,4.0,1598
5.98383831360947,1,9.0,1599
5.983968449485678,1,33.0,1600
5.984367932717102,1,3.0,1601
5.984642546752045,1,1.0,1602
5.984877959829545,6,54.0,675
5.985729878711537,1,9.0,1603
5.98581011856241,1,1.0,1604
5.986861088511443,1,2.0,1605
5.987327525998679,1,32.0,1606
5.987467821939788,6,42.0,1187
5.987841615360225,1,3.0,1607
5.988722482317565,1,29.0,1608
5.988755459170907,1,5.0,1609
5.989389779411665,1,9.0,1610
5.991080283330369,1,31.0,1611
5.991328060064752,1,1.0,1612
5.99135730470239,1,9.0,1613
5.992412490693074,1,5.0,1614
5.995117890423493,1,5.0,1615
5.995142109373256,1,5.0,1616
5.996737400799393,6,14.0,1326
5.996754814981586,1,2.0,1617
5.996786862989286,6,35.0,1334
5.996793867364753,1,53.0,1618
5.997571104592693,8,35.0,1184
5.997654192202845,1,3.0,1619
5.997706874911531,1,33.0,1620
5.998024173482022,6,1.0,699
5.998513785871874,1,5.0,1621
5.998789928713182,7,3.0,416
5.999339412444736,1,5.0,1622
5.999441833013298,1,1.0,1623
6.000305622618291,18,,0
6.000315687238343,101,5.0,1624
6.000444013336927,1,45.0,1625
6.0021659012849495,6,1.0,1410
6.003198566547794,7,47.0,440
6.003459896135818,6,46.0,1145
6.003586399239135,6,25.0,983
6.0039753222832415,7,36.0,811
6.004060427769921,18,,0
6.004177238030295,101,1.0,1626
6.004350903643224,1,2.0,1627
6.004607604434219,1,5.0,1628
6.004874384379516,6,51.0,1215
6.005753408740276,6,42.0,833
6.006506955277244,1,4.0,1629
6.007369368618455,6,52.0,932
6.007447431983611,6,60.0,659
6.0077739476729395,1,49.0,1630
6.008522465310119,1,3.0,1631
6.009590734324178,9,5.0,915
6.009854362283259,18,,0
6.009889101263358,101,1.0,1632
6.0105086536666334,6,24.0,195
6.0111061472245275,1,7.0,1633
6.011991992229511,8,2.0,407
6.012063996065435,1,3.0,1634
6.013026861924257,1,1.0,1635
6.013307037859446,1,10.0,1636
6.013473932159601,1,34.0,1637
6.014998512035024,1,46.0,1638
6.015126327823764,6,3.0,1584
6.015520474815183,1,57.0,1639
6.016474557917866,1,4.0,1640
6.017099318237343,8,50.0,630
6.017993893098241,1,27.0,1641
6.018257433616009,8,4.0,914
6.018815387694874,6,2.0,1266
6.019029490193123,18,,0
6.01906717283843,101,16.0,1642
6.019395700874579,2,21.0,1643
6.019504635542052,1,35.0,1644
6.01987124356153,1,12.0,1645
6.019941284534671,6,1.0,1405
6.01995807669489,1,35.0,1646
6.020100147167731,1,5.0,1647
6.020265195533032,1,1.0,1648
6.020396381001758,1,5.0,1649
6.0205568804194405,18,,0
6.020704123256583,101,1.0,1650
6.020903507480499,6,59.0,1420
6.021462143041623,6,35.0,1555
6.021727881418946,1,1.0,1651
6.0219828214700994,6,6.0,1040
6.022115119367151,7,54.0,770
6.022206917951655,1,4.0,1652
6.024452366026649,1,48.0,1653
6.02487252481292,9,40.0,886
6.024933984352212,6,25.0,749
6.025064217331964,1,2.0,1654
6.025366497830121,18,,0
6.025382128029287,101,50.0,1655
6.025421480940966,6,9.0,1140
6.0260768131664175,1,9.0,1656
6.026300242968321,18,,0
6.026317165724419,101,37.0,1657
6.026956018576752,1,14.0,1658
6.027415192901288,1,12.0,1659
6.028216571121591,6,49.0,1630
6.0282219052006765,1,10.0,1660
6.028501436422379,9,2.0,524
6.028616472544533,1,8.0,1661
6.028681419135577,6,9.0,623
6.029012632505367,1,2.0,1662
6.029021596756732,1,1.0,1663
6.0291355716772195,9,44.0,155
6.029463471452866,18,,0
6.029464718003932,101,8.0,1664
6.02961586149598,1,39.0,1665
6.030733671914096,7,26.0,676
6.030978667875284,6,49.0,1322
6.0310480367761015,18,,0
6.031132455988685,101,1.0,1666
6.031136510050659,1,3.0,1667
6.031204612590042,1,3.0,1668
6.0315253359308265,1,35.0,1669
6.03244884349766,1,1.0,1670
6.03309549280749,6,8.0,1491
6.033812480470641,18,,0
6.033834775528084,101,11.0,1671
6.034096364678898,1,9.0,1672
6.034168162209487,1,22.0,1673
6.0348195757914915,18,,0
6.034859827527234,101,54.0,1674
6.035365415330345,6,16.0,542
6.035705803319368,1,5.0,1675
6.036208463215801,1,51.0,1676
6.036251950792254,1,2.0,1677
6.037201651705667,7,46.0,288
6.037327561135401,18,,0
6.037336917547228,101,7.0,1678
6.038424624460864,2,11.0,1679
6.039175949871121,8,2.0,484
6.03923478938942,9,5.0,173
6.039564084885521,18,,0
6.0397565151049655,101,3.0,1680
6.040111151659645,6,40.0,277
6.040292613814311,6,9.0,1271
6.0404065196791255,1,13.0,1681
6.041043423484801,18,,0
6.041047849043755,101,6.0,1682
6.04199981051951,7,3.0,669
6.0433339288881545,18,,0
6.043425339406454,101,4.0,1683
6.043634584449442,18,,0
6.0436823749989985,101,38.0,1684
6.043784409482499,1,5.0,1685
6.043946943018278,1,7.0,1686
6.044605255292894,1,6.0,1687
6.045627663744799,6,2.0,1401
6.046560974704225,1,11.0,1688
6.046714689799324,7,1.0,782
6.047020883285821,1,2.0,1689
6.047471118511407,1,3.0,1690
6.048081843484603,18,,0
6.048090291534721,7,19.0,490
6.04811574950808,6,24.0,1371
6.048136207878256,101,20.0,1691
6.048631866460219,1,56.0,1692
6.04865232013886,18,,0
6.048709284746258,101,3.0,1693
6.049077674241124,1,3.0,1694
6.049793083253172,6,59.0,1061
6.050194523277523,1,54.0,1695
6.051464483976956,7,56.0,133
6.053417568815262,1,32.0,1696
6.05448896462332,1,3.0,1697
6.054589928278335,6,37.0,1290
6.054923793006969,6,1.0,200
6.055364074765428,1,18.0,1698
6.055810874792594,1,6.0,1699
6.057571307005983,6,2.0,315
6.058990712790527,1,43.0,1700
6.060291962006688,1,4.0,1701
6.060588399743021,1,6.0,1702
6.060858658346019,1,6.0,1703
6.060981307841003,1,50.0,1704
6.061258536995328,6,48.0,610
6.061883479200902,1,56.0,1705
6.0621029879948445,1,27.0,1706
6.062311975593022,6,2.0,451
6.063261602722063,1,2.0,1707
6.063262375174477,1,27.0,1708
6.063904610980675,7,24.0,250
6.063972194186034,6,59.0,1084
6.064495561651106,6,13.0,781
6.064956776060456,7,3.0,287
6.065198148403965,1,11.0,1709
6.065424924546286,6,9.0,1561
6.065707190460822,6,5.0,1614
6.065922810594603,1,4.0,1710
6.066404793276806,6,34.0,1283
6.067046646755775,1,13.0,1711
6.067090574713095,1,5.0,1712
6.0676960495120245,1,48.0,1713
6.06817036058724,1,14.0,1714
6.0683051334824185,7,1.0,1019
6.068434166474771,1,32.0,1715
6.0688430402204725,6,54.0,959
6.0691016785213465,1,49.0,1716
6.069253015602201,1,1.0,1717
6.069301835795364,1,2.0,1718
6.069642978097955,1,4.0,1719
6.069644463794882,1,36.0,1720
6.070203115532149,6,14.0,1400
6.070630402970064,1,23.0,1721
6.071167586562205,8,3.0,1052
6.071710683633504,1,11.0,1722
6.071740438668404,1,1.0,1723
6.07393006137538,1,2.0,1724
6.074184773824173,8,3.0,1693
6.074897589664568,8,40.0,868
6.075582563701371,1,2.0,1725
6.075884485498797,6,19.0,1312
6.076539793997449,1,25.0,1726
6.077239249887529,6,12.0,1278
6.077448952711713,6,2.0,673
6.077902183068307,6,5.0,1453
6.078189216066096,6,39.0,1665
6.0788436208104795,9,2.0,407
6.080928740275559,6,50.0,1262
6.081327401304318,7,51.0,135
6.081454311860322,6,1.0,1342
6.081960516858428,6,60.0,1053
6.082060651097242,6,53.0,475
6.082294019050785,6,58.0,656
6.083144969002399,6,1.0,1349
6.083609090049263,1,1.0,1727
6.083679111863038,6,52.0,1591
6.083687988237921,6,53.0,1553
6.084108449864955,6,12.0,746
6.0845099956300785,1,59.0,1728
6.084729746794514,8,5.0,145
6.085080228041149,7,2.0,438
6.085433033629699,1,8.0,1729
6.0854498861921495,9,2.0,143
6.0854498861921495,16,2.0,143
6.085651475213364,6,10.0,499
6.0857879602467975,6,8.0,1295
6.086091743899509,1,3.0,1730
6.086169420683628,6,27.0,1576
6.086843706211426,7,10.0,974
6.086978093741627,1,8.0,1731
6.087525057450032,6,4.0,1153
6.087689056617155,6,1.0,344
6.088268649140683,1,46.0,1732
6.088686465951123,1,1.0,1733
6.089037119000013,1,4.0,1734
6.089330789289471,7,50.0,194
6.090140579055259,1,11.0,1735
6.090250252041179,1,56.0,1736
6.090853535061568,6,5.0,1505
6.091823019897674,6,22.0,1526
6.0928847214700985,1,30.0,1737
6.093154991996181,7,22.0,867
6.093673203866561,6,49.0,1034
6.09424926894569,8,6.0,962
6.094342787558932,7,44.0,516
6.096262331807,1,51.0,1738
6.096640823933241,7,4.0,329
6.096933229338716,1,17.0,1739
6.098015806288031,1,49.0,1740
6.098120807186048,1,1.0,1741
6.098410665077495,1,3.0,1742
6.098916335997907,6,60.0,740
6.09896492924046,1,2.0,1743
6.099756585010729,6,38.0,1217
6.0999289596147825,6,4.0,1629
6.100036000128922,6,48.0,1355
6.1008017461222925,9,10.0,468
6.102813174894984,1,42.0,1744
6.102969575112381,1,41.0,1745
6.1042992478353995,6,22.0,1269
6.104397204139891,6,58.0,1432
6.105372678759718,8,51.0,917
6.106614726548478,1,41.0,1746
6.107532390302245,6,6.0,1588
6.109380459165754,6,54.0,1518
6.111984477376307,6,4.0,1734
6.112159167451504,1,2.0,1747
6.112538637988426,1,56.0,1748
6.113654915990089,1,48.0,1749
6.11409144249291,6,1.0,1733
6.114314265867884,6,6.0,1702
6.115256136006569,6,4.0,541
6.116611035349882,1,7.0,1750
6.116788958021569,6,1.0,1512
6.117046589917544,1,3.0,1751
6.117375612190924,8,7.0,1678
6.118580053938764,1,6.0,1752
6.119560133952689,7,44.0,211
6.1196562068150655,9,3.0,426
6.119688277692223,6,23.0,1496
6.120506535254714,1,36.0,1753
6.120694542506588,7,49.0,214
6.121165115447479,1,21.0,1754
6.124290968260817,7,45.0,595
6.1259002982718505,1,55.0,1755
6.1261041570912775,8,2.0,1302
6.126110326239961,6,46.0,1360
6.126188702745328,6,27.0,224
6.126254292214365,6,1.0,1248
6.1267129577134956,6,13.0,1681
6.127070691128646,1,8.0,1756
6.128232470295747,1,10.0,1757
6.128235646377941,6,57.0,1406
6.128391503842322,1,14.0,1758
6.128429207751645,6,3.0,1157
6.129037229214832,1,2.0,1759
6.12922452248237,6,46.0,1638
6.129605318542191,1,2.0,1760
6.129797771636512,1,6.0,1761
6.130067100639072,6,6.0,1097
6.130183174401896,1,5.0,1762
6.130320698816691,6,1.0,1095
6.130958263887449,6,3.0,1437
6.130964068459004,6,2.0,1305
6.131630721797514,6,16.0,1502
6.131644517577965,6,6.0,815
6.132400047141154,6,5.0,822
6.132511045388819,1,3.0,1763
6.1327821266712945,6,3.0,708
6.132829838806223,6,51.0,1738
6.133028025887319,6,1.0,1575
6.134090572820529,1,3.0,1764
6.134722518659582,6,19.0,707
6.1351133905681055,7,54.0,808
6.135859253858639,6,2.0,1560
6.136099868730771,8,25.0,749
6.136222495974498,6,3.0,1081
6.136604704069779,7,7.0,404
6.13714142133814,1,5.0,1765
6.137413845721471,6,5.0,1128
6.137520743425932,7,18.0,31
6.14049372602405,1,18.0,1766
6.141326465355164,1,17.0,1767
6.142760934204129,1,5.0,1768
6.14450036593455,1,9.0,1769
6.145142577175072,6,12.0,1228
6.1452378816743565,1,2.0,1770
6.145720297941141,8,54.0,1674
6.145768323824324,6,48.0,70
6.146076236862705,1,57.0,1771
6.1463617118190665,6,19.0,655
6.146416711085586,2,5.0,1772
6.146910721685005,6,48.0,1713
6.147133730647356,6,8.0,1372
6.147411827574963,8,5.0,748
6.1474193231311265,6,36.0,976
6.147869265786899,1,2.0,1773
6.148358313104712,7,6.0,487
6.148386574745713,6,9.0,1328
6.148486087517712,1,10.0,1774
6.149414285445162,1,50.0,1775
6.149646809007014,6,3.0,1321
6.149915518428192,1,3.0,1776
6.150564146878505,1,6.0,1777
6.150928155377498,6,5.0,643
6.150981496733934,1,5.0,1778
6.1520460518214835,6,22.0,1395
6.152726774890404,1,27.0,1779
6.153811457671062,1,5.0,1780
6.153918679495187,6,8.0,1214
6.1541602421124395,1,26.0,1781
6.154595973040344,6,8.0,1569
6.155698572895116,6,3.0,1541
6.1560527247265675,6,21.0,289
6.15986234316711,7,14.0,265
6.160843359603711,6,14.0,1547
6.161274049607384,6,18.0,890
6.161336393699115,1,2.0,1782
6.161655820126855,1,1.0,1783
6.1617091194965345,9,8.0,187
6.162961630741509,6,19.0,1515
6.163193306114547,1,1.0,1784
6.165507083937329,1,3.0,1785
6.16582400480952,6,52.0,1446
6.166361759493665,7,5.0,286
6.166683609207127,1,58.0,1786
6.166906090999184,8,1.0,509
6.167161149095191,6,8.0,938
6.1676028403373175,6,43.0,543
6.167911004059506,8,3.0,708
6.168156787686338,6,50.0,1704
6.168233553396148,1,31.0,1787
6.168848035036144,6,2.0,809
6.169497706862301,6,30.0,1480
6.169516696459017,6,3.0,1544
6.169856915711245,6,1.0,1548
6.1699176699294105,1,2.0,1788
6.170883375458961,1,33.0,1789
6.17114574095646,1,2.0,1790
6.1713125619396525,1,7.0,1791
6.171914978118248,1,10.0,1792
6.172055792834915,1,3.0,1793
6.172149393099521,6,1.0,672
6.172388383705592,6,2.0,1489
6.173351691008629,1,5.0,1794
6.174366758277258,8,2.0,1266
6.175206819184868,6,28.0,1398
6.176450667418675,1,7.0,1795
6.176628926662144,6,7.0,1503
6.17670125086714,1,3.0,1796
6.177071362720566,7,3.0,772
6.1775641496774805,6,5.0,1440
6.177865856945362,6,6.0,1335
6.179042416128891,1,2.0,1797
6.179172642177476,1,17.0,1798
6.179192160822537,6,5.0,1465
6.1809228714532525,1,26.0,1799
6.180992748910524,2,6.0,1800
6.181288679305188,6,32.0,778
6.181684875855492,7,2.0,397
6.182010908698901,6,9.0,1181
6.182815598517175,6,54.0,1695
6.182850321102914,6,13.0,1711
6.1836868826355325,6,52.0,1421
6.184808016905527,6,1.0,1783
6.184843636164551,1,3.0,1801
6.185100343758273,6,2.0,701
6.185430941556733,6,3.0,1764
6.18598309411185,1,2.0,1802
6.186196766794526,1,39.0,1803
6.1872871999017685,1,8.0,1804
6.187307115488972,1,8.0,1805
6.187752200759391,6,2.0,1662
6.188275779830199,1,2.0,1806
6.188498167122605,1,4.0,1807
6.188613197068567,1,5.0,1808
6.189214488791592,1,10.0,1809
6.190402001170021,1,56.0,1810
6.190922785418579,1,58.0,1811
6.1913597198319685,1,17.0,1812
6.191412685230816,1,51.0,1813
6.191888814193778,9,2.0,318
6.192161322535222,1,27.0,1814
6.19254886148305,1,52.0,1815
6.192880638071041,6,3.0,1801
6.193437258271704,2,5.0,1816
6.19352242893505,1,1.0,1817
6.193525881456678,9,3.0,237
6.19365176204017,1,2.0,1818
6.1938621298418886,1,9.0,1819
6.193883773072652,1,8.0,1820
6.194573768395763,1,3.0,1821
6.195388906517112,1,59.0,1822
6.196041018092869,1,38.0,1823
6.197173660814635,8,57.0,943
6.197174668076179,1,4.0,1824
6.197241569243558,1,6.0,1825
6.198339157504722,6,6.0,1687
6.198697573465131,1,4.0,1826
6.1989401391382675,6,10.0,901
6.200653281311152,6,56.0,1378
6.201214211198933,6,17.0,1767
6.201298469047171,6,1.0,167
6.20142989493729,7,15.0,791
6.2023450754995455,9,2.0,332
6.202486106709344,1,7.0,1827
6.202606631211635,1,2.0,1828
6.202756036436162,6,38.0,319
6.202785230391334,1,56.0,1829
6.203172545088432,1,47.0,1830
6.203643646388903,8,45.0,820
6.204367012831165,1,5.0,1831
6.204692251896661,6,48.0,1032
6.206468203366626,6,21.0,592
6.206942530280576,6,3.0,802
6.207093128143268,8,13.0,881
6.207604000477024,8,37.0,1657
6.207635326003977,1,5.0,1832
6.208222435037806,1,4.0,1833
6.210131174091112,6,15.0,1407
6.210899174918554,8,5.0,1124
6.212000337149149,8,58.0,462
6.212251404798526,7,6.0,875
6.212524469077188,1,7.0,1834
6.213517104063742,6,39.0,1381
6.213785149407946,1,6.0,1835
6.213854086336344,1,2.0,1836
6.2141815529899604,6,9.0,1311
6.21431940907388,1,13.0,1837
6.21518740385109,1,19.0,1838
6.216016072816797,1,18.0,1839
6.216179487666334,6,1.0,1717
6.216721686515023,1,3.0,1840
6.216816263477366,1,36.0,1841
6.217419964631506,1,13.0,1842
6.217770352703497,1,3.0,1843
6.218035277373376,7,10.0,1009
6.218099503334892,1,49.0,1844
6.218744760194677,1,33.0,1845
6.219082753931634,1,2.0,1846
6.219200615804968,1,4.0,1847
6.219521408955793,6,7.0,1750
6.219846009406943,1,48.0,1848
6.221223764501984,7,52.0,129
6.221446651585476,6,2.0,1572
6.221783112630583,1,42.0,1849
6.223139812667834,6,5.0,1794
6.223353423118224,1,4.0,1850
6.2234060754683345,1,5.0,1851
6.223985472781218,1,11.0,1852
6.2242425995482025,1,44.0,1853
6.224386466432581,1,30.0,1854
6.22449468158872,6,45.0,1173
6.224530557856577,6,14.0,1658
6.225238102519368,6,3.0,1631
6.2252866678919565,6,10.0,1809
6.225664692297225,6,10.0,998
6.225863330097187,1,6.0,1855
6.226896594491931,6,1.0,1127
6.227045160765788,1,5.0,1856
6.2277421980756404,6,1.0,1298
6.227847734602632,6,8.0,1227
6.228946415127361,1,4.0,1857
6.229420836563714,1,13.0,1858
6.229601866952246,6,37.0,843
6.229757362281443,1,7.0,1859
6.229843801674328,6,10.0,1757
6.230046838022293,1,5.0,1860
6.2304542097936375,6,6.0,1460
6.231673925299791,1,9.0,1861
6.232546254086472,1,6.0,1862
6.233411115645756,1,8.0,1863
6.234076055645019,6,44.0,861
6.2341491776662865,1,5.0,1864
6.236755481052149,7,26.0,326
6.237073506399522,1,5.0,1865
6.237272218920019,1,3.0,1866
6.238129048350874,8,1.0,1733
6.2388448452391305,1,3.0,1867
6.2388754266983755,1,6.0,1868
6.2391323875197156,6,1.0,940
6.239699807931306,9,51.0,917
6.240024325655546,1,1.0,1869
6.241359348865243,6,3.0,1552
6.242459394116265,6,1.0,433
6.243193788687465,1,51.0,1870
6.243324792125254,6,55.0,554
6.243868518458598,9,52.0,406
6.244564702310357,6,56.0,717
6.24600820770962,1,54.0,1871
6.246816020378897,6,39.0,1571
6.24890964811619,1,14.0,1872
6.249540485546123,1,7.0,1873
6.25109752201595,1,3.0,1874
6.252272949021195,9,8.0,817
6.2523956639749,1,23.0,1875
6.25255601141491,6,16.0,104
6.252634530488819,1,5.0,1876
6.254117347818816,7,3.0,1098
6.254336265090305,1,35.0,1877
6.254497042064831,1,15.0,1878
6.255576480135838,6,54.0,1495
6.2556656443723115,6,3.0,1120
6.256409307214758,1,7.0,1879
6.256842599221508,6,33.0,1600
6.256964279283261,6,11.0,1852
6.257350353967722,1,9.0,1880
6.257618924148831,1,1.0,1881
6.25774294688968,7,42.0,312
6.25803873102569,6,4.0,1430
6.258578183213732,1,12.0,1882
6.25867208716182,6,10.0,1636
6.258878492980912,1,50.0,1883
6.2596451991020645,6,60.0,642
6.260840757013971,1,3.0,1884
6.2609944150335215,6,23.0,1046
6.261169887088053,7,51.0,463
6.261876097023646,1,6.0,1885
6.262525388126417,1,2.0,1886
6.26337467059461,6,55.0,466
6.263409809404187,1,1.0,1887
6.263520524213877,1,5.0,1888
6.264662331094438,1,16.0,1889
6.264704737141902,6,36.0,1318
6.2649250411904065,6,6.0,1703
6.265451763028576,7,2.0,515
6.26636383094638,6,36.0,308
6.2671841435471185,6,13.0,455
6.2672734634885305,1,32.0,1890
6.267915026097711,1,7.0,1891
6.268811191738745,6,4.0,1486
6.2693482315822315,6,7.0,1791
6.269659277733196,1,54.0,1892
6.269862477057512,7,50.0,720
6.270055387462167,6,12.0,1645
6.270200945552172,1,2.0,1893
6.27059749419667,1,12.0,1894
6.270694054306929,7,54.0,622
6.27076747619151,1,2.0,1895
6.271335663491893,6,1.0,1387
6.271432172180776,1,7.0,1896
6.272806437279025,6,4.0,1833
6.273451682832731,7,10.0,271
6.273482065508043,1,45.0,1897
6.273730786158537,8,22.0,420
6.274422979602948,6,48.0,1848
6.274467730484118,1,1.0,1898
6.27481951377878,6,2.0,1725
6.275659550181399,1,57.0,1899
6.276799145793514,6,3.0,615
6.2777531704190395,6,7.0,929
6.27794291749248,1,2.0,1900
6.278143790812213,1,13.0,1901
6.278235242851626,6,33.0,1845
6.278416640373099,1,2.0,1902
6.278672565953143,1,2.0,1903
6.279159062227377,6,49.0,1716
6.280869556837592,6,5.0,1373
6.2816516433831096,1,57.0,1904
6.282114679929148,6,7.0,970
6.282439953892607,6,16.0,1889
6.282832823151738,1,3.0,1905
6.283026010156088,1,1.0,1906
6.283070893100653,1,6.0,1907
6.283602922292518,6,3.0,1419
6.2839513843689545,6,14.0,1714
6.283996466738162,1,2.0,1908
6.284074019106006,1,7.0,1909
6.284407452515135,8,3.0,1081
6.285996638465685,6,17.0,1113
6.2860369332496076,7,5.0,210
6.286094817943536,1,2.0,1910
6.28613540358414,6,19.0,301
6.286453618400455,1,15.0,1911
6.286602341823781,1,1.0,1912
6.287335276778713,1,50.0,1913
6.28741921693732,1,27.0,1914
6.2874418195519315,1,1.0,1915
6.287971234010122,1,1.0,1916
6.288637422835717,6,5.0,1615
6.288653078856652,1,7.0,1917
6.288834526606406,7,2.0,170
6.28883863906165,7,11.0,1119
6.28891565412139,1,4.0,1918
6.289287983314186,1,19.0,1919
6.289539291604985,1,13.0,1920
6.289998518487954,7,20.0,68
6.290042642482834,6,1.0,1663
6.2902138806588574,6,5.0,1816
6.290664748137883,6,4.0,1918
6.290931773104543,6,5.0,1712
6.291032137860843,1,3.0,1921
6.291336939818171,7,14.0,314
6.291996555508322,1,53.0,1922
6.292937132286214,7,13.0,545
6.293112925437523,7,20.0,398
6.29378436090442,1,25.0,1923
6.294486097212906,1,2.0,1924
6.295533053199467,1,1.0,1925
6.29590188042995,8,54.0,452
6.295911691252139,7,24.0,229
6.296660118281392,6,41.0,1001
6.297625184680786,6,30.0,1854
6.297975510771241,1,40.0,1926
6.298442980457437,6,48.0,1653
6.298636603116901,1,8.0,1927
6.299449965700224,1,1.0,1928
6.299570675143149,1,3.0,1929
6.300011634142171,6,9.0,1562
6.300223604610516,6,2.0,1221
6.301236424785532,7,48.0,1542
6.30130267283724,1,15.0,1930
6.3015052608754765,6,3.0,1238
6.302214851037867,7,9.0,467
6.302342652889504,1,3.0,1931
6.303075272795904,1,20.0,1932
6.304426776942365,6,13.0,1452
6.30457145053721,1,1.0,1933
6.304736857952915,1,45.0,1934
6.305272735270889,1,38.0,1935
6.305863185660493,6,43.0,1314
6.305881942252944,1,12.0,1936
6.306277604268956,1,1.0,1937
6.30628932290482,1,1.0,1938
6.306744080236738,6,13.0,1858
6.307008188835154,7,8.0,305
6.307639385195314,1,24.0,1939
6.307701839121709,1,7.0,1940
6.30799411586788,6,7.0,588
6.308201494385851,1,2.0,1941
6.309108454379517,6,21.0,1041
6.3097805067781225,7,44.0,846
6.310550555351993,6,35.0,1065
6.310918956362553,6,13.0,1920
6.310981786752424,6,2.0,1036
6.311009424391136,6,7.0,776
6.311412539002642,7,18.0,94
6.312303803330174,1,3.0,1942
6.31410673989524,6,44.0,1425
6.315177364787857,2,3.0,1943
6.317776611308195,6,56.0,849
6.3180516483197104,1,1.0,1944
6.319670290658168,1,8.0,1945
6.320803451993468,6,4.0,1075
6.320896786387268,7,1.0,101
6.321272942064144,7,3.0,1093
6.321314067387437,1,3.0,1946
6.321753236993489,1,13.0,1947
6.322114923877962,6,41.0,1073
6.322164027942726,1,54.0,1948
6.322386043580089,6,6.0,1800
6.322585327289487,1,3.0,1949
6.323063889121943,6,2.0,1546
6.32315501532117,1,53.0,1950
6.323668848423837,1,19.0,1951
6.323693354669814,1,56.0,1952
6.324189662992111,6,4.0,1719
6.324316393770169,1,3.0,1953
6.32552705258019,1,5.0,1954
6.325742411229487,8,34.0,1283
6.327197253914189,1,2.0,1955
6.327733656052158,1,1.0,1956
6.328061127713615,6,5.0,1025
6.328153997958861,1,40.0,1957
6.328311676035108,6,5.0,1860
6.328369190311543,1,10.0,1958
6.328415283504515,6,3.0,1445
6.3288834574481765,1,7.0,1959
6.329567554563752,6,3.0,589
6.330204271937524,7,12.0,819
6.330287989970338,6,5.0,1343
6.330603838535705,1,24.0,1960
6.3308367543340625,1,2.0,1961
6.331030619105462,6,4.0,1580
6.331551518812091,7,26.0,359
6.331999119904528,6,15.0,1492
6.332740673816627,1,18.0,1962
6.33291493826419,7,49.0,393
6.333363223345598,1,9.0,1963
6.333792339643772,6,6.0,1752
6.334371726372525,6,7.0,1523
6.334575830129114,6,2.0,1770
6.335010898962584,6,1.0,1389
6.335126138884602,6,1.0,1161
6.335411872512987,1,15.0,1964
6.335589318679892,1,13.0,1965
6.335794417128411,1,51.0,1966
6.335903913261982,6,27.0,1779
6.336176851150225,1,2.0,1967
6.336366315314126,1,53.0,1968
6.336513578991366,1,54.0,1969
6.336587798008054,6,44.0,1294
6.336724497525438,1,30.0,1970
6.337028374629456,1,4.0,1971
6.33712586578608,1,1.0,1972
6.337739390680197,1,43.0,1973
6.337740582142622,6,1.0,1784
6.337947719760231,6,1.0,1938
6.338092862865173,1,60.0,1974
6.338120679229565,1,4.0,1975
6.339037448312717,7,5.0,1133
6.33932130553218,1,6.0,1976
6.3393364005176505,6,51.0,1020
6.339559886390473,1,16.0,1977
6.339790560262886,6,6.0,1699
6.339927672852826,6,60.0,564
6.34003122336098,6,1.0,1402
6.340416903714182,9,4.0,498
6.340578253262315,1,51.0,1978
6.341149463593164,1,9.0,1979
6.34243988019953,6,2.0,445
6.342861678372859,1,35.0,1980
6.34324736068568,7,53.0,755
6.344094510364736,1,1.0,1981
6.345414916883173,1,1.0,1982
6.3466312419327116,1,9.0,1983
6.346938823012415,1,31.0,1984
6.347166983025686,8,4.0,1486
6.347202478954232,1,5.0,1985
6.348175087512551,1,1.0,1986
6.348779087014608,9,48.0,400
6.3489136987122325,9,46.0,172
6.348982984620994,1,42.0,1987
6.349034105477718,8,13.0,781
6.3503810986495095,6,1.0,1982
6.35075582430838,1,34.0,1988
6.351581281133834,6,7.0,1834
6.352739360771362,8,1.0,1982
6.353136141525328,1,1.0,1989
6.353742562185271,1,3.0,1990
6.3539185283754,6,3.0,1929
6.354399373706693,1,3.0,1991
6.354544350157601,1,59.0,1992
6.3548803594194645,6,1.0,1297
6.355046355206841,6,2.0,1459
6.355191564880642,1,2.0,1993
6.355365438499109,6,4.0,1537
6.35578784498963,1,7.0,1994
6.35621765583035,9,1.0,887
6.356891843032041,6,7.0,1795
6.3572692389217424,1,3.0,1995
6.357560852331647,1,5.0,1996
6.357639994122415,6,43.0,1310
6.358541059860994,1,47.0,1997
6.358680113008393,1,33.0,1998
6.358942732230444,6,2.0,1027
6.359413138796537,8,51.0,927
6.359704198649011,6,3.0,1943
6.3598229245520095,6,5.0,1412
6.359956821585196,1,28.0,1999
6.360999909502059,2,4.0,2000
6.361659453190517,1,38.0,2001
6.361823257174828,1,4.0,2002
6.361847615815131,1,42.0,2003
6.362839833627742,1,29.0,2004
6.363195262601595,7,15.0,863
6.363968664408689,1,2.0,2005
6.364136105699605,1,3.0,2006
6.364658832676506,6,15.0,1964
6.364889987463135,1,12.0,2007
6.365425077305067,6,2.0,1167
6.365461876283667,1,5.0,2008
6.36676283461432,9,22.0,420
6.367154329676495,6,2.0,726
6.36787389230658,7,3.0,228
6.368082924275108,1,22.0,2009
6.36820962880232,1,7.0,2010
6.368458169995408,1,1.0,2011
6.368578991109505,7,3.0,877
6.368814914119138,2,29.0,2012
6.36906257813961,6,30.0,1354
6.3691925741384585,6,5.0,1649
6.369246849285732,6,31.0,910
6.369528703125227,1,5.0,2013
6.370241820142273,1,3.0,2014
6.370687620478237,6,8.0,1376
6.371169200522614,6,45.0,1195
6.371488208827403,1,19.0,2015
6.371973860355214,1,7.0,2016
6.372194218430328,6,10.0,1281
6.374323837499721,1,9.0,2017
6.374355661044815,6,8.0,1945
6.3748047233657275,8,6.0,1699
6.374838645997226,6,6.0,1835
6.374842614140704,6,59.0,1822
6.375439621885209,7,10.0,759
6.376464062109001,1,6.0,2018
6.376492328521898,7,4.0,507
6.376860010934312,1,26.0,2019
6.377242577790883,6,3.0,1905
6.377386542729665,6,51.0,1966
6.377444375071785,6,34.0,921
6.379316757585281,6,2.0,1893
6.380230009394189,1,23.0,2020
6.382130999544015,1,5.0,2021
6.382508100991192,8,47.0,1203
6.382539217523531,1,4.0,2022
6.382618040549089,1,1.0,2023
6.383069426926178,6,1.0,1602
6.383240610758881,7,1.0,331
6.383525356687354,8,57.0,614
6.38359082013111,6,54.0,1467
6.384118063350407,6,11.0,1317
6.384231879946454,1,6.0,2024
6.384739204003291,1,27.0,2025
6.385044498160664,1,57.0,2026
6.3852030121727195,1,27.0,2027
6.385384596092055,6,9.0,2017
6.385588315269104,6,41.0,908
6.386238281265618,6,6.0,1868
6.387121172499536,6,11.0,1226
6.388060055526593,6,18.0,1766
6.388199013994298,1,7.0,2028
6.388259830260131,1,1.0,2029
6.388777720879416,6,53.0,1922
6.38902985430746,6,41.0,1528
6.389380366708606,1,7.0,2030
6.389437056199297,6,6.0,2024
6.389449086905185,8,59.0,892
6.389832620001478,1,6.0,2031
6.39041186201738,1,3.0,2032
6.3916531103627285,8,18.0,205
6.391653200873597,6,15.0,1878
6.391891080553072,7,2.0,1045
6.391907234622682,1,3.0,2033
6.392064998095943,1,45.0,2034
6.393335748474576,1,15.0,2035
6.393425293405473,1,49.0,2036
6.39350505080824,1,4.0,2037
6.393565461661736,1,59.0,2038
6.394282156540005,1,10.0,2039
6.394988692278979,1,1.0,2040
6.394994665078226,6,50.0,1083
6.395758346270511,1,2.0,2041
6.395761251568538,7,51.0,97
6.395822225222039,6,6.0,249
6.396107500734445,1,2.0,2042
6.396118148009396,1,1.0,2043
6.39614681938924,1,5.0,2044
6.396407020200279,1,7.0,2045
6.3966564092520155,6,3.0,1433
6.3967643757374955,6,45.0,1082
6.397202336282419,7,60.0,659
6.397743664552904,2,2.0,2046
6.397906224010271,6,13.0,1842
6.3981414753628085,6,7.0,1686
6.398316021369537,1,3.0,2047
6.399919553771206,6,33.0,514
6.400450916412792,6,20.0,1513
6.400721926604345,6,10.0,1774
6.400751967270274,7,46.0,1206
6.401764485915715,1,55.0,2048
6.403648802492841,7,5.0,1056
6.403720695103127,6,1.0,2043
6.403755565311448,1,5.0,2049
6.403811911798502,1,7.0,2050
6.403835839465993,7,24.0,1429
6.404389486445959,6,48.0,1749
6.40447668131596,1,2.0,2051
6.40495831125622,1,3.0,2052
6.405434581383346,6,58.0,1811
6.4054794037065825,7,12.0,390
6.4058122736354655,9,16.0,134
6.406102747303107,6,34.0,593
6.406339170591187,6,5.0,1647
6.407765783639053,1,10.0,2053
6.408371657117113,1,6.0,2054
6.408728075653754,7,25.0,955
6.408892881297566,6,16.0,1346
6.410174032398375,1,23.0,2055
6.410402966406907,1,1.0,2056
6.411388414211256,6,51.0,396
6.41255891893137,8,13.0,1452
6.413122931261882,6,42.0,1744
6.413175585345087,6,3.0,1991
6.4147184091697405,1,1.0,2057
6.414923755371795,1,34.0,2058
6.415400787126066,2,13.0,2059
6.415819467837531,1,43.0,2060
6.4167741292046205,6,7.0,2016
6.417144615697637,6,5.0,1685
6.418111874043201,1,3.0,2061
6.418192767607911,6,2.0,1743
6.418476760948263,6,13.0,1837
6.4190183681913355,6,6.0,1885
6.419193563460703,6,3.0,1690
6.419309255347655,1,1.0,2062
6.41951106910424,6,29.0,1608
6.420092999186993,6,27.0,2025
6.420131192621984,1,3.0,2063
6.42049845570919,9,14.0,401
6.422195857878477,1,36.0,2064
6.42288238922899,1,47.0,2065
6.422975298091543,8,10.0,798
6.422996378481931,7,2.0,1013
6.42369541820522,1,11.0,2066
6.424090400077051,6,6.0,1540
6.424186149871869,1,47.0,2067
6.425209316074687,1,11.0,2068
6.425784119638776,1,4.0,2069
6.4272961242416535,1,14.0,2070
6.427732489578988,6,52.0,1393
6.42780444063213,1,14.0,2071
6.42782645368577,1,1.0,2072
6.42823238826747,1,1.0,2073
6.428247339233325,1,8.0,2074
6.429012873110665,1,10.0,2075
6.429050006212663,9,25.0,374
6.429779626406892,1,6.0,2076
6.429818842991972,7,39.0,555
6.430097218810902,1,13.0,2077
6.430673557498632,1,1.0,2078
6.431114859883997,1,39.0,2079
6.431198037763837,1,4.0,2080
6.431751482193898,7,2.0,878
6.43195155006293,1,20.0,2081
6.432242873134443,1,13.0,2082
6.432646282944269,1,2.0,2083
6.432809944942695,2,44.0,2084
6.433851064603843,1,33.0,2085
6.434146771682683,1,25.0,2086
6.4342531448904685,6,4.0,853
6.4344043233379775,6,53.0,1618
6.435040720302675,2,3.0,2087
6.435655265231334,1,4.0,2088
6.436507420217857,1,2.0,2089
6.436618556252871,6,8.0,1863
6.4369098664619155,6,40.0,880
6.438022167295269,7,3.0,125
6.438082517455006,6,19.0,1177
6.439047439639179,1,9.0,2090
6.440333831700559,1,1.0,2091
6.440817797348377,1,49.0,2092
6.440929909292165,1,46.0,2093
6.441121540706783,6,35.0,1877
6.44122480801607,1,2.0,2094
6.4414792422243465,8,1.0,1650
6.441758861928539,6,51.0,1055
6.442619902483408,9,3.0,1693
6.443050231085841,1,2.0,2095
6.443620488699753,1,36.0,2096
6.443756029238211,1,1.0,2097
6.444272650336162,7,8.0,677
6.444676030615642,7,19.0,1312
6.444897886657876,8,12.0,1645
6.4452657439918255,1,1.0,2098
6.445419822277609,8,16.0,1427
6.445463960066605,7,5.0,1054
6.44547120750174,6,12.0,1274
6.445548773496694,7,3.0,178
6.445645075567927,6,50.0,924
6.446244960335044,1,3.0,2099
6.446325956420316,7,56.0,1057
6.447461449944877,6,2.0,1910
6.447533534388785,7,30.0,872
6.4481240722265225,6,10.0,1422
6.448621899977287,8,59.0,1332
6.448694707752672,6,44.0,1582
6.448855519051913,7,16.0,520
6.449065545763554,6,3.0,609
6.449226734664518,1,7.0,2100
6.449403455651812,7,45.0,223
6.449825091032217,6,3.0,1388
6.449856612107035,6,12.0,1309
6.449950601830343,6,6.0,1777
6.450086861130845,6,2.0,1190
6.45046720557254,6,31.0,1611
6.451746292342102,6,2.0,1242
6.453728884066998,1,5.0,2101
6.45376213305848,1,19.0,2102
6.455198523604486,1,6.0,2103
6.455260057190588,7,20.0,1159
6.455907876551928,6,5.0,1594
6.45650903510411,7,3.0,253
6.458360760693953,1,34.0,2104
6.458964575984341,1,8.0,2105
6.459048369492915,6,27.0,1914
6.459127212930058,8,2.0,1401
6.460673207502434,6,15.0,1911
6.461443688865413,1,41.0,2106
6.461525823735235,1,36.0,2107
6.462067778253726,6,1.0,1881
6.462115692412626,6,26.0,1799
6.462671653038993,1,4.0,2108
6.462787889886369,1,46.0,2109
6.4628738879214485,6,4.0,1710
6.464122174529715,1,42.0,2110
6.4646964603193,8,57.0,907
6.465632081841077,1,39.0,2111
6.465813337761871,6,5.0,1261
6.465964051341266,7,46.0,526
6.467640742669923,6,4.0,1198
6.468039382713749,6,11.0,1688
6.468990805463077,6,1.0,1887
6.469221156980165,1,1.0,2112
6.471488111315185,1,36.0,2113
6.471573494262245,7,24.0,221
6.47289597105929,1,37.0,2114
6.473343753751885,6,1.0,1416
6.4742013520538775,6,20.0,1932
6.474364962898136,6,4.0,1532
6.474520803604683,1,29.0,2115
6.474687566653474,6,45.0,1348
6.4748057686043285,7,47.0,453
6.475439605794099,1,9.0,2116
6.475669115407925,1,2.0,2117
6.476120101168466,1,1.0,2118
6.476325209797557,1,34.0,2119
6.478984313663625,1,2.0,2120
6.479297801110365,6,4.0,1043
6.479812494443968,1,6.0,2121
6.479984079499951,8,11.0,436
6.480207379136801,6,2.0,1967
6.480369900841009,1,7.0,2122
6.482180861410049,8,34.0,741
6.482346751721288,6,8.0,1392
6.482664560181755,7,10.0,246
6.482913992754071,7,58.0,665
6.483040094205901,1,1.0,2123
6.483257712567235,1,4.0,2124
6.4833159364409285,1,3.0,2125
6.483410224741695,7,4.0,290
6.483553903868794,1,57.0,2126
6.484232151332465,6,17.0,1273
6.484385247751399,6,1.0,1439
6.485409654813362,6,1.0,1210
6.485738534610881,1,50.0,2127
6.485985016021381,6,9.0,1333
6.486194185904292,6,16.0,1069
6.487032620619077,7,1.0,728
6.487270578333973,1,59.0,2128
6.488113842635498,6,29.0,391
6.4886734644919795,7,5.0,933
6.489233594887774,6,2.0,1797
6.489453690901206,1,45.0,2129
6.489752629084968,6,5.0,2013
6.4899771456847875,1,2.0,2130
6.490107814846442,1,5.0,2131
6.4903564620856,1,6.0,2132
6.490444070509489,1,7.0,2133
6.490660322551336,1,2.0,2134
6.4907546061349795,7,7.0,444
6.491125203393945,6,2.0,2134
6.491946320240795,7,7.0,923
6.491959575845395,6,50.0,2127
6.492006129839572,9,5.0,409
6.492115606298902,1,4.0,2135
6.492484220102078,9,9.0,421
6.492616440514989,1,8.0,2136
6.493868647303765,6,53.0,1256
6.4946447300300685,6,5.0,1851
6.494755717279092,1,4.0,2137
6.494809102584281,6,5.0,1768
6.494942977297303,1,1.0,2138
6.494973940526475,1,1.0,2139
6.495037214169386,8,59.0,1084
6.495984129898355,1,2.0,2140
6.495995826232196,6,5.0,1831
6.496557817134916,1,2.0,2141
6.497123702750047,1,14.0,2142
6.4979005535110685,1,2.0,2143
6.49809983425844,1,57.0,2144
6.498717737528269,1,1.0,2145
6.498958591236707,8,22.0,754
6.499019399793508,6,60.0,573
6.499163429101927,8,4.0,922
6.499230959973795,1,19.0,2146
6.499324739506116,6,7.0,1873
6.499828583563169,6,50.0,860
6.499942173514267,6,24.0,1476
6.499978207380156,1,49.0,2147
6.501551506389757,9,54.0,452
6.501706108485672,7,2.0,785
6.503038289353391,7,2.0,799
6.5039666114626495,8,6.0,1540
6.504183006509374,6,44.0,1362
6.504429073040459,6,1.0,1155
6.5046631998880216,6,4.0,268
6.505512220602595,6,2.0,1900
6.505770069565402,7,13.0,523
6.506513177327948,1,44.0,2148
6.506519082011934,9,5.0,903
6.506657580399568,1,5.0,2149
6.506989824239618,7,41.0,255
6.507712913022531,6,3.0,1521
6.508779613093499,1,2.0,2150
6.509470483069743,1,3.0,2151
6.509670825482665,6,4.0,1850
6.509715355974622,1,42.0,2152
6.510052703725505,6,9.0,1550
6.510193341015814,8,42.0,1187
6.510655493655731,1,52.0,2153
6.510801987954875,6,4.0,2135
6.510850368699913,1,7.0,2154
6.510942251624658,7,1.0,760
6.511185580775698,1,6.0,2155
6.511438984975324,6,2.0,1654
6.512920941649096,1,51.0,2156
6.513586133577966,6,41.0,1746
6.513966917223291,7,5.0,1026
6.514444496577293,1,4.0,2157
6.514782645789599,1,4.0,2158
6.514912853708846,6,51.0,1101
6.515489115727856,6,39.0,532
6.515719272013813,7,5.0,341
6.515947130706279,6,4.0,2037
6.516221004524418,1,4.0,2159
6.5163422587902975,1,3.0,2160
6.516583836194203,1,3.0,2161
6.516916034959272,1,39.0,2162
6.518334074026591,1,37.0,2163
6.519403702030096,1,3.0,2164
6.520448766681534,1,26.0,2165
6.520725593442818,1,37.0,2166
6.520954940197562,7,5.0,996
6.521087374690551,1,31.0,2167
6.521544912715658,7,4.0,743
6.522132474559282,1,7.0,2168
6.523423885931583,1,30.0,2169
6.5237287182751755,8,35.0,278
6.524370600983682,1,4.0,2170
6.524470262375444,6,9.0,1861
6.524501217627341,1,1.0,2171
6.524759898033618,1,1.0,2172
6.5249507175201344,7,21.0,1193
6.525003257719111,6,9.0,1963
6.52541874789003,6,50.0,1913
6.525861892406257,6,12.0,1488
6.526940920793223,8,44.0,222
6.527115066631802,1,37.0,2173
6.5281342680474985,6,29.0,1341
6.528230622470391,1,4.0,2174
6.529097331392997,1,1.0,2175
6.529215498627409,6,51.0,1813
6.529297665488329,6,7.0,1428
6.5294111055385775,1,11.0,2176
6.529580978762951,7,4.0,1012
6.529735922273898,7,6.0,1241
6.529879149090841,1,11.0,2177
6.529950818150295,6,12.0,1936
6.531414296060437,1,11.0,2178
6.531740161401421,6,2.0,2089
6.532566416597377,1,1.0,2179
6.533091355614646,6,2.0,2005
6.533632123192411,7,6.0,926
6.533916891723484,1,8.0,2180
6.534104536843948,6,1.0,1463
6.534737099203341,6,3.0,671
6.535196104000373,1,41.0,2181
6.535818351274877,6,35.0,1980
6.53600155201061,7,22.0,684
6.537119996959635,6,4.0,2124
6.537634829372799,1,3.0,2182
6.537753215117532,6,3.0,1539
6.537937155693839,8,5.0,750
6.537990720687223,1,1.0,2183
6.53828139779811,1,5.0,2184
6.538460018816746,6,2.0,1163
6.538834145514926,1,21.0,2185
6.539125877110856,6,11.0,818
6.539352330132088,9,54.0,891
6.539830815134068,1,6.0,2186
6.540500261185118,6,21.0,2185
6.541121330994046,8,2.0,1350
6.5423353120286665,6,48.0,1112
6.54261583074937,1,7.0,2187
6.543669560391697,1,54.0,2188
6.544019106837893,1,57.0,2189
6.54445298673298,1,33.0,2190
6.544851445267243,8,2.0,486
6.544884587927067,1,3.0,2191
6.545302801888782,1,1.0,2192
6.54685558519554,6,1.0,2118
6.547391151683045,1,15.0,2193
6.547430250632873,1,58.0,2194
6.549094447582273,1,11.0,2195
6.550203819942171,6,7.0,1291
6.550667453382587,6,28.0,454
6.5507622717529665,6,6.0,2103
6.5508353215961455,1,5.0,2196
6.551184474872449,7,50.0,578
6.551748984804504,1,8.0,2197
6.551914131797401,6,56.0,1736
6.552101225566052,2,9.0,2198
6.55226908649631,1,3.0,2199
6.552552194158117,7,16.0,580
6.552573534261578,8,6.0,50
6.552681561727707,6,33.0,1276
6.552818043894906,6,6.0,260
6.55307252454144,1,25.0,2200
6.553185350246948,7,36.0,639
6.553423239794108,1,1.0,2201
6.553454530579428,1,54.0,2202
6.55372381316947,2,11.0,2203
6.554723912559049,1,46.0,2204
6.555099367608924,1,3.0,2205
6.555261212080665,6,5.0,2196
6.555931133206824,1,23.0,2206
6.556535214607721,6,6.0,1148
6.557218775220863,1,5.0,2207
6.557411704444855,8,2.0,1900
6.558031556331996,6,6.0,1761
6.5594348250830965,7,2.0,1064
6.559623302811637,1,3.0,2208
6.559777528858968,9,4.0,695
6.560363667261674,1,15.0,2209
6.560471274124264,9,58.0,410
6.560556647332762,1,4.0,2210
6.560720952592045,8,59.0,1420
6.560918388724675,7,59.0,258
6.56123679492509,1,1.0,2211
6.561332779601674,1,5.0,2212
6.561952304975025,7,37.0,619
6.562074367971143,1,2.0,2213
6.562565657866747,1,2.0,2214
6.563391587693417,6,4.0,1574
6.563398464907208,6,2.0,2051
6.564770546716614,1,15.0,2215
6.564876579257993,1,38.0,2216
6.564878366782565,6,5.0,1808
6.565498217857605,6,2.0,1596
6.565903889022711,1,3.0,2217
6.56591113163809,1,43.0,2218
6.565935516073861,1,6.0,2219
6.56636203255167,1,49.0,2220
6.567327194804809,6,4.0,1404
6.567539563720648,9,4.0,922
6.568322503412979,1,23.0,2221
6.569471215736488,6,2.0,1039
6.570098797765256,6,1.0,1449
6.5700988222805385,6,56.0,1519
6.570743763323807,8,7.0,1750
6.571238154823443,8,1.0,1416
6.571460927543759,7,8.0,1216
6.571577926630311,1,3.0,2222
6.5721604623363215,1,3.0,2223
6.5723648340700915,1,34.0,2224
6.57300698155904,6,4.0,1524
6.573055712765345,9,7.0,552
6.573374468379965,7,8.0,122
6.573472262869175,6,8.0,1756
6.573662187415816,6,2.0,1828
6.573714435833722,8,3.0,296
6.573809013686011,1,5.0,2225
6.574518626479059,6,2.0,1464
6.575226889737465,6,4.0,1583
6.576163256826284,6,2.0,2117
6.5762598602611515,7,13.0,968
6.576915523254178,1,18.0,2226
6.578105469317719,1,18.0,2227
6.578201662259349,7,11.0,775
6.578843854289686,1,7.0,2228
6.579467566885692,7,8.0,806
6.579950611003624,1,6.0,2229
6.580071013130887,1,55.0,2230
6.5803764901180015,8,24.0,1476
6.581014611101799,6,10.0,1559
6.581421293618648,1,48.0,2231
6.582063808831226,1,5.0,2232
6.582701872937646,1,7.0,2233
6.583003153164545,1,2.0,2234
6.583697619010609,7,5.0,183
6.584287890264986,1,48.0,2235
6.58487679917426,6,5.0,1616
6.5851959025394695,6,47.0,1830
6.585718131809579,1,37.0,2236
6.585777314544426,1,37.0,2237
6.585863357435011,1,3.0,2238
6.586011796159324,1,60.0,2239
6.588004498458799,6,60.0,1549
6.588595748276952,1,5.0,2240
6.590123594957259,6,49.0,2036
6.59048296959102,1,4.0,2241
6.590956564641419,1,2.0,2242
6.591090364983723,1,4.0,2243
6.591444265864697,1,2.0,2244
6.591557388155386,1,6.0,2245
6.591709315491515,6,7.0,2154
6.591976306896915,1,2.0,2246
6.592144424216678,1,3.0,2247
6.59235604748843,1,1.0,2248
6.592443575980313,2,6.0,2249
6.59292714748428,6,49.0,2147
6.5944942651189775,1,3.0,2250
6.594782482337553,6,22.0,2009
6.594921083575289,6,6.0,952
6.595337575216259,8,3.0,389
6.595579468449562,1,7.0,2251
6.595659542655788,6,2.0,1487
6.5957292323086785,7,3.0,494
6.597368455607628,6,54.0,1871
6.597784640697818,6,24.0,1106
6.597804242972834,1,2.0,2252
6.598780277518149,1,22.0,2253
6.599059592281951,1,2.0,2254
6.599875672676935,6,6.0,2076
6.600403006803655,6,3.0,2191
6.601757189575316,6,2.0,1759
6.601757395991611,6,3.0,1785
6.60213779070822,1,5.0,2255
6.602547589610149,6,1.0,522
6.603719550075168,1,4.0,2256
6.603767557667429,1,2.0,2257
6.604118652586791,1,1.0,2258
6.604391602809704,6,1.0,1478
6.604780991283319,6,7.0,2251
6.604959399054142,6,1.0,1869
6.605499143916147,7,13.0,338
6.605938383609887,6,42.0,1987
6.606523258568996,6,30.0,1094
6.607536809336233,1,60.0,2259
6.607890282227078,7,20.0,1418
6.6079707239106,6,1.0,1169
6.608295876115872,1,11.0,2260
6.609209994711568,7,15.0,324
6.609368017151567,1,7.0,2261
6.610747934931375,1,27.0,2262
6.612101950767604,1,5.0,2263
6.612141964391298,6,32.0,1715
6.612155134477294,1,3.0,2264
6.612340645542838,6,3.0,1796
6.612365052517303,6,4.0,1364
6.612559868093157,6,16.0,1331
6.612822070293094,9,1.0,1733
6.613246964142499,2,1.0,2265
6.613954818179397,1,52.0,2266
6.614909475113475,1,2.0,2267
6.615285779687829,6,1.0,1353
6.616334251307883,1,2.0,2268
6.616763751236906,8,10.0,1462
6.6176916276998865,1,4.0,2269
6.617984377911267,6,1.0,1933
6.6182301750110435,6,5.0,1856
6.619123596932895,6,10.0,2075
6.619239235588635,1,59.0,2270
6.620033786228459,1,8.0,2271
6.620534234645416,1,3.0,2272
6.621781196499803,6,35.0,1644
6.62202345259156,1,46.0,2273
6.622806561484165,1,10.0,2274
6.6236201180043945,6,21.0,769
6.623918278029008,6,9.0,1329
6.624639533517272,1,17.0,2275
6.625630110842835,8,27.0,813
6.625968968536967,1,2.0,2276
6.627308811973786,1,2.0,2277
6.628360004762262,1,4.0,2278
6.628684315816768,6,3.0,1843
6.6291099490530785,7,9.0,688
6.629321597764314,6,6.0,1207
6.630327801429557,6,39.0,1520
6.630990373012304,6,6.0,2031
6.6310728718059,6,4.0,1244
6.631118213053548,1,42.0,2279
6.63202449298422,1,5.0,2280
6.6322467332578725,1,3.0,2281
6.632613697758945,1,16.0,2282
6.632632619126788,7,1.0,800
6.632869818790616,6,5.0,1780
6.63308154847168,1,12.0,2283
6.633472334903405,1,2.0,2284
6.63507984796997,1,13.0,2285
6.635409947660877,1,2.0,2286
6.635524597559613,6,3.0,2281
6.635616008854604,1,6.0,2287
6.635782847408628,8,3.0,1108
6.636469318018793,1,6.0,2288
6.636474188235959,1,12.0,2289
6.637166137511487,1,2.0,2290
6.637807588438584,1,5.0,2291
6.637929466272801,6,20.0,1306
6.638035999173603,1,4.0,2292
6.638743121095631,6,53.0,317
6.638749559090407,8,4.0,1364
6.638859921943343,2,36.0,2293
6.6390864839715436,1,5.0,2294
6.639994513243603,1,6.0,2295
6.639999675893156,1,19.0,2296
6.640004549975992,7,4.0,829
6.64014659570122,7,3.0,898
6.640579589341831,1,53.0,2297
6.641036829639381,6,3.0,1793
6.642098166565744,1,5.0,2298
6.6421207336791,1,2.0,2299
6.642157939057551,7,2.0,1158
6.642459398970643,6,34.0,2104
6.642509877131254,1,2.0,2300
6.642692027060033,1,7.0,2301
6.643525508921684,7,35.0,736
6.643554182658356,6,6.0,1855
6.643725750823123,1,16.0,2302
6.6439635212176205,1,48.0,2303
6.646214111037088,8,3.0,1000
6.646316621794127,6,1.0,2062
6.647177826374166,6,27.0,1706
6.647932869203252,1,40.0,2304
6.648220507205643,1,44.0,2305
6.648305489013734,1,25.0,2306
6.648948466954996,6,1.0,1723
6.649136175858571,1,2.0,2307
6.65041006456829,1,2.0,2308
6.650941519898515,1,2.0,2309
6.652239175141027,7,49.0,72
6.652468794869427,1,2.0,2310
6.652706079266668,1,34.0,2311
6.652982018653596,6,4.0,2159
6.6531078906568455,1,5.0,2312
6.653289190823211,1,3.0,2313
6.6537752767466944,1,13.0,2314
6.653801634687695,1,41.0,2315
6.6538872838201355,1,19.0,2316
6.6542240704966344,6,10.0,2053
6.6548339812480295,8,20.0,1691
6.655417894543428,2,34.0,2317
6.655813531530481,1,47.0,2318
6.656474904133014,1,6.0,2319
6.656696240989987,8,2.0,895
6.656853378406161,1,5.0,2320
6.657101291877545,1,34.0,2321
6.657134854910058,6,26.0,1781
6.657162487678077,1,2.0,2322
6.657185523023383,6,56.0,992
6.657200766884465,7,8.0,561
6.660260507617187,9,46.0,474
6.660472601075645,1,6.0,2323
6.661399079335651,1,7.0,2324
6.662111139956257,1,4.0,2325
6.663473378374795,9,5.0,748
6.663733396004183,6,3.0,2161
6.6644732229079935,6,30.0,1737
6.664661357414257,6,6.0,979
6.664902095044296,1,56.0,2326
6.665246276392345,1,42.0,2327
6.66598915072253,1,6.0,2328
6.666222849264553,6,5.0,2101
6.666285551813827,6,4.0,765
6.666321712278367,6,44.0,2305
6.666459367067937,6,42.0,2279
6.666793338434363,6,12.0,1566
6.668356422138763,6,9.0,1313
6.6685813263175975,6,2.0,1924
6.669032165778409,6,3.0,2061
6.669696789606783,1,1.0,2329
6.670256036508056,1,2.0,2330
6.671011904250736,6,3.0,1444
6.6712962829868605,6,40.0,732
6.67176721551715,7,1.0,427
6.671847089324542,7,40.0,201
6.673860427967139,8,6.0,260
6.673880407086823,1,50.0,2331
6.674172241579049,1,58.0,2332
6.674283403861684,1,44.0,2333
6.674903079032379,6,4.0,1450
6.676357808141917,6,5.0,1275
6.676659435554315,6,5.0,1277
6.676812619071037,1,6.0,2334
6.676969899012269,6,32.0,1890
6.677054218375359,1,33.0,2335
6.677374282296325,1,7.0,2336
6.678130827403815,1,2.0,2337
6.678940240161987,1,2.0,2338
6.679343496014056,1,36.0,2339
6.68072994771437,9,3.0,708
6.681030781457552,6,59.0,1728
6.681176718177523,1,4.0,2340
6.681456588290331,7,32.0,206
6.681574780458898,6,11.0,2203
6.68166251062958,7,21.0,950
6.681845000880151,8,44.0,859
6.681993783874664,9,52.0,559
6.682067807189633,1,6.0,2341
6.6824288759763695,6,13.0,1965
6.682454537035811,6,4.0,990
6.684025867319398,1,7.0,2342
6.68475013729448,1,18.0,2343
6.684804285739587,1,11.0,2344
6.6848674658721,7,3.0,41
6.685767350355245,6,8.0,1211
6.6859455461928645,1,53.0,2345
6.686841109999855,7,8.0,489
6.686937372843919,1,7.0,2346
6.687218187979256,16,31.0,42
6.687350973352693,1,2.0,2347
6.687354645604816,7,9.0,856
6.687443759019814,1,28.0,2348
6.687759987088422,1,3.0,2349
6.688082749714129,1,38.0,2350
6.688277961344651,1,9.0,2351
6.688407783762737,1,2.0,2352
6.688473071217331,7,1.0,551
6.689400036844848,1,7.0,2353
6.68952622711218,6,17.0,1739
6.68952872470974,7,57.0,704
6.68971362916187,6,3.0,1667
6.689742372312192,7,2.0,706
6.690656010436502,6,5.0,1832
6.691360077644157,6,19.0,1919
6.691852950926236,6,2.0,2130
6.691957454288522,6,2.0,130
6.691987371701629,8,18.0,594
6.692685664956786,6,1.0,1485
6.693037930958544,6,2.0,2141
6.693562375023406,8,12.0,852
6.693658674730009,1,6.0,2354
6.694143910223062,1,40.0,2355
6.694239042038659,6,2.0,2252
6.694463745398126,1,5.0,2356
6.694973046422893,8,11.0,57
6.695294637554051,6,8.0,1731
6.6954786068224905,7,48.0,240
6.6954786068224905,16,48.0,240
6.695502949610667,6,8.0,2074
6.695784993284797,1,3.0,2357
6.695876173162985,1,1.0,2358
6.696151597753963,6,7.0,966
6.696343986797658,1,34.0,2359
6.697111976072042,7,1.0,512
6.697892956292958,6,3.0,2063
6.699337448795395,8,37.0,1060
6.700073384850624,9,46.0,777
6.7008400782513595,2,3.0,2360
6.700958040284412,6,7.0,1023
6.700963548565865,6,1.0,705
6.702583837166896,1,1.0,2361
6.702955043575708,6,3.0,1504
6.703311122982445,6,5.0,2312
6.703372559422608,8,12.0,786
6.703394924544091,1,4.0,2362
6.703415733524562,1,7.0,2363
6.704178508455722,1,1.0,2364
6.70495231450321,1,5.0,2365
6.704958639596219,6,57.0,1296
6.704982592178561,1,51.0,2366
6.705052222141819,1,53.0,2367
6.7056161527289095,6,10.0,664
6.705850349431272,1,22.0,2368
6.706342676274089,1,5.0,2369
6.706410475596339,1,3.0,2370
6.7070686633263055,6,2.0,2083
6.707781169315837,6,1.0,2211
6.707911859365879,6,57.0,1904
6.708312670811816,7,5.0,37
6.708635875760063,6,2.0,2254
6.70922838571528,1,11.0,2371
6.709370040609633,6,20.0,2081
6.7100465644325915,1,1.0,2372
6.711469019490833,6,3.0,1742
6.7120343974549055,7,3.0,1344
6.712193711884058,6,5.0,2365
6.712638217385531,7,58.0,1383
6.712658498240323,6,10.0,2274
6.712893089703636,9,59.0,892
6.713217577627737,7,11.0,517
6.713499094968254,8,1.0,522
6.713587382659336,1,59.0,2373
6.7136955147105,7,4.0,270
6.713807892085657,6,7.0,2045
6.713816962214127,7,2.0,742
6.71472101513115,1,4.0,2374
6.715361721611664,7,2.0,496
6.71553233144709,6,13.0,784
6.715586068821852,6,3.0,823
6.715966637325614,6,3.0,1953
6.716176100723691,6,32.0,1293
6.71620806850181,6,2.0,2268
6.717178146575396,6,3.0,2272
6.717523510844386,1,17.0,2375
6.717911416888265,6,7.0,1050
6.717991495690109,6,13.0,2059
6.7192606329485,1,15.0,2376
6.720629658933009,1,39.0,2377
6.721014828466545,6,55.0,284
6.721599857453456,1,14.0,2378
6.7241774488555865,6,7.0,1359
6.72518750605601,6,1.0,1937
6.726135492924107,1,19.0,2379
6.726150620157502,1,1.0,2380
6.726225124163585,8,5.0,549
6.7264008359711385,6,1.0,2248
6.726587275875476,6,7.0,2342
6.727366613983204,1,3.0,2381
6.7288779380978685,1,8.0,2382
6.72962370078208,7,1.0,650
6.730115995415415,1,4.0,2383
6.730632256982268,6,7.0,2168
6.730667869690755,6,8.0,1213
6.731410560775865,6,7.0,2233
6.731690142046683,1,6.0,2384
6.731905880114836,1,1.0,2385
6.732167896795565,8,6.0,87
6.7339317745686555,6,36.0,1720
6.734173012814866,6,52.0,2153
6.734737167685646,1,5.0,2386
6.735370904382529,1,11.0,2387
6.735460100628058,9,10.0,798
6.736140008016522,6,39.0,2111
6.736563900728731,6,6.0,1434
6.737521180255721,6,1.0,1479
6.737843382481035,1,8.0,2388
6.738039780425809,1,2.0,2389
6.738249867330895,7,40.0,911
6.738311272142918,9,5.0,750
6.738311272142918,16,5.0,750
6.738767451982894,1,2.0,2390
6.73928084026037,1,47.0,2391
6.739306431059233,8,9.0,1140
6.740001779148905,7,38.0,530
6.7404201514153765,6,8.0,1260
6.740620139861605,7,4.0,546
6.7406240105885935,6,3.0,2360
6.740694313110822,1,29.0,2392
6.740927370445561,6,1.0,1595
6.740953113290168,1,12.0,2393
6.74106353042708,1,9.0,2394
6.741323631856343,9,57.0,614
6.742377411434493,7,10.0,105
6.742867697813339,7,53.0,502
6.742867697813339,16,53.0,502
6.743071706225781,6,7.0,1506
6.743692903217868,1,46.0,2395
6.74384167640229,8,41.0,1001
6.744149236619627,6,25.0,2086
6.744172999327558,6,27.0,2027
6.744224778985788,1,17.0,2396
6.744495689239499,1,36.0,2397
6.7447781339691355,6,59.0,737
6.745257427670623,1,49.0,2398
6.745567516620817,1,54.0,2399
6.745999924856922,6,49.0,1844
6.74640650244224,7,16.0,207
6.74650289544158,2,5.0,2400
6.746904015027701,6,3.0,1259
6.7469741239193155,1,3.0,2401
6.747090392532109,1,33.0,2402
6.747125185219426,1,3.0,2403
6.7475781822113525,6,14.0,838
6.74757819907783,1,10.0,2404
6.74818528344763,6,2.0,1955
6.7482230856816425,1,41.0,2405
6.748407891085139,1,6.0,2406
6.748499329173609,9,27.0,367
6.748499329173609,16,27.0,367
6.749039129471198,1,10.0,2407
6.7499719869372745,6,6.0,2295
6.7500917226796275,7,27.0,233
6.750322121444037,6,3.0,1949
6.750897651551364,6,1.0,1727
6.7511060457844385,1,55.0,2408
6.75171245732059,7,9.0,1002
6.752424547234882,6,6.0,2354
6.7529716124114465,6,13.0,1191
6.753133468610494,1,35.0,2409
6.753640723137411,6,7.0,1917
6.754319756049508,1,22.0,2410
6.754629977250933,1,9.0,2411
6.75489542377135,8,8.0,1664
6.7549092761292755,6,16.0,1022
6.75518649088883,6,58.0,1568
6.755268317454035,1,2.0,2412
6.755989565913385,7,49.0,184
6.757334659793083,1,7.0,2413
6.75737715810642,6,42.0,1204
6.757874890513559,1,6.0,2414
6.75821075647877,2,6.0,2415
6.758340321934034,6,10.0,1958
6.758420185538989,1,42.0,2416
6.759487336939465,1,27.0,2417
6.759488091126073,6,55.0,2230
6.759694665522943,7,51.0,431
6.759710823809067,7,5.0,1454
6.760417014209524,1,4.0,2418
6.760574239802138,1,6.0,2419
6.760659390519015,1,2.0,2420
6.7607241418218385,1,30.0,2421
6.761196198216916,6,48.0,2235
6.761432306152756,6,39.0,1096
6.763020762600354,6,9.0,2116
6.763259443498012,6,6.0,2406
6.7640369030387815,8,2.0,701
6.764634414782157,1,2.0,2422
6.765019086706798,1,55.0,2423
6.765053110352137,6,24.0,1939
6.7654083634952755,1,10.0,2424
6.765472037251917,1,1.0,2425
6.765847485252125,6,2.0,1961
6.766360858997052,1,6.0,2426
6.766575740456235,1,13.0,2427
6.766919935628231,1,57.0,2428
6.767142966590823,1,6.0,2429
6.767739259548152,7,10.0,355
6.767916360808491,1,2.0,2430
6.768515501138088,1,8.0,2431
6.768659445537833,8,1.0,1938
6.7702714312702446,1,9.0,2432
6.7703123853389116,6,29.0,372
6.770466123762115,1,18.0,2433
6.772170784778266,1,5.0,2434
6.773008386961307,1,1.0,2435
6.773178807960683,6,2.0,2389
6.773711775475478,6,30.0,2421
6.774804708447776,6,2.0,1077
6.774882420466792,7,7.0,535
6.775096480841986,6,50.0,1775
6.7752060783276695,1,3.0,2436
6.775576795013365,1,54.0,2437
6.775584935154473,6,2.0,1902
6.775890676523979,1,7.0,2438
6.776172368009023,1,4.0,2439
6.776502915669132,8,53.0,958
6.77700369271216,6,5.0,1048
6.777373282322769,1,58.0,2440
6.7779658311480615,6,15.0,1028
6.778282581945574,6,5.0,2021
6.779017621401011,6,56.0,1748
6.779646357475986,1,56.0,2441
6.779838477602691,6,5.0,1494
6.780158354060633,6,4.0,2278
6.780625986830621,7,2.0,714
6.781417323049256,1,3.0,2442
6.7817323068807065,1,2.0,2443
6.781945215802519,6,9.0,1250
6.782159889959363,7,9.0,660
6.782224691096738,7,57.0,848
6.782568021178311,9,2.0,895
6.782659159232936,1,3.0,2444
6.783199480360898,6,55.0,1755
6.783455122328934,1,1.0,2445
6.78389061504677,1,1.0,2446
6.784473979463385,1,8.0,2447
6.784648177445822,1,3.0,2448
6.786314873366253,6,3.0,1205
6.786322647975479,1,46.0,2449
6.786429889699487,6,3.0,1413
6.786579125217666,2,9.0,2450
6.787052056093383,7,59.0,1007
6.7874384558905,7,1.0,235
6.787466056535639,1,41.0,2451
6.787837342215614,1,4.0,2452
6.789534572444294,7,9.0,599
6.7896610412661795,1,1.0,2453
6.790621849185213,1,1.0,2454
6.79065306548947,6,1.0,2201
6.7911322645462056,6,5.0,1609
6.791271367459894,7,1.0,1074
6.791362809498694,6,59.0,2373
6.791591492303316,6,3.0,2403
6.791710148752588,1,6.0,2455
6.792481213653093,1,5.0,2456
6.792517924809716,7,40.0,1070
6.793185504176524,6,3.0,1138
6.79324671807845,1,5.0,2457
6.794539678682151,6,1.0,2385
6.795536001437113,6,47.0,241
6.795977962264771,6,1.0,1912
6.796544072388908,1,34.0,2458
6.796615544050615,8,57.0,107
6.796674102547574,1,2.0,2459
6.796780229437174,1,55.0,2460
6.7971686409572785,1,58.0,2461
6.79745081878046,6,2.0,942
6.798365704377291,1,5.0,2462
6.799063679931708,1,4.0,2463
6.799424424372875,1,2.0,2464
6.799749596618219,1,2.0,2465
6.800060508378245,1,3.0,2466
6.800836169817013,1,5.0,2467
6.800913080547304,6,5.0,2008
6.801208771320947,1,2.0,2468
6.802841375696562,8,21.0,592
6.8029477811853125,1,7.0,2469
6.803299111587489,7,7.0,570
6.803443045611799,1,55.0,2470
6.803706025228538,1,5.0,2471
6.803852401143123,6,7.0,2030
6.804177791502205,8,1.0,347
6.804498545607974,6,36.0,2064
6.804708265022235,1,3.0,2472
6.805761113594597,1,5.0,2473
6.8063512282642185,6,38.0,1935
6.806351465438685,6,37.0,2163
6.806466899672786,7,1.0,10
6.8076477462105265,6,4.0,2463
6.8076692255471265,6,23.0,1721
6.80774328518933,6,15.0,418
6.808049075396512,6,5.0,2149
6.808199285518471,1,6.0,2474
6.80824394195483,1,4.0,2475
6.8082563377951235,9,3.0,296
6.808264160458769,8,46.0,231
6.808794537056526,6,7.0,1570
6.809449122635789,8,5.0,1277
6.809716427343784,7,2.0,735
6.8103782473196945,1,10.0,2476
6.810451597362272,6,6.0,2426
6.811424617826019,6,2.0,1089
6.811629489313371,1,19.0,2477
6.813132487209043,1,9.0,2478
6.813374029319221,1,1.0,2479
6.815143051378457,1,2.0,2480
6.815226016119299,6,3.0,2052
6.815497924625517,6,10.0,2039
6.815635823588294,1,49.0,2481
6.8159438973491095,6,54.0,1892
6.817369473581975,6,4.0,1652
6.817495787007908,1,10.0,2482
6.817746861948898,2,39.0,2483
6.817821663879262,7,2.0,591
6.818038474982227,7,42.0,600
6.818183421698336,2,58.0,2484
6.818810959257381,6,2.0,2120
6.819204395940962,1,3.0,2485
6.819621009182677,6,1.0,2258
6.8197800786477005,6,43.0,1563
6.819836523755703,1,2.0,2486
6.8204427355881005,7,45.0,1024
6.822131365929373,6,14.0,2378
6.822173661343407,6,2.0,1886
6.822541849049512,1,15.0,2487
6.82280815405443,6,58.0,2484
6.823294329609141,7,54.0,446
6.823386111648703,6,5.0,2294
6.824800056696397,1,5.0,2488
6.825060597735983,6,4.0,2137
6.82558664793871,1,5.0,2489
6.825723982130455,6,55.0,1590
6.826076145031586,1,6.0,2490
6.827165941176994,7,6.0,1687
6.827276790030755,6,57.0,2026
6.827327373875621,6,55.0,2460
6.827611674500389,9,59.0,647
6.82784836204426,6,1.0,1225
6.828385758170025,1,2.0,2491
6.8300498098341995,6,5.0,2434
6.830050881966614,1,7.0,2492
6.83009152437,6,7.0,1959
6.831876422666026,7,2.0,649
6.831999370870991,6,5.0,2131
6.832185869150368,6,2.0,2390
6.832187384316176,1,1.0,2493
6.833036724443482,6,4.0,2475
6.83341833645908,6,14.0,2071
6.834113570854364,6,2.0,1617
6.834810630021059,1,1.0,2494
6.834850116386999,6,15.0,2209
6.835180802822901,6,4.0,1975
6.835928600763847,1,1.0,2495
6.8360408503775165,7,56.0,849
6.83635230509508,1,5.0,2496
6.836639475230183,1,12.0,2497
6.837528502849813,1,3.0,2498
6.83761788309213,1,47.0,2499
6.8384632752289125,6,58.0,538
6.838613794822576,7,22.0,1526
6.838797444276293,1,59.0,2500
6.839092961669028,1,8.0,2501
6.839380174498909,8,5.0,1440
6.839578161851773,1,46.0,2502
6.839892824124334,1,12.0,2503
6.840314714159279,6,14.0,1189
6.840357940432815,6,5.0,1778
6.840974152276522,1,43.0,2504
6.841080474765348,7,43.0,1314
6.841524689242014,1,6.0,2505
6.841686692055771,1,50.0,2506
6.841723246530246,1,6.0,2507
6.842563992703579,1,1.0,2508
6.842591926580951,6,2.0,2095
6.843111367719199,1,1.0,2509
6.843829961982835,1,1.0,2510
6.843977260732464,1,1.0,2511
6.8443470715756245,6,2.0,2286
6.844570823140403,1,23.0,2512
6.844681417418357,8,5.0,1808
6.845041227927361,1,9.0,2513
6.845099401444405,1,6.0,2514
6.845422417963869,1,37.0,2515
6.845732510424551,7,48.0,793
6.845755054079895,1,45.0,2516
6.845946392292649,1,36.0,2517
6.846024355263195,1,1.0,2518
6.846109450141292,1,4.0,2519
6.846319314903055,6,2.0,2322
6.846689203144708,1,31.0,2520
6.8472547870880245,1,4.0,2521
6.847304719940844,7,4.0,1244
6.847333887989728,1,14.0,2522
6.847443491075967,1,5.0,2523
6.84838507843274,6,3.0,2199
6.849068851578652,1,2.0,2524
6.849523792280803,1,1.0,2525
6.849860565380677,1,1.0,2526
6.850269825786216,6,1.0,1915
6.85035301079534,1,60.0,2527
6.850549684620918,1,7.0,2528
6.851245776443891,6,3.0,2160
6.851284559803003,1,6.0,2529
6.8515213518254345,7,3.0,534
6.851646572826787,8,6.0,1207
6.851795105016085,1,35.0,2530
6.852093330746405,1,2.0,2531
6.852167879598975,6,7.0,1090
6.852175612883496,6,5.0,690
6.852326447606382,1,23.0,2532
6.853483443680359,7,57.0,218
6.853749588484922,6,55.0,2470
6.853822506173794,1,2.0,2533
6.8538796508041795,7,32.0,960
6.853953668192089,6,31.0,1787
6.854248776545214,6,1.0,1125
6.8542677092965665,6,42.0,2327
6.854277397940548,6,14.0,2142
6.855777518640796,6,14.0,568
6.855814784805757,1,1.0,2534
6.8564666336332465,6,45.0,1115
6.857177549183073,7,11.0,411
6.858368614383268,7,51.0,984
6.858407582078343,1,6.0,2535
6.858868247974156,1,45.0,2536
6.859266151082603,1,34.0,2537
6.859470091854804,6,7.0,2010
6.859569847712031,6,60.0,1461
6.859904879821817,1,2.0,2538
6.860498356621215,6,38.0,2001
6.8607861771083165,6,9.0,1769
6.862109045790092,6,54.0,2188
6.862464015449903,1,5.0,2539
6.863210905040594,7,9.0,402
6.863303291295392,1,2.0,2540
6.863402154226958,1,1.0,2541
6.863698099264183,1,2.0,2542
6.863781142562903,6,6.0,2319
6.8638865806263425,1,4.0,2543
6.864134035075707,1,10.0,2544
6.864143757273746,1,8.0,2545
6.864465598722154,6,6.0,2514
6.864540428855459,6,28.0,2348
6.865366720130684,6,3.0,1763
6.865821835381588,1,32.0,2546
6.86634970104705,1,12.0,2547
6.866653035694546,1,29.0,2548
6.866933347842716,7,3.0,963
6.86760175861866,1,50.0,2549
6.867666887381933,7,5.0,364
6.867929269156896,6,1.0,1587
6.868302001195712,8,3.0,1444
6.8683092044699245,6,27.0,1543
6.868698546302624,6,1.0,1670
6.868723355463978,1,19.0,2550
6.869606745355532,1,55.0,2551
6.869727566338864,1,42.0,2552
6.870276847444499,1,4.0,2553
6.870553235337553,1,3.0,2554
6.87075363394458,6,5.0,1114
6.870916461689442,1,8.0,2555
6.872223533100993,6,8.0,1164
6.872683564139488,6,7.0,828
6.872826999984908,7,2.0,638
6.872981307272136,1,1.0,2556
6.873126963719453,6,9.0,1610
6.873417407405638,9,8.0,893
6.873452883303125,6,12.0,2007
6.873557735670552,6,29.0,2012
6.873563083869701,1,9.0,2557
6.873786699049713,6,4.0,1701
6.873910084423695,6,14.0,1872
6.87394216591425,1,6.0,2558
6.873970326249635,1,25.0,2559
6.874043793273112,6,39.0,689
6.874266096592561,6,9.0,2450
6.874733833725799,6,4.0,1847
6.875603101529871,1,14.0,2560
6.8758696243341735,6,15.0,866
6.8759606902715475,6,2.0,1442
6.8759958274562285,7,5.0,1356
6.876190925513764,1,1.0,2561
6.87631308058258,6,18.0,2343
6.876651662781799,6,7.0,2187
6.876737776992186,6,1.0,2139
6.877055868193369,1,42.0,2562
6.877243794897803,1,1.0,2563
6.87739649595878,6,31.0,1091
6.877521320343977,1,45.0,2564
6.878672957729562,6,3.0,1867
6.879442849212669,6,2.0,1689
6.879747484729526,7,2.0,307
6.881041594147112,8,1.0,1132
6.881088220468403,7,25.0,787
6.881493839184008,1,20.0,2565
6.881653425047252,8,41.0,607
6.881732514216517,1,5.0,2566
6.882044967504814,1,1.0,2567
6.882233786763803,1,2.0,2568
6.88318586029816,1,7.0,2569
6.883361427238776,7,14.0,1658
6.883609490017591,6,34.0,1468
6.886284114108661,1,5.0,2570
6.886386846695679,1,1.0,2571
6.886436307603246,6,29.0,1516
6.886873954635359,6,2.0,2338
6.887200083909681,7,22.0,581
6.887256481615993,6,9.0,1603
6.887277761034667,8,7.0,776
6.8876225274947,1,22.0,2572
6.887648314240883,9,6.0,87
6.888174717506999,1,42.0,2573
6.888258173206207,6,1.0,1301
6.888314966784072,2,12.0,2574
6.888472015621748,6,16.0,1589
6.889199726498968,1,13.0,2575
6.890310660287355,6,2.0,1627
6.890394300816035,1,9.0,2576
6.890967187483893,6,10.0,2544
6.891475815704671,1,6.0,2577
6.891985858387416,6,50.0,1883
6.892454436578065,6,7.0,2353
6.892795482995495,7,1.0,83
6.8936571876558475,1,1.0,2578
6.894442473628693,6,5.0,2232
6.895076797887245,8,44.0,1425
6.8952884617087395,6,1.0,2479
6.8956154941333025,1,11.0,2579
6.895996591544832,1,25.0,2580
6.8963070317480355,7,4.0,941
6.897967770014891,6,3.0,1884
6.899103525704999,2,4.0,2581
6.899365631543169,8,24.0,1371
6.899505919137676,6,54.0,2202
6.899979287620166,2,11.0,2582
6.900474550879891,8,50.0,860
6.901075617163414,7,3.0,464
6.901880051281667,1,32.0,2583
6.902173538795136,6,2.0,2531
6.902484880170472,6,51.0,1870
6.903088286654771,6,54.0,1456
6.903993793162504,6,3.0,1921
6.904485758076406,1,11.0,2584
6.904883327148497,7,1.0,1512
6.905525887365975,1,3.0,2585
6.907526673348458,7,58.0,930
6.90831787266273,1,46.0,2586
6.90856263566272,6,5.0,1628
6.909790635319864,6,17.0,2275
6.909818412609006,9,53.0,909
6.911532098183822,6,53.0,1950
6.912167542311168,1,9.0,2587
6.913027695622617,6,3.0,2047
6.913152800937684,7,2.0,227
6.913499200714336,6,54.0,2437
6.913627210804694,6,32.0,1497
6.914195434650595,1,59.0,2588
6.914204326257932,6,4.0,2002
6.914332379400919,6,9.0,2478
6.914386991634444,8,56.0,539
6.914393948924713,1,10.0,2589
6.914558842787714,7,7.0,693
6.9152123212555425,6,3.0,2466
6.9153038864614915,1,8.0,2590
6.915331752615307,1,3.0,2591
6.916011974835498,7,2.0,1021
6.9164183708815115,1,2.0,2592
6.916909145787866,6,4.0,1507
6.916922312137453,9,1.0,509
6.9171303582274355,1,6.0,2593
6.917420482245613,6,44.0,2148
6.917691233663106,6,1.0,1906
6.9178171947695395,1,5.0,2594
6.918502851894279,1,2.0,2595
6.919993552259074,1,30.0,2596
6.920315194402055,6,2.0,2094
6.920613128377851,1,3.0,2597
6.921104197873154,1,4.0,2598
6.921604695018096,6,3.0,1990
6.921893191849187,6,11.0,2176
6.9222270219928035,8,5.0,1856
6.92250475074796,1,9.0,2599
6.9227109721686535,8,2.0,1459
6.923725098673561,1,46.0,2600
6.924374356255756,1,12.0,2601
6.924399337018599,1,6.0,2602
6.92508211168518,1,3.0,2603
6.925736476293642,1,3.0,2604
6.9260508212100245,1,1.0,2605
6.927352185530925,1,12.0,2606
6.927744545148803,6,14.0,2560
6.928148292713456,7,3.0,920
6.928222999830138,6,12.0,2547
6.928383917483406,6,4.0,2362
6.928974937066376,6,1.0,2072
6.929092269475979,1,3.0,2607
6.930093324796383,1,2.0,2608
6.9303405057969645,7,5.0,897
6.930602087145822,7,3.0,1232
6.931446718643414,7,9.0,115
6.93212085196389,1,3.0,2609
6.932432550201172,1,2.0,2610
6.933163752422164,6,7.0,1827
6.933391678255323,1,3.0,2611
6.933586560858992,1,57.0,2612
6.933755595930697,1,11.0,2613
6.936328161432414,6,18.0,889
6.93645648761503,8,2.0,1385
6.936481270997595,1,5.0,2614
6.936701603756131,6,34.0,2359
6.936766619820471,6,41.0,1525
6.936957852374135,1,1.0,2615
6.937278831015725,6,27.0,1304
6.938572788029318,9,51.0,927
6.938669550709173,1,2.0,2616
6.939891689846169,6,2.0,1790
6.9412518994960335,8,1.0,2139
6.941296196056003,1,3.0,2617
6.94140560772032,7,5.0,1289
6.94189579741934,7,13.0,1033
6.9419069183087805,8,1.0,1666
6.9421950541602495,1,2.0,2618
6.942533659095791,1,15.0,2619
6.94386345705985,6,10.0,2424
6.9441334793371325,6,1.0,2098
6.9459379493895295,6,56.0,832
6.945960121071866,1,1.0,2620
6.945990014415019,9,44.0,222
6.947374091227603,7,1.0,22
6.947528535494996,1,2.0,2621
6.948185641151017,6,4.0,2241
6.948536386736845,1,2.0,2622
6.948632009035783,7,57.0,435
6.949242941955104,1,42.0,2623
6.94937108016403,6,2.0,2244
6.949708015766402,1,2.0,2624
6.950270113330762,8,1.0,632
6.951321725880663,1,1.0,2625
6.951672567181261,7,7.0,1104
6.951815757774957,1,6.0,2626
6.952449040717863,1,28.0,2627
6.953414479157016,1,2.0,2628
6.953580257834397,1,3.0,2629
6.953714908459956,1,3.0,2630
6.954082184328493,1,2.0,2631
6.954461756653403,6,8.0,1729
6.9548928233875,6,56.0,1810
6.955525971586065,1,1.0,2632
6.956158221582313,1,7.0,2633
6.957500091224689,6,16.0,1099
6.9577757533215205,6,4.0,803
6.9583368099995715,6,34.0,1637
6.958416592186918,6,1.0,1623
6.95856988489566,6,3.0,2472
6.9588352611645945,6,2.0,2308
6.960868220383088,9,5.0,1124
6.960909773523246,6,29.0,2115
6.961150950385123,1,2.0,2634
6.9617034318443345,7,7.0,193
6.961818748877684,1,28.0,2635
6.9618332000728795,6,55.0,2551
6.962411813693668,1,46.0,2636
6.963149724702583,8,1.0,1303
6.963191173484641,6,42.0,2562
6.963893390300121,1,3.0,2637
6.9639284275606235,1,1.0,2638
6.964024674658172,6,1.0,2615
6.965241445012465,7,7.0,970
6.965427076973331,6,2.0,2337
6.96589064799676,1,3.0,2639
6.965910946075175,1,3.0,2640
6.966321710516209,7,10.0,716
6.966651626019776,1,11.0,2641
6.9674890985712095,6,6.0,2018
6.967721623274102,6,58.0,432
6.967949372458689,1,2.0,2642
6.968551724076635,9,45.0,820
6.9690929680823706,1,25.0,2643
6.969203373116438,1,28.0,2644
6.969267376615637,6,5.0,1622
6.969464613247276,6,5.0,2457
6.969532278859656,6,54.0,1345
6.969638453837622,6,36.0,2096
6.970258034960635,1,41.0,2645
6.97033964189139,1,14.0,2646
6.9707504809656005,1,9.0,2647
6.970799804734526,6,3.0,1137
6.971082189457047,7,56.0,465
6.971442361069425,1,31.0,2648
6.97195189345836,1,41.0,2649
6.97279394790711,6,6.0,2507
6.973010485254663,8,8.0,1756
6.973022917592565,1,9.0,2650
6.973242491058787,6,9.0,2587
6.973515952459935,6,9.0,2198
6.9735656076495385,6,8.0,2382
6.973712606354709,2,3.0,2651
6.974044594685281,7,34.0,1426
6.974077280162777,1,2.0,2652
6.974479173355057,6,31.0,2520
6.974890898732682,1,6.0,2653
6.974974715620747,6,34.0,2458
6.975270380721658,6,34.0,2224
6.976290013108379,1,2.0,2654
6.976459333027281,6,36.0,2293
6.977265239972679,6,2.0,794
6.977328512509254,6,3.0,2639
6.977611577687274,6,33.0,1789
6.977675662767422,1,43.0,2655
6.978074432575872,6,2.0,1533
6.97881193033855,8,59.0,1061
6.978830142605518,1,2.0,2656
6.978923245401519,1,3.0,2657
6.97945172336197,6,6.0,1386
6.9794600959380055,7,58.0,1135
6.979755033287062,1,12.0,2658
6.980101231581071,1,2.0,2659
6.98087434614673,1,3.0,2660
6.980893537936751,6,14.0,2646
6.981112107548869,1,1.0,2661
6.9814348403033915,1,4.0,2662
6.981999043368484,1,50.0,2663
6.982237528690341,6,40.0,1286
6.982486993655797,1,14.0,2664
6.9825266677720945,1,2.0,2665
6.982559152160732,6,4.0,1551
6.982881996710807,7,2.0,500
6.982932435876209,7,1.0,1155
6.983046049755159,1,1.0,2666
6.98344412458168,1,40.0,2667
6.983862274830829,1,7.0,2668
6.98410153455627,1,2.0,2669
6.9846219709171,6,1.0,2138
6.984695764160151,7,16.0,542
6.984752844163449,6,36.0,1753
6.984823723484391,7,46.0,343
6.985154977264212,1,1.0,2670
6.986980359960405,1,13.0,2671
6.987526641978141,6,11.0,2178
6.987602420766294,6,15.0,1151
6.987866303949261,1,20.0,2672
6.987882251504876,7,6.0,1588
6.988123445213414,1,30.0,2673
6.988229753434361,1,2.0,2674
6.988356952973107,6,58.0,2332
6.988607331507799,1,3.0,2675
6.988610983883674,6,3.0,1030
6.989722335561045,1,3.0,2676
6.990574065272402,1,8.0,2677
6.991295281803049,6,45.0,2516
6.991775036353169,6,5.0,2044
6.9918021602837275,1,3.0,2678
6.99184885420655,1,6.0,2679
6.9926474684808575,6,9.0,1613
6.992759791220311,6,13.0,1901
6.993440140538175,7,4.0,1153
6.994102122741844,1,39.0,2680
6.995668541191026,6,55.0,994
6.995947322833587,7,56.0,717
6.996077446722482,6,59.0,2588
6.996211450599642,8,2.0,2268
6.996868863690806,1,2.0,2681
6.9971587940121855,1,3.0,2682
6.997383006789234,6,3.0,2099
6.9975878623102465,1,4.0,2683
6.997606579809726,1,9.0,2684
6.99808607738153,1,2.0,2685
6.998342258326477,1,2.0,2686
6.9984150895439114,7,46.0,282
6.998835713927851,1,1.0,2687
6.999623872968023,1,5.0,2688
6.999694509620627,1,2.0,2689
7.000036868325046,1,25.0,2690
7.0000598504508105,6,4.0,1233
7.000693158579326,1,1.0,2691
7.001951413221778,6,34.0,2317
7.0020240609940725,7,51.0,1122
7.0022240742703605,7,9.0,120
7.003074334903457,6,2.0,1377
7.003603874081892,18,,0
7.003700654190131,101,2.0,2692
7.003750468713474,1,5.0,2693
7.00386584665099,8,2.0,1089
7.0041277730298885,9,46.0,168
7.004415559762427,6,8.0,199
7.004554062196984,1,3.0,2694
7.004963863480366,6,7.0,1258
7.005125962951842,6,2.0,1747
7.005126171693352,7,58.0,385
7.0056012368909375,1,17.0,2695
7.006186712947136,6,6.0,2155
7.006368531628895,6,2.0,2150
7.006902213263035,1,24.0,2696
7.007430502445489,6,12.0,2503
7.007885385679424,18,,0
7.007890759745978,101,12.0,2697
7.008029338507899,1,3.0,2698
7.008463042870521,18,,0
7.008484477992616,102,49.0,2699
7.0088949710920865,1,9.0,2700
7.00900444250823,18,,0
7.009028467332999,101,1.0,2701
7.009070105929484,6,23.0,2055
7.009301902515428,7,1.0,313
7.010009294224251,1,7.0,2702
7.011076768261436,1,4.0,2703
7.011157041852737,6,57.0,2144
7.0113247768383085,6,3.0,2033
7.011429754116875,1,27.0,2704
7.0120197260350965,1,23.0,2705
7.012315421846056,1,9.0,2706
7.012684607677585,18,,0
7.012733900976591,101,3.0,2707
7.012879559528771,18,,0
7.0128880824329265,101,8.0,2708
7.0130736527231585,18,,0
7.013076374213786,6,3.0,1694
7.013245803206915,6,5.0,2263
7.0135540982068285,101,1.0,2709
7.013582978595337,6,56.0,1952
7.013893782168327,7,8.0,1214
7.0143318731662285,6,11.0,2579
7.014551461037743,6,27.0,1641
7.01473195099253,6,5.0,1477
7.0148501422575125,6,7.0,1859
7.015077360940889,1,5.0,2710
7.015422045522637,7,10.0,1281
7.015481983691398,7,33.0,1845
7.015841572853085,6,5.0,2212
7.016370660255179,6,8.0,2197
7.016707548628674,1,40.0,2711
7.017030133011474,1,17.0,2712
7.017428599225263,18,,0
7.017504523137464,101,5.0,2713
7.017821751788104,1,5.0,2714
7.018543570362893,1,5.0,2715
7.018587695218613,6,53.0,2367
7.019028730038478,1,3.0,2716
7.019175242237302,18,,0
7.0193964667628155,101,2.0,2717
7.019455896542358,1,36.0,2718
7.019598959480438,1,1.0,2719
7.019958606571479,1,6.0,2720
7.020118667118131,1,3.0,2721
7.020141548391594,1,3.0,2722
7.020517191926587,18,,0
7.020643645259804,101,5.0,2723
7.021384431738494,1,46.0,2724
7.02166542658555,1,26.0,2725
7.021733410710473,1,1.0,2726
7.022090114733735,18,,0
7.022215657140163,101,7.0,2727
7.0222713856737355,1,60.0,2728
7.022795418463075,1,20.0,2729
7.02452809003342,18,,0
7.024543845116474,6,12.0,2283
7.0246393884822975,101,42.0,2730
7.02492645684,1,6.0,2731
7.025409369547298,7,38.0,586
7.025698428350088,6,22.0,2572
7.025832285403628,1,39.0,2732
7.025908113697582,18,,0
7.0260468651815104,101,6.0,2733
7.026347274349184,6,4.0,2256
7.026538343711836,1,6.0,2734
7.026706922621583,18,,0
7.026736603465376,101,6.0,2735
7.027131704879745,8,5.0,953
7.028157357039735,1,50.0,2736
7.02847622298293,1,6.0,2737
7.028854275646373,6,2.0,2464
7.029577125606115,6,1.0,1972
7.029635296199852,18,,0
7.029708586101946,101,35.0,2738
7.02988525227059,1,4.0,2739
7.0300620251086245,6,47.0,1129
7.030431615809477,1,1.0,2740
7.030604275854506,1,12.0,2741
7.030878270676054,18,,0
7.030887457651337,101,2.0,2742
7.031465554992435,6,8.0,2105
7.0314762923544425,6,5.0,2688
7.032239697145489,6,1.0,2329
7.03224948879776,1,12.0,2743
7.032258083758209,6,51.0,1363
7.032286378548543,6,12.0,2289
7.032703139537838,1,2.0,2744
7.032788963214612,7,9.0,204
7.032807921227896,6,9.0,2411
7.033032756692949,7,3.0,1186
7.033225335211909,6,51.0,1676
7.033340158629435,6,9.0,2700
7.033459782357796,1,40.0,2745
7.034073983810732,7,57.0,713
7.034170400374017,6,6.0,2323
7.0344085677013535,1,2.0,2746
7.034423263157995,6,59.0,2500
7.034523992596619,1,43.0,2747
7.034752343873206,1,49.0,2748
7.034888427078994,1,3.0,2749
7.036037353075077,6,25.0,2643
7.036051312231709,1,3.0,2750
7.0367746477936075,6,2.0,2309
7.03686385671698,7,2.0,628
7.037944924426843,9,26.0,89
7.038337356288199,6,6.0,2626
7.038485734582599,18,,0
7.038521965221023,101,58.0,2751
7.038594554211791,7,4.0,1391
7.0397099896988315,1,4.0,2752
7.039907609958571,8,30.0,1049
7.039922828351124,8,3.0,1259
7.039994330420095,1,3.0,2753
7.040009748555002,7,4.0,339
7.040437803616179,1,1.0,2754
7.040527228105594,18,,0
7.040705499673985,101,2.0,2755
7.0412836014858335,6,4.0,1292
7.042054045594525,1,5.0,2756
7.0421603311027985,1,49.0,2757
7.042696678334807,18,,0
7.042728304777777,101,9.0,2758
7.042856541476988,6,3.0,1776
7.043195449522904,1,41.0,2759
7.043495193099979,1,6.0,2760
7.04438182446361,1,15.0,2761
7.044533434605134,6,7.0,2668
7.044812982031263,7,39.0,1571
7.044961003984095,9,7.0,747
7.04538254590489,1,6.0,2762
7.045815723574969,1,1.0,2763
7.046504111247312,1,47.0,2764
7.046670152224715,8,1.0,1092
7.0472244518796066,6,7.0,2301
7.047465825357471,6,2.0,2681
7.047474406837006,6,50.0,2331
7.047589126970659,7,3.0,1319
7.047816320299735,6,5.0,1196
7.047819756965906,18,,0
7.04794308510784,101,51.0,2765
7.048208416047126,6,4.0,2292
7.048607674592045,1,2.0,2766
7.048805880757186,1,5.0,2767
7.04970527779888,6,5.0,1126
7.051015658136623,1,1.0,2768
7.051073006698864,6,37.0,2166
7.05117422673587,6,5.0,1996
7.051239115478,1,27.0,2769
7.05170081656669,1,9.0,2770
7.051904858342658,6,5.0,1621
7.052271249371448,1,11.0,2771
7.052645405958451,1,9.0,2772
7.052888216450121,8,12.0,2283
7.052918172685548,6,2.0,1586
7.053323792100494,1,24.0,2773
7.054057824676455,6,16.0,2302
7.055160010068669,1,2.0,2774
7.055602821384612,7,57.0,1352
7.055776921788907,1,6.0,2775
7.056098881573244,1,3.0,2776
7.0562346984202575,6,3.0,2749
7.056391200177868,6,1.0,1612
7.056638689988555,1,51.0,2777
7.056961436478201,1,1.0,2778
7.057030924461248,7,1.0,1449
7.057205421973277,1,5.0,2779
7.0572739311009745,1,3.0,2780
7.0573462723578295,1,10.0,2781
7.058155387236249,6,4.0,1085
7.0582922781229875,7,1.0,1149
7.059048956154559,1,31.0,2782
7.059403840191681,6,1.0,2425
7.059914430205502,1,2.0,2783
7.060134368230846,1,1.0,2784
7.060217141674258,7,51.0,1215
7.0602876687077485,1,13.0,2785
7.0609870869331655,6,2.0,1403
7.061091070332011,6,52.0,685
7.06175088667308,6,43.0,1700
7.061757496715393,8,58.0,2751
7.062353502432016,7,5.0,835
7.063217979961441,1,3.0,2786
7.063466340346777,7,15.0,257
7.064135285334235,6,3.0,2485
7.064265158118305,7,1.0,1058
7.064763974376214,1,6.0,2787
7.06478972937531,1,59.0,2788
7.064797244754322,6,2.0,2652
7.065120605396423,6,35.0,1669
7.065652939073523,1,8.0,2789
7.065896424796583,1,47.0,2790
7.0659022105684315,7,47.0,697
7.066092332874257,6,37.0,2236
7.066885654257497,1,4.0,2791
7.0671930208527165,7,1.0,1109
7.067643748046962,8,6.0,1335
7.06859545452236,1,12.0,2792
7.068871632958036,9,1.0,1303
7.06908275247072,1,2.0,2793
7.070143269160574,1,4.0,2794
7.070268115874894,1,43.0,2795
7.07154069626731,6,34.0,919
7.072171698421091,6,7.0,2363
7.072286337104245,6,29.0,1565
7.072615310041842,1,3.0,2796
7.072691285994685,6,51.0,1300
7.073474646021542,1,3.0,2797
7.073616682983813,1,6.0,2798
7.0737717935890165,1,13.0,2799
7.074621387373513,7,12.0,774
7.074985610701094,7,59.0,712
7.0751244215210045,7,3.0,948
7.075175906556725,8,5.0,2044
7.07585814165655,6,33.0,2190
7.075988527457268,1,11.0,2800
7.076051581913603,6,50.0,2736
7.076600837921663,8,9.0,937
7.077933243936334,6,26.0,1110
7.07813434342783,6,2.0,2412
7.078656443511724,6,5.0,1765
7.078818572538559,1,59.0,2801
7.078927410455773,6,4.0,1597
7.079135561634361,1,12.0,2802
7.079368930660534,1,5.0,2803
7.079460954513253,6,7.0,1361
7.07981533399375,6,10.0,2589
7.079979036362524,6,4.0,2519
7.080124646737811,1,4.0,2804
7.080401777349817,1,14.0,2805
7.0810732619223895,1,1.0,2806
7.082304290881465,6,4.0,2022
7.083975118766347,1,1.0,2807
7.084562048546588,1,5.0,2808
7.084810612882789,6,2.0,2642
7.084928018558928,6,6.0,969
7.085123529586228,1,3.0,2809
7.085361517561755,1,12.0,2810
7.085504342729602,6,1.0,1044
7.085513636351887,1,8.0,2811
7.085658216213561,1,8.0,2812
7.085669749593867,7,45.0,756
7.085775730590985,7,28.0,997
7.086324960797981,1,25.0,2813
7.086821352995028,6,59.0,2801
7.087093292568973,1,7.0,2814
7.08744819651971,1,59.0,2815
7.087971372777713,1,1.0,2816
7.088921343477588,8,18.0,1766
7.0891423802027695,1,2.0,2817
7.089436625827756,1,7.0,2818
7.090188899479486,1,8.0,2819
7.090203378073013,1,3.0,2820
7.090517507894875,6,1.0,2526
7.091391682502252,1,25.0,2821
7.09173493155047,1,3.0,2822
7.092253953965645,6,6.0,1578
7.092351533162602,1,41.0,2823
7.092408823868191,1,7.0,2824
7.092745980201668,6,6.0,2132
7.092769368358104,7,21.0,213
7.092799799926928,2,4.0,2825
7.092976880258051,6,4.0,1824
7.093094288268956,7,22.0,430
7.093627608482902,1,30.0,2826
7.0936947598034585,6,1.0,1817
7.094110329254925,6,3.0,1821
7.094429569336753,1,1.0,2827
7.094679625601338,6,9.0,2770
7.0948882551893195,1,16.0,2828
7.094919871385029,1,31.0,2829
7.094945026584735,7,52.0,932
7.0955018238072345,6,40.0,1926
7.095631836966514,1,7.0,2830
7.095753270020238,6,46.0,1390
7.095789464132439,1,5.0,2831
7.097286279636712,1,3.0,2832
7.097748511992119,6,5.0,1501
7.0979695083151535,6,2.0,1118
7.097998182623771,6,1.0,710
7.098542132763594,6,31.0,2167
7.098629682642302,1,42.0,2833
7.098685992139544,6,46.0,2449
7.098921990880931,1,1.0,2834
7.099324543268388,1,41.0,2835
7.0994910716214035,1,40.0,2836
7.09959125487181,7,8.0,1569
7.100275759322759,6,2.0,1263
7.1011863768842725,6,6.0,2429
7.1021163636335904,1,4.0,2837
7.102414829860919,1,1.0,2838
7.103235657268701,1,1.0,2839
7.103278863516624,1,1.0,2840
7.1035953831048895,1,10.0,2841
7.103917391609728,1,43.0,2842
7.104902803724777,1,2.0,2843
7.105458868399929,6,3.0,2223
7.105846104934341,6,22.0,1673
7.106539607815078,1,19.0,2844
7.106560465716766,1,52.0,2845
7.106831214181737,7,60.0,564
7.1069116542233655,6,3.0,2014
7.107127919699152,1,1.0,2846
7.107702143247083,2,59.0,2847
7.107726411394174,1,2.0,2848
7.109136805017376,1,4.0,2849
7.109844964385139,1,12.0,2850
7.111039400337257,6,28.0,2627
7.112088712415197,1,2.0,2851
7.1123868927792735,6,54.0,1969
7.112703465265197,1,2.0,2852
7.112734222435332,1,21.0,2853
7.113213526928561,6,50.0,2549
7.113519547658393,7,1.0,1169
7.113627150440265,1,1.0,2854
7.113797374600166,1,42.0,2855
7.113847233371468,2,56.0,2856
7.114723149630228,9,44.0,766
7.1150719443310955,6,32.0,812
7.115832324799827,6,42.0,2110
7.115877366503117,6,43.0,613
7.117059413295499,1,55.0,2857
7.117069970355859,7,46.0,1638
7.117186774080274,6,12.0,1659
7.117380628771625,6,6.0,1308
7.118532661758403,1,1.0,2858
7.119540735836646,9,44.0,859
7.1197721229600575,6,6.0,2121
7.121487200441274,1,4.0,2859
7.122035956929264,7,3.0,802
7.123340477468252,6,2.0,1707
7.123525512175719,1,9.0,2860
7.12431571920327,6,8.0,1927
7.124514398366516,7,17.0,1767
7.124713233051136,1,1.0,2861
7.125285850023729,1,23.0,2862
7.1253180709441155,6,8.0,2431
7.1253199819552275,6,3.0,2222
7.1253557341796645,1,5.0,2863
7.125943452939814,1,2.0,2864
7.126253478047555,1,30.0,2865
7.1264079805519325,6,11.0,2068
7.126452596220943,6,16.0,2828
7.126470431615948,6,56.0,2856
7.12667864826173,6,2.0,2290
7.127209908032849,1,2.0,2866
7.127516911848155,1,4.0,2867
7.128013338034383,7,6.0,567
7.128311347802452,6,11.0,1722
7.128585843074978,1,9.0,2868
7.128621938965733,1,25.0,2869
7.129151819641749,7,49.0,751
7.129507217815956,7,6.0,918
7.129735511524471,7,56.0,368
7.130274455543618,1,6.0,2870
7.13027736667154,7,5.0,810
7.13065780256245,7,31.0,378
7.131406034052799,7,5.0,870
7.131413058106769,6,12.0,2658
7.131549660944426,1,41.0,2871
7.131950316275306,6,45.0,2129
7.131951681872073,1,3.0,2872
7.132169718344863,1,2.0,2873
7.13228006304339,1,41.0,2874
7.132546832327739,1,4.0,2875
7.132797306042006,6,6.0,2288
7.133538665525184,1,9.0,2876
7.133991392643528,1,44.0,2877
7.134294271451804,1,6.0,2878
7.134765851507254,1,3.0,2879
7.134780990945558,1,56.0,2880
7.135032478808649,1,8.0,2881
7.135112953350039,1,39.0,2882
7.135257735549143,6,3.0,1201
7.135294302123908,6,1.0,352
7.1354857221031915,8,41.0,1179
7.135727663297656,6,3.0,2151
7.136026119854564,7,1.0,1548
7.136582894925998,1,2.0,2883
7.1367628521715565,1,12.0,2884
7.136964767903688,1,9.0,2885
7.137125735385959,1,6.0,2886
7.137997348527352,1,1.0,2887
7.13939652378969,1,26.0,2888
7.139778741958368,6,39.0,2882
7.139934543253968,1,5.0,2889
7.140221968378968,1,11.0,2890
7.140428620954158,1,1.0,2891
7.141145509998654,6,1.0,2056
7.142106876142146,1,1.0,2892
7.142803840405525,1,10.0,2893
7.143177314201264,1,7.0,2894
7.143471511296557,1,41.0,2895
7.143474935042269,1,12.0,2896
7.144064586292753,1,14.0,2897
7.144081807527472,6,23.0,2532
7.144154998700697,1,3.0,2898
7.144381395424894,6,2.0,2465
7.144774992077093,1,6.0,2899
7.145475664108826,6,1.0,2508
7.14574943797939,2,3.0,2900
7.14577290935883,1,43.0,2901
7.145836546676083,1,4.0,2902
7.146252272530584,1,7.0,2903
7.146354700564846,8,41.0,483
7.146361121329497,6,49.0,2220
7.146633155035649,1,2.0,2904
7.146658885582503,1,4.0,2905
7.147036838688382,1,4.0,2906
7.147357795879208,1,6.0,2907
7.147364596648517,7,42.0,833
7.148030730365303,6,4.0,2108
7.148212883954099,6,5.0,2049
7.1485773729977815,1,4.0,2908
7.148818258242008,1,6.0,2909
7.149468916661792,1,10.0,2910
7.1498922423166835,6,4.0,1031
7.149912050239498,7,7.0,1503
7.150152683969317,8,53.0,711
7.150591513402163,6,50.0,1168
7.150913847520811,1,3.0,2911
7.150951409260318,6,1.0,2175
7.1513453925043,7,4.0,1918
7.151681910534814,1,46.0,2912
7.151738336492131,1,2.0,2913
7.152852727894018,1,1.0,2914
7.153231148873554,6,47.0,2391
7.154321202573771,1,50.0,2915
7.154455119756485,6,1.0,1981
7.154647339296925,6,56.0,1692
7.155590783897371,1,1.0,2916
7.155933000598244,8,57.0,904
7.156454198840683,1,2.0,2917
7.1572638460564715,6,56.0,2441
7.157387066798351,6,3.0,1946
7.15761994787632,1,50.0,2918
7.1580852581048084,6,6.0,2787
7.158760534456096,7,10.0,814
7.1587880789704785,8,3.0,993
7.160379699754718,8,4.0,1683
7.160411953965393,1,7.0,2919
7.160628085399058,8,2.0,1654
7.160822145590702,1,1.0,2920
7.16171016430045,1,34.0,2921
7.162086586077912,1,2.0,2922
7.1623194269621635,6,32.0,928
7.162586721773816,9,3.0,1000
7.16264363887256,6,6.0,2909
7.163173483044987,1,48.0,2923
7.163191600391162,1,1.0,2924
7.163429897357349,1,9.0,2925
7.16438404216495,1,2.0,2926
7.164727179365475,6,2.0,2307
7.164928865676675,1,2.0,2927
7.165177715478403,1,1.0,2928
7.165794002198453,9,18.0,594
7.16590359788089,1,40.0,2929
7.166533854965995,1,6.0,2930
7.167141388959356,7,59.0,1822
7.167287369490497,1,3.0,2931
7.167350957253619,6,5.0,2523
7.167588036954111,6,5.0,2320
7.167769456463816,8,8.0,1130
7.167996580786718,1,38.0,2932
7.168036847609692,9,11.0,436
7.168072163026416,8,6.0,557
7.168079061438229,1,6.0,2933
7.16892128183998,6,60.0,2239
7.169387695214416,1,5.0,2934
7.169523592366584,1,2.0,2935
7.170320368316137,1,4.0,2936
7.170712242116198,7,3.0,1801
7.17090461437177,1,3.0,2937
7.171153852750318,6,1.0,2740
7.171498843982451,6,2.0,1836
7.1730007017722945,6,4.0,1857
7.173479788906465,1,3.0,2938
7.173769515607021,7,1.0,200
7.1740419832172435,7,48.0,686
7.175210793483569,9,6.0,50
7.176489265478549,7,2.0,1366
7.177517832384355,2,1.0,2939
7.178304914905289,6,6.0,2455
7.178531144532724,7,1.0,882
7.17876937028479,9,57.0,386
7.178888865745768,1,3.0,2940
7.178903995883055,1,2.0,2941
7.179035567160076,6,14.0,2664
7.179689554175466,1,40.0,2942
7.180802485429069,1,16.0,2943
7.181015466898281,6,6.0,2384
7.182064997589807,1,54.0,2944
7.182798399235029,6,3.0,2898
7.183498052909213,1,7.0,2945
7.184294708388341,8,47.0,807
7.185558583451522,7,3.0,1174
7.185616762728067,7,48.0,606
7.185931735588895,8,58.0,373
7.185944188967376,6,3.0,2630
7.186052019425934,7,2.0,809
7.186605628512558,1,2.0,2946
7.186699332864876,1,23.0,2947
7.186925004501465,1,3.0,2948
7.187136498472011,6,39.0,2680
7.187297637480619,6,4.0,2157
7.187860489016581,6,35.0,1435
7.188915021721391,6,9.0,1672
7.189611149150645,7,48.0,824
7.18980440682032,6,4.0,2243
7.189962769910677,6,1.0,2123
7.190064143623692,8,50.0,1913
7.190655592472355,6,8.0,1805
7.190806511260957,7,29.0,337
7.191172083044945,6,5.0,2863
7.19135535294459,6,4.0,2825
7.191759858154439,6,43.0,2747
7.191781414378581,7,3.0,1521
7.191955704116847,1,58.0,2949
7.192533677864736,6,1.0,2525
7.192672334975647,1,2.0,2950
7.193069820027102,1,30.0,2951
7.193207279419061,1,1.0,2952
7.1932643640896785,1,3.0,2953
7.193779716435426,6,33.0,2402
7.1941659871906145,1,1.0,2954
7.194235620484486,6,4.0,2906
7.194916492027453,1,2.0,2955
7.195252675166167,1,5.0,2956
7.19532465103825,6,7.0,2818
7.195329177400878,1,44.0,2957
7.195693075071663,6,3.0,2948
7.195700593190048,1,25.0,2958
7.196129201258582,7,16.0,104
7.196268299031781,7,25.0,845
7.196389762250984,1,16.0,2959
7.196691477860066,1,58.0,2960
7.196886577376917,6,2.0,2783
7.196980259404983,6,3.0,2698
7.1975886275708945,6,50.0,2663
7.1977770249245925,6,3.0,2780
7.198319843455975,8,18.0,851
7.198722340748229,6,2.0,2927
7.199014330099578,2,16.0,2961
7.199408096285909,7,47.0,670
7.200079934910544,1,4.0,2962
7.200203357957401,1,59.0,2963
7.200668161212667,1,2.0,2964
7.201918859145242,7,2.0,682
7.202161967069912,7,3.0,621
7.202965667435241,1,2.0,2965
7.20322481135455,1,7.0,2966
7.203647399469842,6,2.0,2568
7.204667524297806,6,15.0,2215
7.205113024072585,6,39.0,2732
7.205351785649606,6,7.0,1940
7.205770827195352,6,44.0,1853
7.207132232555427,1,59.0,2967
7.207573801084665,7,3.0,1375
7.208254259377022,1,4.0,2968
7.208556952391008,1,6.0,2969
7.208564673846288,6,13.0,2314
7.208675359946943,7,7.0,566
7.208987640199463,6,2.0,371
7.209417795646685,1,5.0,2970
7.209560520972347,1,6.0,2971
7.209657837499857,6,4.0,2581
7.209878053970028,1,5.0,2972
7.210246688630449,1,8.0,2973
7.2114551186041265,7,1.0,699
7.212048346788045,6,4.0,2962
7.212317453915148,6,3.0,2006
7.212458837882621,6,58.0,2949
7.213188187734606,6,6.0,1500
7.21399738670032,3,53.0,2974
7.214692700457907,1,3.0,2975
7.214781400861455,7,1.0,1479
7.2150923765484185,6,57.0,2612
7.215899519257017,1,5.0,2976
7.216924441032606,7,8.0,680
7.217422098467529,1,9.0,2977
7.217472546411412,6,21.0,2853
7.21921467545787,1,7.0,2978
7.219508126639732,7,4.0,1208
7.219666273590074,6,1.0,2097
7.219945819934207,7,30.0,1480
7.220269184481309,1,4.0,2979
7.220843808066962,8,16.0,1889
7.22117248107305,6,58.0,2461
7.221580112388656,1,44.0,2980
7.221719363153057,7,7.0,1035
7.222244964304923,6,58.0,2194
7.2233315966475775,8,6.0,2121
7.224945664009501,8,34.0,919
7.225334500107599,6,1.0,2372
7.225980311712387,9,50.0,630
7.226360998399679,9,12.0,786
7.226567959030468,1,6.0,2981
7.2277636103983305,6,2.0,2491
7.228159214622892,1,3.0,2982
7.229299864549941,1,60.0,2983
7.229519984741291,1,47.0,2984
7.230112300004351,8,1.0,1587
7.23036011930043,7,3.0,1538
7.2304174806353245,1,3.0,2985
7.231231829472291,7,3.0,864
7.231312266485586,6,9.0,2599
7.231346593805569,7,7.0,342
7.231553833670582,6,4.0,2521
7.2315985465343795,1,9.0,2986
7.231944118316519,1,1.0,2987
7.231972513393918,8,47.0,954
7.232121959980747,7,35.0,1555
7.232301215759071,1,7.0,2988
7.232498332422617,7,44.0,1316
7.232803992174786,7,8.0,764
7.232926226186651,6,5.0,1876
7.233384271682823,8,1.0,1423
7.2333902172321025,8,7.0,2016
7.233664041250573,1,9.0,2989
7.234735731362808,6,6.0,1068
7.234854961378984,1,1.0,2990
7.234900583416804,8,33.0,456
7.235220036504928,6,11.0,2066
7.236214147848339,1,5.0,2991
7.236284234137976,1,13.0,2992
7.236579927392702,7,3.0,694
7.237166651794037,1,29.0,2993
7.237226041745565,6,50.0,2506
7.237262187243118,7,8.0,577
7.237291888920247,1,5.0,2994
7.2373598876125875,7,2.0,873
7.237899759875376,7,43.0,91
7.238583438354944,6,3.0,2313
7.239009517825685,6,23.0,771
7.239093172434041,7,1.0,1717
7.240018082699774,1,3.0,2995
7.240197260693859,1,11.0,2996
7.24032010485788,1,9.0,2997
7.24103739752926,6,46.0,2912
7.2412322580834,7,7.0,753
7.241419151895607,1,3.0,2998
7.241534999479387,1,1.0,2999
7.241674490042646,6,1.0,2887
7.2424990439436945,1,1.0,3000
7.242646377427913,1,4.0,3001
7.242841490024592,6,2.0,1895
7.2428980527557,6,1.0,2571
7.243566519157378,1,2.0,3002
7.243878075543108,6,13.0,2799
7.243910724001797,1,40.0,3003
7.2441887918746435,3,31.0,3004
7.244593517235553,6,1.0,2858
7.245099777434578,6,11.0,2177
7.246168999736652,1,6.0,3005
7.246179154686303,9,3.0,1108
7.246724091122254,1,4.0,3006
7.246893081255083,6,2.0,2634
7.24700647577258,7,19.0,521
7.247284313726643,1,3.0,3007
7.247426544940813,6,27.0,1814
7.247647274276535,1,2.0,3008
7.248222624843956,1,42.0,3009
7.248223873866848,7,1.0,558
7.248741587450547,7,6.0,1835
7.249189816523538,8,8.0,938
7.249547254111685,7,3.0,1483
7.249617979203991,6,5.0,2462
7.249836253906324,6,16.0,2961
7.249950246922039,6,3.0,2217
7.250749193656843,9,53.0,711
7.252302733616855,6,5.0,2594
7.252420433182532,6,3.0,1697
7.252903919944956,6,60.0,439
7.252933872899383,6,43.0,1414
7.253352090864652,6,34.0,2311
7.253402840470527,1,55.0,3010
7.254190392310786,6,1.0,1648
7.255261995267395,7,46.0,292
7.255504482020359,1,1.0,3011
7.255727490213677,8,46.0,1175
7.2557431692102545,1,9.0,3012
7.256955484068486,1,5.0,3013
7.257667210411357,6,7.0,1896
7.2586846856910485,6,46.0,1087
7.258758938024302,1,57.0,3014
7.260110472290835,7,3.0,1445
7.260241572265231,8,6.0,2155
7.2619405654117415,6,1.0,1916
7.262118469295448,6,55.0,999
7.262570096110171,6,17.0,1493
7.262587691272528,1,13.0,3015
7.263230601335935,1,7.0,3016
7.263232955019158,1,32.0,3017
7.2643274322251425,7,38.0,1217
7.264481229661942,6,1.0,2561
7.26462190955155,1,24.0,3018
7.264846997764709,1,2.0,3019
7.265422561680517,1,26.0,3020
7.265879253808215,6,57.0,2126
7.2662895638752065,7,56.0,513
7.2662895638752065,16,56.0,513
7.26635960468225,1,3.0,3021
7.266533896814459,1,1.0,3022
7.267303277710564,8,28.0,1315
7.267412453670132,1,9.0,3023
7.267947746390685,1,42.0,3024
7.267966615112406,6,1.0,1635
7.267986309636816,1,4.0,3025
7.267999177918474,7,1.0,1297
7.268011119594877,6,52.0,1593
7.268219920871875,8,2.0,2252
7.268444772666008,6,1.0,2541
7.2685647057823175,1,9.0,3026
7.268595818881373,6,8.0,2180
7.268983137431537,6,1.0,2172
7.269166458153265,8,1.0,1353
7.269640963792161,8,1.0,2740
7.269707540157186,1,1.0,3027
7.2703417727572655,6,1.0,2567
7.271179538476235,6,2.0,2430
7.271837112589843,7,52.0,1123
7.271837112589843,16,52.0,1123
7.272227104016712,1,8.0,3028
7.272301817790609,7,25.0,983
7.272318583404104,8,1.0,839
7.273030443566422,1,1.0,3029
7.273046731694958,6,54.0,2944
7.273697443257422,1,9.0,3030
7.274407764472984,6,5.0,1511
7.2752454341444786,6,6.0,2054
7.277842420313195,6,2.0,1806
7.278309585023156,6,1.0,2726
7.27868347461189,1,2.0,3031
7.278687555290628,1,1.0,3032
7.2789146555871005,6,4.0,2340
7.27931490172865,1,2.0,3033
7.279384383969048,1,8.0,3034
7.279467107270879,1,47.0,3035
7.280516383659056,1,2.0,3036
7.2809375757413495,6,10.0,1660
7.280967973153104,1,6.0,3037
7.280985397722485,9,7.0,1678
7.281030307528148,1,8.0,3038
7.281096737655535,1,48.0,3039
7.281540284967511,2,5.0,3040
7.281855825129099,8,2.0,1828
7.282347292048359,8,58.0,2194
7.28272585752998,1,4.0,3041
7.282971264621235,1,49.0,3042
7.283299775279397,6,49.0,3042
7.2838737083911305,3,52.0,3043
7.2838791533687886,8,5.0,1615
7.283886680864564,6,46.0,2395
7.284031608480805,7,46.0,1567
7.284144131447265,1,3.0,3044
7.284828684997964,7,5.0,1831
7.285127660688706,8,5.0,1343
7.285206483392125,8,8.0,906
7.285595331609958,6,10.0,2841
7.285702823460131,1,6.0,3045
7.285858781931633,6,38.0,1188
7.287066248514552,1,14.0,3046
7.2871003055954375,1,6.0,3047
7.287170172408838,1,48.0,3048
7.2878833746573175,7,17.0,1396
7.288383498020027,1,4.0,3049
7.289544695241986,7,1.0,1389
7.28987722367046,1,55.0,3050
7.289924593289267,1,3.0,3051
7.290458459216741,6,5.0,2972
7.290687895683087,1,9.0,3052
7.290698479170303,1,7.0,3053
7.290728503314488,6,1.0,2029
7.290784847014451,7,4.0,2002
7.290839205295085,1,1.0,3054
7.291001518440051,6,2.0,1903
7.291167008712044,6,2.0,2793
7.291312640299694,1,8.0,3055
7.2913353090726645,9,27.0,813
7.291895999143645,1,24.0,3056
7.291977706392545,1,22.0,3057
7.292068215396459,1,12.0,3058
7.292195650631365,7,53.0,1325
7.292471039049619,2,4.0,3059
7.292722589210665,1,2.0,3060
7.2935282788857325,1,1.0,3061
7.293711632332012,2,19.0,3062
7.294050418080243,1,3.0,3063
7.294171288246229,6,3.0,1931
7.295054674891659,9,30.0,405
7.295054674891659,16,30.0,405
7.295399123257834,7,41.0,637
7.295821565316618,6,42.0,2573
7.296767849303535,1,5.0,3064
7.297133400956303,1,1.0,3065
7.297215808040243,1,5.0,3066
7.297219230113526,1,2.0,3067
7.297232361944234,7,11.0,727
7.298168075764876,1,1.0,3068
7.298953774197773,6,18.0,2433
7.299008190600029,1,3.0,3069
7.299121138002813,7,56.0,1378
7.299257190068744,6,1.0,1264
7.2995907057493365,1,6.0,3070
7.299632103000651,1,2.0,3071
7.299841945086393,2,12.0,3072
7.299876062950816,6,3.0,2998
7.29991234611222,6,1.0,2806
7.300516287110973,6,15.0,1438
7.302363413872001,6,1.0,2563
7.302516490008768,8,42.0,2110
7.302517498157887,6,5.0,2356
7.30264731455908,1,4.0,3073
7.302658506089784,1,4.0,3074
7.302924320943349,6,6.0,2328
7.303258442305665,1,8.0,3075
7.3033083643486245,1,10.0,3076
7.303343729870983,1,5.0,3077
7.303714607970555,8,2.0,451
7.303892034605681,6,6.0,2760
7.304324899147494,9,41.0,483
7.304773243209423,9,33.0,905
7.304864356847907,1,3.0,3078
7.305800134368385,6,57.0,3014
7.306673322049452,9,1.0,1982
7.30846851517011,6,9.0,2432
7.308485068855113,7,2.0,726
7.308602517270485,1,51.0,3079
7.308772267002409,7,41.0,857
7.3099415529085405,1,3.0,3080
7.309980578612592,6,20.0,790
7.310041290425953,9,56.0,92
7.310489071159075,2,57.0,3081
7.310979256850808,1,17.0,3082
7.311038855767007,6,2.0,2214
7.311278033876282,9,3.0,441
7.3116761419639005,1,4.0,3083
7.312246234411502,1,18.0,3084
7.312299138699905,1,8.0,3085
7.3123042793278445,1,55.0,3086
7.312437567880333,1,1.0,3087
7.312474484842102,6,3.0,1038
7.312664130497435,6,45.0,1934
7.312896487662323,1,2.0,3088
7.313036622863966,1,5.0,3089
7.313172632434059,1,45.0,3090
7.313313751349343,1,6.0,3091
7.313527293875111,1,2.0,3092
7.314037486935202,7,3.0,189
7.3141742070911855,1,5.0,3093
7.31459006479934,1,24.0,3094
7.314750544815673,8,5.0,1860
7.314831791502811,6,3.0,2722
7.31510400140145,1,16.0,3095
7.315702750636122,6,2.0,2533
7.315935960750328,1,1.0,3096
7.3159480658746086,6,4.0,2979
7.316578790119618,2,14.0,3097
7.317590127531949,7,15.0,511
7.317696940241129,1,1.0,3098
7.317872602513905,1,12.0,3099
7.318391244817896,7,4.0,541
7.318417962620961,1,1.0,3100
7.31914912287946,6,21.0,1754
7.319321619658332,6,6.0,2577
7.31961212577367,7,49.0,327
7.320040650729347,6,4.0,2553
7.320347642358934,7,44.0,982
7.321350025854006,1,17.0,3101
7.321848551278148,1,2.0,3102
7.321930141165613,7,15.0,1911
7.322149703841215,1,1.0,3103
7.323251337524774,1,3.0,3104
7.3233486208371215,1,2.0,3105
7.32349341267045,1,5.0,3106
7.323916210568541,6,5.0,1888
7.3248512197579965,6,1.0,2171
7.3249857921985875,1,12.0,3107
7.325059648663826,8,55.0,999
7.325318418431289,7,33.0,1253
7.325729347288135,6,5.0,1340
7.325827065823157,9,59.0,1061
7.326346549090598,6,14.0,1142
7.326875594339186,1,25.0,3108
7.327423901651124,1,10.0,3109
7.327718080750714,6,5.0,2803
7.328102688856056,6,46.0,2502
7.328692352737271,1,10.0,3110
7.328701198101292,1,2.0,3111
7.328948381726701,7,1.0,295
7.329092704226616,6,53.0,2297
7.32917799787931,6,6.0,2720
7.329698155593714,6,6.0,2798
7.330381468224161,1,1.0,3112
7.330853871617993,1,9.0,3113
7.33102372710599,6,6.0,2334
7.331562414446264,6,1.0,1374
7.331774227327278,9,44.0,1017
7.332327102942453,9,1.0,1666
7.333367738951276,6,3.0,2436
7.333444861333388,6,53.0,947
7.3335725743306766,7,1.0,281
7.333623524432923,8,9.0,2758
7.33368910676035,6,6.0,3037
7.33391631978255,1,11.0,3114
7.334140189986514,1,7.0,3115
7.334142832483762,6,11.0,2387
7.334225873736755,6,25.0,2559
7.334922444886256,6,57.0,831
7.336070556890126,6,3.0,2796
7.3367240170712495,1,1.0,3116
7.336882039390591,6,48.0,1473
7.337140276062928,1,5.0,3117
7.337453091331915,6,5.0,2225
7.337822120522916,7,12.0,1228
7.337986343913844,1,1.0,3118
7.33835921615358,1,6.0,3119
7.338783439018994,1,59.0,3120
7.339149281326062,6,6.0,2505
7.339473948021307,1,3.0,3121
7.339729649784302,6,2.0,2864
7.340003213686272,1,1.0,3122
7.340109125214011,1,2.0,3123
7.340699728972824,6,25.0,1726
7.341256202564541,7,1.0,182
7.341617338873315,6,32.0,1696
7.341739500735172,6,2.0,3123
7.3423260809275845,6,29.0,2548
7.342680525705276,7,23.0,346
7.342892063930889,1,2.0,3124
7.3430146679068145,1,1.0,3125
7.343362264022813,1,21.0,3126
7.343494655477356,6,2.0,2766
7.343722673974215,6,3.0,3080
7.343739658525554,1,6.0,3127
7.343833800155289,6,19.0,2015
7.343978458778466,6,6.0,2762
7.344089290261724,1,2.0,3128
7.344288254725143,6,9.0,2989
7.3447138689182765,6,3.0,1751
7.345342404237554,7,12.0,395
7.345460413928427,6,18.0,2227
7.345637961237287,7,3.0,1943
7.345660023689502,6,5.0,2298
7.346482201895583,7,55.0,285
7.346548332674718,2,55.0,3129
7.347458321195492,6,2.0,2659
7.348180090495125,6,41.0,2106
7.348312241722936,8,2.0,2430
7.34833266870269,7,7.0,2154
7.348611227106106,6,5.0,1675
7.349036391345839,6,46.0,2586
7.349277846236299,1,4.0,3130
7.349644023429635,6,39.0,2377
7.349737109565956,6,33.0,2335
7.349747456731815,1,36.0,3131
7.349811361033058,6,13.0,527
7.350694348630911,1,60.0,3132
7.3509249365419205,1,8.0,3133
7.351106792739163,6,36.0,2339
7.351132469766069,1,1.0,3134
7.351308235767661,1,9.0,3135
7.351778535583842,6,3.0,2381
7.352243931218867,6,2.0,2595
7.352477152617277,1,8.0,3136
7.35279910312615,8,2.0,1464
7.353007943630734,8,2.0,2717
7.353089911403387,1,31.0,3137
7.353609538393291,1,5.0,3138
7.353704875099713,6,1.0,2625
7.353767816799513,8,36.0,2064
7.3541074203818715,6,46.0,2600
7.354524914095398,1,2.0,3139
7.354554621666383,7,2.0,434
7.354995211147131,1,4.0,3140
7.355276217180629,7,4.0,620
7.356056217980767,1,1.0,3141
7.356198063360277,8,51.0,1870
7.356326308449301,1,23.0,3142
7.356339421626951,1,13.0,3143
7.358180038654379,1,2.0,3144
7.358456680523947,7,1.0,481
7.360489886421763,6,8.0,2812
7.360616536517953,1,29.0,3145
7.360753382815212,6,43.0,2504
7.360874777773555,6,1.0,2816
7.360950145849623,7,8.0,1016
7.361054204075015,1,5.0,3146
7.361460186095156,6,30.0,2673
7.36226542171689,2,5.0,3147
7.362841371983045,6,42.0,2552
7.363560872923868,7,12.0,450
7.365826888862119,1,1.0,3148
7.366090969855148,1,7.0,3149
7.366323967919143,1,12.0,3150
7.3664433506754845,6,25.0,2200
7.3664773427783725,2,4.0,3151
7.366759756359396,1,4.0,3152
7.366978727071659,8,8.0,2708
7.367192420412475,1,7.0,3153
7.367293058383707,1,10.0,3154
7.368670900399773,1,2.0,3155
7.368709903270406,7,8.0,2074
7.369755067651795,6,47.0,2790
7.370523867168851,9,3.0,321
7.370687840250152,1,15.0,3156
7.370863853585726,7,3.0,1437
7.371012990016991,6,6.0,2602
7.371570509212131,6,12.0,2802
7.372476798934211,1,8.0,3157
7.3728854764243685,7,3.0,2281
7.373246686148307,7,5.0,1128
7.37328329710523,1,20.0,3158
7.374728595468449,1,10.0,3159
7.375023267203703,7,59.0,1182
7.375175071638006,1,7.0,3160
7.3752789564481125,1,1.0,3161
7.375414104688707,6,5.0,2456
7.3763494078135246,9,35.0,278
7.376590181376423,7,9.0,2017
7.37684764787329,6,18.0,1197
7.377745102529471,1,5.0,3162
7.3778825029004,1,1.0,3163
7.377904382751615,1,17.0,3164
7.378334166611959,7,54.0,1018
7.37835596365182,1,11.0,3165
7.378700270566529,7,1.0,2479
7.379474517539063,6,3.0,2776
7.380000558134551,9,1.0,839
7.3812507981603295,6,4.0,2804
7.381298807669986,1,3.0,3166
7.381576158328452,6,1.0,2920
7.381987476149067,7,3.0,1785
7.38235532914506,7,47.0,718
7.383079040085667,7,48.0,1848
7.384452901383606,1,5.0,3167
7.3845441001784735,6,7.0,2261
7.38546733091368,7,54.0,1220
7.3860194854840024,6,1.0,2928
7.386504762985966,1,18.0,3168
7.387078247351313,6,42.0,1212
7.387510359519051,8,4.0,1338
7.387598626734947,6,11.0,2996
7.38778449765306,6,33.0,1998
7.388702927377215,1,31.0,3169
7.389048807595101,1,1.0,3170
7.389283126490326,9,37.0,738
7.38955717127539,6,59.0,2847
7.389674937218971,6,2.0,2665
7.390235437536065,1,7.0,3171
7.390393317918439,1,1.0,3172
7.390832206514913,3,48.0,3173
7.3909592736874,7,2.0,1167
7.391104400913883,1,1.0,3174
7.3916793684621975,6,25.0,3108
7.392171847515973,1,8.0,3175
7.392299974180738,7,5.0,190
7.3928508367645485,8,5.0,1996
7.392939432724203,6,4.0,1514
7.3932821788287475,1,1.0,3176
7.393397391049779,7,32.0,366
7.393414293871088,7,7.0,1795
7.39459856038782,1,5.0,3177
7.394867684265716,7,34.0,488
7.395188243643338,6,19.0,2477
7.395928561920923,1,13.0,3178
7.396135006467686,1,2.0,3179
7.396620627507355,1,6.0,3180
7.396667142119285,1,7.0,3181
7.397273879153188,7,13.0,1858
7.3989201343032285,1,9.0,3182
7.399279811145448,6,4.0,2683
7.399445366322347,9,5.0,1860
7.399922270047218,1,9.0,3183
7.4002607602679475,6,4.0,2543
7.400414482962754,1,4.0,3184
7.400829654618776,1,2.0,3185
7.400988247234496,6,6.0,1146
7.401325885955675,1,8.0,3186
7.401608556401185,1,4.0,3187
7.4021799491124005,1,2.0,3188
7.402192350081705,6,8.0,1661
7.4022950087401735,6,11.0,3114
7.403011477401973,1,5.0,3189
7.403473992996395,6,1.0,2914
7.403798738487158,1,6.0,3190
7.403953330565763,7,39.0,460
7.403953330565763,16,39.0,460
7.404044419793006,1,52.0,3191
7.4049767687222605,1,2.0,3192
7.405846416751471,6,47.0,2764
7.407153396725061,7,2.0,1242
7.407252624723567,6,10.0,2407
7.407959943618752,7,2.0,1222
7.408026964482923,8,38.0,1684
7.408051268933812,6,3.0,2651
7.408149628740831,1,8.0,3193
7.408437799555482,1,2.0,3194
7.408555030814445,1,2.0,3195
7.4089108877526915,6,19.0,2844
7.409150905986302,1,9.0,3196
7.40963700704708,7,1.0,1784
7.409992934344674,8,5.0,1816
7.410584230079471,6,2.0,3092
7.4106279418137495,6,2.0,3185
7.410733345408594,6,40.0,2667
7.410967701878788,1,31.0,3197
7.411160793065199,1,49.0,3198
7.411309898338572,8,5.0,1624
7.411522258180305,8,8.0,780
7.4117505361803,8,30.0,1737
7.411792379849616,1,37.0,3199
7.412562936639815,7,53.0,437
7.412766143917325,8,2.0,1955
7.41307081575582,6,7.0,2346
7.413248846894062,1,2.0,3200
7.413450381230037,6,2.0,1908
7.413700269713426,1,5.0,3201
7.4140328085307905,1,2.0,3202
7.414080943915911,1,7.0,3203
7.414606961954896,6,37.0,1134
7.41486140930696,1,7.0,3204
7.414910356703783,1,33.0,3205
7.415775641830578,6,5.0,3201
7.415909868355046,1,2.0,3206
7.416003459060619,7,5.0,635
7.416309763989347,6,3.0,2900
7.416317913549465,6,1.0,722
7.416959238508421,6,7.0,2894
7.417437932564832,1,1.0,3207
7.417589788089437,6,43.0,2218
7.417809731603578,6,3.0,1730
7.417869663303766,6,16.0,1408
7.41838713459775,8,7.0,2818
7.418548571470392,1,4.0,3208
7.4185776454599965,1,8.0,3209
7.419189116563158,6,5.0,2808
7.419541881574453,1,6.0,3210
7.419730417032936,1,5.0,3211
7.4197428534071825,6,29.0,1121
7.419897903970891,1,5.0,3212
7.420016557896339,1,10.0,3213
7.420110510500478,1,7.0,3214
7.4210233771045555,9,49.0,362
7.421412956831858,1,11.0,3215
7.421515584152267,1,20.0,3216
7.422253052349117,1,9.0,3217
7.422504941770821,6,1.0,2687
7.423027718325381,1,51.0,3218
7.423190627343187,8,11.0,2387
7.423322958713218,6,41.0,2645
7.423751145363957,6,15.0,1535
7.424017788735882,1,34.0,3219
7.424150379971692,1,11.0,3220
7.424603147075581,1,4.0,3221
7.425659112828665,6,2.0,2654
7.425844094006406,7,57.0,422
7.426035573287405,7,35.0,1005
7.426245647540925,1,2.0,3222
7.4262460459026185,8,2.0,871
7.426383327261225,1,4.0,3223
7.4274281872368535,8,3.0,1680
7.427589527225762,7,7.0,259
7.427850733330509,6,2.0,3036
7.428259381253338,7,2.0,858
7.428669918266011,8,5.0,912
7.428769303191615,2,52.0,3224
7.429924564699425,6,1.0,2453
7.430054186986638,6,6.0,1337
7.430103513620929,6,3.0,2264
7.430207113714306,9,1.0,1938
7.430226772376354,8,50.0,924
7.430444395201522,1,39.0,3225
7.430659028458916,9,18.0,598
7.430901240566957,6,12.0,2743
7.431108779113857,6,1.0,2854
7.4325490405439405,6,4.0,2158
7.432732965409064,1,3.0,3226
7.432926700488008,1,6.0,3227
7.433702005796214,6,9.0,2351
7.433885465627841,6,25.0,2813
7.43501841253209,1,3.0,3228
7.436300489415509,1,3.0,3229
7.436312188698685,6,5.0,1772
7.436936125620639,7,3.0,1321
7.436936125620639,16,3.0,1321
7.437106530204459,7,2.0,1103
7.437198305205765,7,6.0,715
7.437277491706391,6,34.0,1988
7.437708508188664,1,48.0,3230
7.4378630141361075,6,2.0,2592
7.438731553611832,7,24.0,916
7.438792397169605,8,46.0,2449
7.439003753952767,1,2.0,3231
7.4399130946864815,1,2.0,3232
7.440046827948816,1,35.0,3233
7.440249922892564,6,1.0,1474
7.440660198013624,6,3.0,2832
7.442179387845135,1,34.0,3234
7.442190925433811,6,36.0,2113
7.442825954021297,1,3.0,3235
7.443385647177783,6,6.0,3210
7.443397672166998,6,3.0,674
7.4436253072997625,7,57.0,1249
7.444819047473089,1,2.0,3236
7.44581563121256,1,5.0,3237
7.446131998897409,6,15.0,2619
7.446364263879133,6,17.0,1798
7.4466328368064545,6,49.0,2757
7.4468453065969795,8,60.0,1053
7.447143635810812,6,9.0,1983
7.44722010010885,6,1.0,2939
7.447551764861513,1,19.0,3238
7.447872886115664,1,3.0,3239
7.448179761763772,6,3.0,2797
7.448222824282786,6,2.0,1802
7.448264234380843,8,45.0,1047
7.4484424922973425,7,7.0,636
7.4485787281573845,7,27.0,503
7.448975051945004,7,58.0,949
7.449139677210712,1,1.0,3240
7.4492053845142765,6,44.0,2084
7.449578741776104,6,22.0,1579
7.4495810212248985,6,12.0,2741
7.449851031915036,1,8.0,3241
7.450034327610011,1,13.0,3242
7.4501306179055735,1,1.0,3243
7.450485854791433,1,8.0,3244
7.450617232902189,1,22.0,3245
7.450644449220651,1,4.0,3246
7.450722102298178,1,3.0,3247
7.450870858887706,7,5.0,175
7.451151034519286,7,41.0,1528
7.45117647714343,1,17.0,3248
7.451325549402725,7,24.0,1106
7.451357330335144,1,47.0,3249
7.451579699953139,6,34.0,2921
7.451669306899864,6,1.0,3148
7.45184758749441,6,59.0,1992
7.452620429859588,6,60.0,3132
7.452711517367742,6,12.0,2792
7.452754059195829,7,55.0,1755
7.454024352805509,6,56.0,1829
7.454137440735309,6,30.0,2169
7.4541821022404875,6,9.0,1599
7.454232172921045,1,1.0,3250
7.454790730959576,6,35.0,2409
7.455542515790027,1,55.0,3251
7.456834467459185,7,1.0,2615
7.457421447588385,6,8.0,3075
7.457799646932819,1,36.0,3252
7.458049727842273,1,15.0,3253
7.458164573311439,1,44.0,3254
7.458255149885108,6,30.0,75
7.458313161747867,6,29.0,2993
7.458718609232452,6,20.0,2729
7.459171941326039,1,2.0,3255
7.459539410146554,6,1.0,2840
7.459640401427002,1,1.0,3256
7.459718479652239,6,5.0,2473
7.45991072553113,6,4.0,1640
7.460045636818641,2,10.0,3257
7.460336378123866,9,16.0,1427
7.460730101928137,7,28.0,454
7.461154094772111,1,44.0,3258
7.4611838323628525,9,40.0,868
7.46147430522208,6,11.0,3165
7.461937906966924,1,3.0,3259
7.462017334340166,6,24.0,3018
7.462195906734345,7,5.0,2232
7.462290246343662,6,1.0,1741
7.462515390190571,8,1.0,634
7.462773417580417,2,4.0,3260
7.46379044727488,1,2.0,3261
7.464314550220576,1,2.0,3262
7.464380484916835,1,9.0,3263
7.464472648381726,7,2.0,2083
7.465216442916305,6,1.0,2509
7.465402525473552,1,2.0,3264
7.465619368157176,1,6.0,3265
7.4662105266556935,7,2.0,1116
7.4665834871893315,7,33.0,1270
7.467122421049583,6,6.0,1907
7.467182555025071,7,21.0,769
7.467784707834573,6,1.0,3240
7.468222945905253,7,1.0,687
7.46853602410422,1,1.0,3266
7.468840838431546,1,18.0,3267
7.469207106147626,6,9.0,2684
7.46998985131182,6,1.0,3032
7.470463477234993,8,54.0,1345
7.470498226085923,6,9.0,2997
7.470883837793703,6,5.0,2467
7.471452573002193,7,46.0,1351
7.471519883965021,1,6.0,3268
7.4719110770617325,1,1.0,3269
7.472296039163707,1,1.0,3270
7.474118017666068,1,5.0,3271
7.474258814106464,9,8.0,1664
7.474542929296673,8,42.0,2730
7.474795822214292,6,3.0,2597
7.475952387343527,1,48.0,3272
7.476291876264227,1,46.0,3273
7.476590065163574,1,4.0,3274
7.476604852826876,6,10.0,1243
7.476798906623683,6,2.0,3102
7.476944191292177,1,7.0,3275
7.47717418146815,7,44.0,1294
7.477189962209222,6,35.0,2530
7.477555949766359,6,17.0,3248
7.477742244432148,6,2.0,2955
7.478282263073799,6,6.0,2186
7.478911645575249,6,6.0,2775
7.478960024598651,7,49.0,1844
7.4796992773989235,6,7.0,2469
7.479789597160435,1,1.0,3276
7.48029145027738,6,1.0,3269
7.480531057142669,6,10.0,3076
7.480654982384539,6,2.0,2964
7.481979379385882,6,57.0,1771
7.48215934627476,6,31.0,3137
7.482670903593367,6,1.0,2493
7.482776801625333,6,17.0,3082
7.482919897515937,6,30.0,2865
7.482922902796404,6,1.0,2057
7.482959159241624,1,3.0,3277
7.483153273246352,6,2.0,884
7.483224898253701,1,1.0,3278
7.484134332869901,1,9.0,3279
7.484261882687621,6,1.0,3000
7.4843922992450125,1,57.0,3280
7.485142046356594,6,55.0,646
7.4851514735102205,6,9.0,971
7.485219766212394,8,1.0,167
7.485223473400378,6,4.0,2325
7.485283396875219,1,2.0,3281
7.4858541717869285,1,7.0,3282
7.486047089021997,1,1.0,3283
7.48622668653527,7,3.0,1419
7.486314768830096,1,3.0,3284
7.487637049690891,6,38.0,2216
7.487879836551724,1,8.0,3285
7.4878912523854515,1,56.0,3286
7.488264776916721,6,12.0,2896
7.488705477027874,1,27.0,3287
7.489070653235989,1,2.0,3288
7.489182993071055,6,40.0,2836
7.4892066303169536,1,6.0,3289
7.489431448898344,6,4.0,2752
7.489554576814099,6,3.0,2640
7.490589364103396,9,3.0,1081
7.490591313119348,9,1.0,1423
7.4908082359509995,1,1.0,3290
7.4911212290765095,1,5.0,3291
7.491429661888873,1,2.0,3292
7.491548160517187,7,3.0,615
7.492146812962178,6,5.0,2400
7.492301425230173,2,3.0,3293
7.492570805377252,8,8.0,1376
7.4932598763701135,1,5.0,3294
7.493312046790482,1,5.0,3295
7.49385693100815,1,25.0,3296
7.494257381405187,6,2.0,2277
7.49441824046457,1,2.0,3297
7.494517779974684,6,22.0,574
7.494802498570436,1,3.0,3298
7.495084092286758,9,4.0,180
7.495743956808007,6,4.0,1246
7.495795178228707,1,24.0,3299
7.496436384322897,6,36.0,3131
7.496576714475407,6,46.0,2724
7.496965418502198,6,3.0,1840
7.497624878899583,6,11.0,3215
7.49784585652394,1,4.0,3300
7.497956230201955,8,2.0,130
7.498076039412464,7,5.0,2263
7.498186801452121,6,43.0,975
7.498418097049441,6,4.0,3246
7.498438021630175,6,49.0,1086
7.4987081370812625,1,4.0,3301
7.4987780156099735,7,51.0,298
7.49901453678793,1,7.0,3302
7.499077810499119,6,2.0,3188
7.499426332433081,8,7.0,1358
7.499937034150633,6,9.0,2986
7.500133234406686,6,3.0,1668
7.50077172189539,6,3.0,2975
7.501145088357907,1,9.0,3303
7.501655363716067,1,11.0,3304
7.502026765385226,7,6.0,1460
7.502133251479822,6,3.0,3226
7.502723013085137,6,6.0,3127
7.503103394168633,6,5.0,988
7.503237258129375,6,40.0,2929
7.503479854225348,1,3.0,3305
7.503675901230055,2,24.0,3306
7.503924692788256,8,1.0,1626
7.5048378311073165,8,33.0,2335
7.505064476687412,1,5.0,3307
7.505196782915832,1,48.0,3308
7.505443102656751,1,5.0,3309
7.505854867273527,6,49.0,2481
7.506179157485145,1,46.0,3310
7.506923125956985,7,5.0,2013
7.508250728957435,9,16.0,1889
7.50839160085902,1,7.0,3311
7.508757166719732,6,4.0,2174
7.509011162890097,1,38.0,3312
7.510383517513713,1,10.0,3313
7.510504410301646,7,17.0,1273
7.5109015760311975,7,11.0,1317
7.511163703365719,1,2.0,3314
7.511336041737909,1,2.0,3315
7.5121099064240076,1,11.0,3316
7.512387819394661,7,5.0,837
7.512439987777719,1,17.0,3317
7.512484092640728,7,1.0,1887
7.512829749396971,6,16.0,2959
7.513112983850947,6,6.0,3005
7.513351473355001,1,3.0,3318
7.513406306876355,6,19.0,1143
7.513848089684097,6,60.0,2259
7.5139748713005945,1,3.0,3319
7.51495158204209,1,2.0,3320
7.515187941115816,7,12.0,1936
7.515219580263155,1,53.0,3321
7.515251585727058,1,49.0,3322
7.516262809431286,7,39.0,1665
7.51641673564963,1,2.0,3323
7.51711485427732,6,32.0,3017
7.517286839138205,1,2.0,3324
7.517318679239368,7,41.0,1247
7.518135746849026,7,6.0,2626
7.518241565546414,7,52.0,482
7.518303363152857,1,15.0,3325
7.518410189934689,6,1.0,1531
7.518481063406337,6,3.0,3007
7.518582963917487,6,7.0,2528
7.519078390825629,1,1.0,3326
7.519603460065229,6,45.0,1625
7.519667781294928,8,3.0,3007
7.51989475570516,1,10.0,3327
7.520611530660842,6,7.0,698
7.520712921461461,1,6.0,3328
7.520992085449404,1,3.0,3329
7.521286287102341,1,2.0,3330
7.521689834887426,6,49.0,2398
7.5216999073726525,6,5.0,2831
7.521785663529204,6,4.0,2936
7.522000632504021,6,7.0,3181
7.522139564489552,6,1.0,1986
7.522355998592513,1,10.0,3331
7.5228626490627075,6,19.0,2379
7.523084648775458,1,2.0,3332
7.523385273834327,9,5.0,953
7.523918136856342,1,30.0,3333
7.5242454148869005,8,2.0,1596
7.524501371681963,1,16.0,3334
7.525002927684694,6,47.0,1545
7.52562746448138,1,5.0,3335
7.525793705372041,6,1.0,2839
7.525808685505364,1,13.0,3336
7.526135432820729,7,4.0,1043
7.527181711041349,7,5.0,226
7.527330907725791,1,7.0,3337
7.527442170976828,7,15.0,556
7.52746764803398,1,8.0,3338
7.527528811502459,1,3.0,3339
7.527831112204776,1,10.0,3340
7.5279716907861545,9,12.0,852
7.528665475430976,1,20.0,3341
7.5296561870432175,1,1.0,3342
7.529668501059208,8,6.0,2103
7.530047750420978,7,45.0,1348
7.530386294133349,6,16.0,1448
7.530558079207978,8,1.0,1602
7.530604919671419,7,3.0,1742
7.530812000327977,7,10.0,1559
7.531000273111199,1,1.0,3343
7.53121715958692,9,57.0,943
7.5318020349303145,9,8.0,780
7.532870377323516,1,7.0,3344
7.533618797710731,1,58.0,3345
7.5337516248668965,6,10.0,3340
7.533772741125941,8,51.0,1101
7.534456802315442,1,24.0,3346
7.534976169796778,1,1.0,3347
7.535613030058599,1,3.0,3348
7.53607243415083,7,50.0,789
7.536095781987926,1,4.0,3349
7.536312282289828,7,5.0,196
7.536442566788175,1,2.0,3350
7.536942761936282,1,51.0,3351
7.537057141334297,6,13.0,2575
7.537559820706545,6,3.0,2349
7.537837382308157,2,3.0,3352
7.537843312369393,6,1.0,2446
7.5379376292091305,6,11.0,1735
7.538549333130322,6,7.0,1891
7.538632742382085,1,11.0,3353
7.538696203546656,7,1.0,1255
7.538796382922435,6,25.0,2869
7.53897282075831,7,3.0,1544
7.5397645680408,8,43.0,1310
7.540086833634994,6,38.0,2932
7.540320438043822,6,4.0,2791
7.540827259248795,6,26.0,2019
7.541705369095409,1,2.0,3354
7.5418302807178135,8,2.0,801
7.541836406183566,1,10.0,3355
7.541869144367869,6,5.0,2471
7.542086014293342,1,35.0,3356
7.542301585155975,8,43.0,1700
7.5423927224187235,7,56.0,576
7.542470058241509,7,14.0,1547
7.542828097780107,6,1.0,3266
7.54292032480003,7,4.0,1719
7.544039532545188,6,2.0,2946
7.544165497875926,6,2.0,2267
7.544537322895759,1,12.0,3357
7.544942062712497,6,4.0,2908
7.545235921030289,6,20.0,3341
7.545931527531812,9,1.0,1650
7.54682161974399,1,3.0,3358
7.546895066170853,7,1.0,2329
7.546900588909387,1,2.0,3359
7.5477989561513565,6,18.0,3168
7.548126443260018,6,19.0,1838
7.548379278745176,1,11.0,3360
7.548639076856992,7,48.0,1355
7.5494611410965575,6,15.0,2487
7.549470673829727,1,2.0,3361
7.550284349988678,1,3.0,3362
7.5503006037333815,6,6.0,2653
7.550557476100389,1,4.0,3363
7.55100608614017,6,2.0,3324
7.551465141326006,6,18.0,3267
7.551615122421786,6,9.0,1819
7.551844134251218,7,50.0,854
7.5518774263226245,6,18.0,1367
7.552059992878551,8,6.0,3127
7.552110809342041,1,10.0,3364
7.5521158953104575,1,4.0,3365
7.552540216516975,1,4.0,3366
7.55305365347371,8,6.0,815
7.553253265370996,7,36.0,1111
7.5540774069982195,1,5.0,3367
7.554451292277625,7,2.0,1546
7.554606315081843,7,52.0,478
7.554886892597386,6,2.0,3033
7.555175058641391,1,1.0,3368
7.555423344373727,6,4.0,2452
7.555453041528525,6,6.0,3268
7.55566802783327,6,5.0,2991
7.555908321792472,6,17.0,2695
7.556160510835284,8,8.0,1227
7.5569548617134705,6,2.0,3031
7.558025780611462,6,51.0,2777
7.558174350966419,1,12.0,3369
7.558327056962593,1,2.0,3370
7.559058079205196,6,28.0,1072
7.559270428318813,2,26.0,3371
7.559833162094785,1,15.0,3372
7.560151797145944,1,4.0,3373
7.561866095785603,6,1.0,2807
7.563987168741544,6,36.0,1841
7.564717441694604,6,1.0,2073
7.56472764479949,6,3.0,2401
7.565077325126788,7,2.0,315
7.565688058383461,2,22.0,3374
7.566096147906231,7,5.0,822
7.566541415260099,7,8.0,2105
7.566822496188974,6,27.0,3287
7.56698861882446,8,2.0,2742
7.567447095663197,1,11.0,3375
7.5678342808955,1,40.0,3376
7.568744698545702,1,1.0,3377
7.56892721333479,6,3.0,2554
7.569753136169007,7,5.0,1048
7.5699455170540855,1,29.0,3378
7.5704723257690905,6,9.0,1979
7.570494698458608,6,12.0,2601
7.571162783655424,9,7.0,537
7.571372848998015,7,5.0,842
7.571449342814342,7,5.0,965
7.571825091826944,1,4.0,3379
7.5722374050088925,7,1.0,672
7.572257798793643,6,38.0,1156
7.572746547909813,1,3.0,3380
7.573417128248151,8,1.0,1632
7.574257735103655,1,2.0,3381
7.574329840038029,6,7.0,1633
7.574990048518767,1,1.0,3382
7.575435284704171,6,4.0,3223
7.575753808191594,1,1.0,3383
7.575844550392655,6,13.0,2427
7.576164221569673,6,8.0,1820
7.576212293467671,1,52.0,3384
7.576264874965282,1,3.0,3385
7.576330027563808,8,5.0,2365
7.576337377424186,1,1.0,3386
7.576392651448167,8,4.0,2683
7.5765336848424605,1,4.0,3387
7.577958405554356,10,52.0,3043
7.578389651860514,7,54.0,675
7.578713643391432,1,7.0,3388
7.578798714839973,1,7.0,3389
7.579113512147294,1,1.0,3390
7.579345582730905,1,1.0,3391
7.579393064461348,2,7.0,3392
7.579654949515504,8,6.0,1682
7.580068685185078,1,2.0,3393
7.580241225747506,1,8.0,3394
7.580494227181452,6,2.0,2744
7.581087193806235,6,11.0,2800
7.581094493621356,1,19.0,3395
7.581143628476916,6,23.0,1577
7.581239274614925,8,3.0,2597
7.581580127669625,6,9.0,547
7.581635602642706,6,3.0,2591
7.581742590096689,1,38.0,3396
7.581905848778883,6,34.0,1180
7.581993798884846,1,3.0,3397
7.5821736004506395,1,46.0,3398
7.5825072516508305,6,50.0,2915
7.5825089335917095,7,1.0,1595
7.583063057509365,1,36.0,3399
7.583166971921085,1,5.0,3400
7.583385985950131,1,7.0,3401
7.583489954085695,6,22.0,3245
7.58372754137091,7,1.0,69
7.584023597082128,6,12.0,3058
7.584039506927404,6,19.0,1557
7.584312292525092,6,37.0,2237
7.584550190849239,6,4.0,2968
7.584734261525702,6,1.0,3054
7.584939349480747,1,7.0,3402
7.585115011815582,1,41.0,3403
7.585948246938366,1,1.0,3404
7.585983226398916,1,2.0,3405
7.586889449582934,1,5.0,3406
7.586978233609553,1,4.0,3407
7.587299436023057,1,55.0,3408
7.587527048741094,6,2.0,3236
7.5876027145374945,7,4.0,2475
7.587718640673553,7,11.0,1226
7.5877793747403155,6,11.0,3353
7.588005999166324,7,1.0,1015
7.588303710219298,1,1.0,3409
7.588575234160762,7,2.0,1131
7.589839335647656,6,12.0,3150
7.59031328915206,7,1.0,1485
7.590430816484572,1,3.0,3410
7.591108628837366,1,3.0,3411
7.591658319455828,6,48.0,1327
7.592002995744069,9,1.0,632
7.592660045752222,7,49.0,2036
7.5928302891079635,6,14.0,3046
7.5947629339768365,1,2.0,3412
7.594926239770038,1,4.0,3413
7.594974409603039,8,2.0,2412
7.595010646346814,7,31.0,1091
7.595865842656725,1,1.0,3414
7.595917918235479,1,16.0,3415
7.596477591444649,1,3.0,3416
7.596662058111596,7,35.0,1435
7.597622845746186,1,4.0,3417
7.597703125815421,1,5.0,3418
7.597964153756681,1,10.0,3419
7.598315019835112,1,20.0,3420
7.598448351181685,6,3.0,3021
7.5986122441459285,1,6.0,3421
7.598646713939553,7,4.0,1537
7.601433956311435,1,7.0,3422
7.601581352123602,1,6.0,3423
7.601626512331492,7,49.0,1630
7.60169006732027,9,1.0,1353
7.601787787755892,6,4.0,3083
7.601812480404032,6,5.0,2693
7.602559000098987,6,2.0,2674
7.603268952420963,7,5.0,1025
7.603319267307888,1,1.0,3424
7.603391497691317,1,1.0,3425
7.603612088887742,6,24.0,3346
7.603852826328859,8,9.0,1963
7.604426514084439,1,15.0,3426
7.6046564550177695,6,6.0,2529
7.6059474189882375,1,2.0,3427
7.606030519740555,1,24.0,3428
7.6066396599583985,1,52.0,3429
7.606945392180159,1,4.0,3430
7.60752155333071,6,1.0,1898
7.608312442162352,6,3.0,2786
7.60833422861043,1,4.0,3431
7.6093879887950395,1,30.0,3432
7.609485513625693,6,43.0,2655
7.609506383266183,1,47.0,3433
7.609697978872947,6,4.0,3151
7.610344413463243,1,52.0,3434
7.61149269485959,6,2.0,3088
7.611546946472661,6,25.0,2821
7.611746436587509,1,6.0,3435
7.611891963457711,7,48.0,1230
7.611945424382989,1,60.0,3436
7.612085329761204,6,3.0,3247
7.612542599460608,6,2.0,3370
7.612804377972263,1,9.0,3437
7.613139104073332,1,3.0,3438
7.613352874323685,1,7.0,3439
7.6143055465451335,6,21.0,3126
7.61491643015532,7,5.0,123
7.6150991384367295,7,40.0,880
7.615255620028264,1,1.0,3440
7.615745509858506,1,1.0,3441
7.615867975163489,1,45.0,3442
7.615957736548585,1,3.0,3443
7.61655691882562,6,15.0,3253
7.616618071626505,6,46.0,3310
7.616729678968373,1,40.0,3444
7.616983425457652,7,10.0,2424
7.617325517698555,6,24.0,3056
7.618035638647673,6,27.0,2769
7.618152588573102,1,4.0,3445
7.618184759515472,1,6.0,3446
7.618754578588557,1,6.0,3447
7.619160100637886,6,29.0,2392
7.619189241600937,7,43.0,2747
7.619233602978748,1,9.0,3448
7.620022367139849,1,17.0,3449
7.620112131800154,6,51.0,1014
7.620865610624093,8,6.0,2735
7.62103213695655,6,57.0,1209
7.621596034058531,9,10.0,1462
7.62270301363095,1,15.0,3450
7.622747441620118,6,55.0,2048
7.623262859879118,1,12.0,3451
7.623301680528792,8,8.0,2812
7.6236995693029845,1,7.0,3452
7.623760399513199,6,1.0,3409
7.623909138410546,1,14.0,3453
7.623969356011668,1,7.0,3454
7.624237317764949,1,2.0,3455
7.62464096975066,1,4.0,3456
7.625232883388033,1,4.0,3457
7.625903802298793,6,4.0,2739
7.626176674239602,7,37.0,624
7.627198483688007,6,7.0,3282
7.627331512449146,7,2.0,2254
7.627855173021159,7,1.0,733
7.628790544149136,7,27.0,224
7.629027505489718,7,14.0,865
7.629207872049121,6,23.0,2947
7.629934584735564,1,17.0,3458
7.629947636538624,6,6.0,2907
7.630097167790639,7,34.0,921
7.630110107048109,1,2.0,3459
7.630221224641873,6,6.0,1534
7.631332952085135,1,3.0,3460
7.63209281422081,8,4.0,2825
7.632187435681091,1,26.0,3461
7.632314506461719,6,48.0,3048
7.632697005566113,7,13.0,1920
7.632788770514977,6,8.0,2811
7.632791026965247,9,37.0,1060
7.633293342294891,6,1.0,3342
7.633414123560862,1,2.0,3462
7.634321655062548,6,60.0,862
7.634652543263047,6,3.0,2931
7.634944308075615,6,1.0,2112
7.635607688411904,1,1.0,3463
7.636235943097577,7,56.0,992
7.636418655440428,7,5.0,442
7.636643527553199,7,9.0,2684
7.636653231213393,6,1.0,2838
7.637060993350848,1,13.0,3464
7.637883532387622,1,7.0,3465
7.638078055472555,6,4.0,762
7.63821774503172,7,54.0,1171
7.639169891067339,1,1.0,3466
7.639754698688318,7,20.0,1932
7.639776369705096,1,40.0,3467
7.639860640062165,1,9.0,3468
7.640604567031621,9,2.0,484
7.640731275041193,1,1.0,3469
7.640736095416031,1,2.0,3470
7.64113312673064,6,24.0,3428
7.641371585365309,6,8.0,2973
7.641690813879872,7,4.0,2124
7.64195200977506,1,5.0,3471
7.642067462615939,1,4.0,3472
7.642158720126443,1,18.0,3473
7.642579874954151,6,4.0,1826
7.642611580492657,7,49.0,1034
7.643229065364958,6,2.0,2041
7.643420222531651,7,1.0,1463
7.643598117534011,1,2.0,3474
7.644116845154377,1,2.0,3475
7.64419755443467,1,56.0,3476
7.644403978442918,6,18.0,1839
7.6447136396130135,7,46.0,1145
7.644868468164801,6,1.0,3383
7.645115934427811,1,4.0,3477
7.6454827005868555,1,31.0,3478
7.645515143914423,1,5.0,3479
7.645744544684414,1,3.0,3480
7.645767650707711,6,4.0,2867
7.6459987359557635,1,1.0,3481
7.646619352014511,6,6.0,2419
7.647051696709367,9,58.0,462
7.647199270796808,6,31.0,3197
7.647327648956845,8,15.0,2619
7.647880154292255,7,2.0,668
7.647970293434069,1,14.0,3482
7.648142999069286,6,1.0,1042
7.648331392408441,6,47.0,2499
7.6484119000540325,1,2.0,3483
7.648647759982975,1,5.0,3484
7.649166905376843,1,6.0,3485
7.649704509476071,1,32.0,3486
7.649940597937857,7,54.0,236
7.650652483797867,9,2.0,1596
7.650714055748483,7,48.0,1032
7.651113264792559,1,3.0,3487
7.65141898739833,7,13.0,455
7.651742750662273,1,1.0,3488
7.6521443316088265,6,4.0,3073
7.652508772417612,1,1.0,3489
7.65289021617791,6,1.0,2632
7.652917337110792,7,54.0,2437
7.65319415765446,9,33.0,816
7.6538034196489235,6,5.0,1954
7.653946429385244,1,5.0,3490
7.653963435655411,9,24.0,1371
7.654165413537502,1,25.0,3491
7.654394907043895,6,6.0,2930
7.654623778636784,1,3.0,3492
7.6547807554972245,6,4.0,3140
7.655162666281882,6,5.0,3040
7.655171978959345,8,42.0,683
7.655857890512696,7,4.0,1411
7.65616387358236,7,55.0,328
7.656214420387252,1,54.0,3493
7.656610136345442,6,3.0,2982
7.657148109150915,6,6.0,2731
7.657379155466877,6,2.0,2852
7.657509324982924,7,5.0,980
7.657548790504059,6,41.0,2451
7.658313635263575,6,8.0,2501
7.658506830758281,6,38.0,779
7.6586880524120415,7,4.0,2159
7.659659425556499,1,11.0,3494
7.660196616454009,6,2.0,2624
7.660336258038431,7,19.0,301
7.661015912128848,1,8.0,3495
7.661264437300423,6,7.0,3204
7.662503524820193,6,7.0,2702
7.662709961072116,1,22.0,3496
7.662935846688193,1,3.0,3497
7.66424013283861,1,2.0,3498
7.66473611862094,1,9.0,3499
7.6650276506608,6,1.0,3466
7.665103058817173,6,4.0,3366
7.665333042026385,1,3.0,3500
7.665396941338213,7,10.0,1958
7.665543923601033,1,6.0,3501
7.666048111068336,1,5.0,3502
7.666099391542963,1,3.0,3503
7.666293233549086,6,11.0,2641
7.6667210744546885,2,8.0,3504
7.666919043008719,1,1.0,3505
7.66757743947628,1,3.0,3506
7.667872891609448,1,13.0,3507
7.668218287597322,6,18.0,1962
7.668470555972254,6,11.0,3360
7.669004783750659,9,3.0,1444
7.669161268520973,6,35.0,449
7.669312274341182,6,5.0,1864
7.6694316854863995,6,1.0,3469
7.669443600303809,1,10.0,3508
7.669536414863972,2,10.0,3509
7.669846287226871,6,51.0,3351
7.670386110592868,7,48.0,1653
7.670778397621116,6,13.0,2285
7.671373251354969,1,11.0,3510
7.672066862210932,1,1.0,3511
7.67212351893919,6,27.0,2262
7.6730020252623605,9,6.0,1682
7.6730020252623605,16,6.0,1682
7.673270341883072,6,1.0,3391
7.673377796496601,9,13.0,781
7.673684369761366,9,34.0,1283
7.673736861788608,1,4.0,3512
7.674165636558152,1,3.0,3513
7.6748319016485675,6,40.0,2355
7.674991322132209,1,1.0,3514
7.675200035058809,6,3.0,2675
7.6763189059800085,1,4.0,3515
7.676576700870897,6,2.0,3354
7.6768136049436855,6,32.0,2546
7.676916174467973,7,6.0,1752
7.678338176110452,1,1.0,3516
7.6786167733497095,1,2.0,3517
7.6787375156940545,6,3.0,2247
7.679022823664562,6,1.0,3027
7.679293620324108,10,48.0,3173
7.680055733563217,1,11.0,3518
7.680431389551823,7,1.0,1415
7.680828845249794,6,9.0,3052
7.681032662543352,6,4.0,448
7.681197479892857,9,47.0,1203
7.6815629221692925,8,18.0,1172
7.681748221240618,8,1.0,602
7.682315175622374,1,5.0,3519
7.68266969536831,6,4.0,3025
7.682806808983532,1,42.0,3520
7.683171806137937,6,12.0,3072
7.683559311378189,1,49.0,3521
7.684076608355529,6,2.0,3200
7.684874190634142,6,17.0,2396
7.6851166473219426,7,6.0,1855
7.685217219065539,7,6.0,1148
7.685542243573424,7,14.0,691
7.685971755141271,1,2.0,3522
7.686496840331538,6,2.0,2866
7.686507486269907,6,9.0,3196
7.686998389337619,6,4.0,3300
7.687192128441611,7,10.0,896
7.688157609694733,6,16.0,2282
7.6884703635414775,1,8.0,3523
7.688687155619414,1,18.0,3524
7.688689258291244,6,9.0,1384
7.688959864699466,8,56.0,1748
7.689173721224214,1,8.0,3525
7.68937042021638,6,2.0,2468
7.689872068701227,1,1.0,3526
7.690071350043321,1,8.0,3527
7.69238619209348,1,15.0,3528
7.6927178999895585,7,3.0,1154
7.692761555269437,9,57.0,904
7.692880761625942,6,31.0,1984
7.692888518461507,1,2.0,3529
7.69321037886965,6,5.0,2207
7.693312320537564,7,2.0,2117
7.693366946482473,1,4.0,3530
7.694245828267379,7,1.0,1405
7.694352565193581,1,54.0,3531
7.694678548818616,1,33.0,3532
7.694960617914823,7,46.0,1360
7.695487173090198,6,24.0,2696
7.696638370071355,6,2.0,1365
7.6967624874948815,6,3.0,1441
7.697045710040806,6,7.0,1176
7.697209628620212,6,2.0,3232
7.697728259428203,6,7.0,2633
7.698063335353929,6,54.0,1948
7.698521758625008,6,42.0,3009
7.698531961449292,6,3.0,2694
7.698594788248304,8,16.0,1589
7.698817952263446,9,1.0,1602
7.698919056692767,1,15.0,3533
7.698923101771862,6,4.0,2794
7.699212728821792,7,12.0,2289
7.699865204420893,6,35.0,3233
7.700462198936546,7,41.0,758
7.70066412536136,1,7.0,3534
7.70118996384148,1,6.0,3535
7.701214437640473,6,47.0,3249
7.7012235657996015,7,3.0,1697
7.701639255047653,6,41.0,3403
7.70165970849845,6,2.0,2622
7.701914253527087,1,47.0,3536
7.702096049782939,1,10.0,3537
7.702431691878595,1,15.0,3538
7.702655824659014,1,8.0,3539
7.702884417639193,1,9.0,3540
7.70293452769365,1,4.0,3541
7.70300561575448,9,3.0,652
7.7033460088124635,6,6.0,2737
7.703447584882822,1,5.0,3542
7.704216211828937,1,2.0,3543
7.70467714332012,1,11.0,3544
7.704779503658618,7,33.0,1447
7.705352226693856,6,3.0,2444
7.705657480752634,6,55.0,3050
7.706021461943722,1,4.0,3545
7.706175662809212,6,2.0,3498
7.706408235286606,1,7.0,3546
7.706514792778008,1,5.0,3547
7.706627891493093,1,7.0,3548
7.707203242659292,6,3.0,2820
7.70756524985467,6,7.0,3422
7.707857588705386,1,29.0,3549
7.7086793761631816,1,3.0,3550
7.708959834630245,6,2.0,2618
7.709137850568582,6,57.0,2428
7.709205321004083,6,1.0,2145
7.709338271705686,1,2.0,3551
7.70941618521845,6,5.0,3367
7.709929081564124,1,2.0,3552
7.71044499029923,7,5.0,540
7.710651918312305,6,1.0,3441
7.711270779343915,6,8.0,3157
7.711570592421473,1,18.0,3553
7.712684139845321,1,3.0,3554
7.7131858749465705,1,5.0,3555
7.71341197710696,6,58.0,702
7.71369071443369,1,3.0,3556
7.713805114228949,7,5.0,1412
7.713882186920823,1,3.0,3557
7.714107034311928,1,16.0,3558
7.714166809790777,6,11.0,2260
7.714189274143118,7,3.0,1990
7.715330274621183,1,9.0,3559
7.715354218225491,7,46.0,973
7.716671794267661,6,5.0,3146
7.716742449257645,6,2.0,3455
7.7176681081264515,7,2.0,2390
7.71800303655789,7,6.0,1702
7.718192257991657,1,36.0,3560
7.718360306664039,6,5.0,2184
7.71964298335605,1,1.0,3561
7.719827976545389,6,40.0,3467
7.720089296720084,6,3.0,3500
7.720264376515129,8,6.0,3268
7.720847283929844,6,41.0,2759
7.721191272320585,7,3.0,633
7.721837089690903,1,5.0,3562
7.722163352862755,7,1.0,1095
7.722254814721659,6,45.0,2564
7.722963300921165,6,39.0,2079
7.722994360094708,1,2.0,3563
7.723173231109541,2,3.0,3564
7.723253631171011,1,23.0,3565
7.723297426184202,1,4.0,3566
7.7233507235613015,6,2.0,2257
7.723751547974264,6,6.0,2593
7.7245174605853855,6,8.0,3193
7.724829933415968,6,3.0,1995
7.724939685879219,7,51.0,1152
7.7250667457397215,6,1.0,1956
7.725524261321125,6,17.0,3164
7.726473283300384,6,13.0,565
7.726809426360196,6,3.0,3044
7.726915955672083,1,2.0,3567
7.727564156655075,1,2.0,3568
7.7276617082803245,6,4.0,2905
7.7278517034530765,1,33.0,3569
7.728282410205594,7,3.0,991
7.728371836652967,1,10.0,3570
7.728637741713982,6,42.0,2416
7.728662399448065,6,8.0,3504
7.729478021873701,1,4.0,3571
7.7296623591919555,6,12.0,2850
7.729846879609942,6,6.0,3501
7.730013486218653,6,41.0,2405
7.730123606057495,1,3.0,3572
7.730384138389544,6,2.0,3314
7.730434190294438,7,41.0,480
7.730469926030401,6,10.0,3331
7.730719629525582,7,4.0,1710
7.731296094249825,7,16.0,1502
7.73228843272825,1,2.0,3573
7.732718356825706,1,26.0,3574
7.733049841058836,7,1.0,1783
7.733553711948389,1,8.0,3575
7.733634414380969,7,1.0,978
7.734087377975294,7,7.0,2187
7.734551523333299,1,6.0,3576
7.7347656726182406,6,20.0,3420
7.735023425439452,6,1.0,3270
7.735129420943339,1,24.0,3577
7.735631044278548,1,1.0,3578
7.736073395210431,1,18.0,3579
7.7360843188164825,1,3.0,3580
7.736170013522857,1,1.0,3581
7.736264425291071,1,3.0,3582
7.736352262099838,7,2.0,1489
7.737169541173332,6,1.0,2494
7.737300625179431,1,2.0,3583
7.737324025196358,6,13.0,2785
7.737570380039219,6,7.0,2824
7.737626226964189,6,9.0,3499
7.73779795907462,6,31.0,3478
7.737873829444023,6,5.0,2756
7.737892189782385,7,3.0,951
7.738554407457727,6,29.0,3378
7.738574894175233,6,2.0,2246
7.738593507167406,1,2.0,3584
7.738643053266591,6,5.0,2934
7.739486857435162,9,34.0,741
7.739717826873297,1,4.0,3585
7.740640273878654,1,9.0,3586
7.74097705234723,6,4.0,2069
7.741584363275531,1,3.0,3587
7.742835499898135,7,3.0,1433
7.742961581891731,9,1.0,1626
7.743397394635243,6,10.0,3509
7.744074343945972,8,50.0,1655
7.7443987445688585,1,3.0,3588
7.744763781052148,1,3.0,3589
7.74553547938505,1,17.0,3590
7.7456649932667965,7,2.0,356
7.745685536082745,7,6.0,249
7.745993340470713,2,4.0,3591
7.7463289153541,6,30.0,2951
7.746863710362916,6,8.0,1554
7.747517770176994,6,4.0,2088
7.748144023049749,7,4.0,900
7.748730206483888,7,3.0,334
7.749135921786567,6,42.0,3520
7.750040705776788,1,4.0,3592
7.750625760273096,6,42.0,2833
7.750710907285768,6,3.0,3589
7.751206945467954,6,4.0,3515
7.751231900795259,7,6.0,2787
7.751295812811326,7,4.0,1580
7.751535796357456,7,44.0,1362
7.751605615889281,6,2.0,2774
7.7517289777785265,1,1.0,3593
7.751863526854837,6,4.0,3431
7.7518928901212725,7,34.0,1468
7.752088678082607,6,17.0,3317
7.752321380044535,6,1.0,3141
7.752333127490365,7,40.0,985
7.752882731957751,6,8.0,3495
7.753065040511855,7,3.0,384
7.75341147642415,7,16.0,1069
7.753424945535929,7,6.0,1703
7.753571550391975,9,5.0,549
7.753655746114457,6,7.0,3160
7.754060637455845,6,9.0,2394
7.75429087222321,7,9.0,335
7.75437451518762,9,1.0,1132
7.755005259486825,6,43.0,2060
7.755086675196643,7,4.0,1629
7.755177360717082,1,12.0,3594
7.755873396737708,1,1.0,3595
7.75605135516507,1,47.0,3596
7.756882365920562,8,1.0,273
7.756883784113621,2,1.0,3597
7.756973481837868,7,48.0,1713
7.757623325421662,1,3.0,3598
7.757927959365352,6,5.0,3189
7.758238444833614,6,11.0,2613
7.7592620858130426,1,12.0,3599
7.759307805566283,8,48.0,70
7.759341664786282,1,2.0,3600
7.759403355541078,6,15.0,3426
7.759575666457631,1,2.0,3601
7.759601722924616,1,11.0,3602
7.760608403696677,7,33.0,1136
7.7606776272727265,6,1.0,3096
7.7610758025110425,7,10.0,998
7.761093455306376,6,31.0,2829
7.761557734382533,7,4.0,268
7.761599410359265,6,14.0,1556
7.761696691682081,2,8.0,3603
7.7618540075303954,1,24.0,3604
7.762373407378829,6,10.0,3570
7.762490931072842,1,5.0,3605
7.7625943231027,7,12.0,493
7.7627834624777785,6,1.0,3561
7.763113283512997,6,58.0,1786
7.763338994607529,6,1.0,3176
7.763953733149465,1,26.0,3606
7.764249225778429,7,59.0,2588
7.764553139653612,8,2.0,1689
7.764646288664965,1,48.0,3607
7.7650007975892175,6,5.0,2539
7.765148131605064,6,33.0,3205
7.765275005907922,8,1.0,795
7.765447217252484,7,7.0,1873
7.766256514467378,1,54.0,3608
7.766635106537305,6,6.0,2558
7.766794011751532,6,2.0,3359
7.76723661128233,6,6.0,3328
7.767419838254737,6,43.0,582
7.767598430976417,6,41.0,1475
7.767666922192096,1,4.0,3609
7.767854266071896,6,2.0,2234
7.768013710123962,7,3.0,2900
7.768109866083346,1,1.0,3610
7.768111972663765,6,43.0,2842
7.768546851004985,1,4.0,3611
7.76886004306354,8,3.0,2722
7.7691931113825765,9,5.0,1624
7.769474790602908,6,2.0,888
7.769679470477449,6,19.0,3238
7.770302850340206,1,1.0,3612
7.7710601380654545,6,12.0,3357
7.771537248597493,1,4.0,3613
7.77160733536643,6,3.0,2609
7.7718244555704565,7,15.0,847
7.771850033769178,6,9.0,3468
7.771943049656797,6,3.0,1874
7.772313275698781,7,5.0,1832
7.772358064675452,6,11.0,2584
7.772456406176589,8,2.0,1725
7.772511303357089,6,11.0,3494
7.7729255888722175,1,13.0,3614
7.773264087100141,6,2.0,1941
7.774113854012923,6,3.0,3598
7.774297315885675,1,19.0,3615
7.774399842698514,7,45.0,1195
7.774465707258811,6,53.0,1508
7.77486046181614,1,12.0,3616
7.775234448528773,6,4.0,3387
7.7754862553869035,6,2.0,3019
7.775524265927311,7,3.0,1205
7.775537838256934,8,25.0,2813
7.775897379694527,7,16.0,876
7.776797699424963,6,2.0,1237
7.777208570096327,7,1.0,1410
7.778075181656173,6,3.0,1601
7.778827775497206,1,4.0,3617
7.7795529315208265,1,50.0,3618
7.77991158709058,6,2.0,2686
7.779915307599462,7,55.0,2551
7.781313404830267,9,2.0,486
7.781919660657858,6,9.0,2090
7.781968438401493,6,13.0,3178
7.7824338237930695,1,16.0,3619
7.782598477698726,1,20.0,3620
7.782878083661384,7,39.0,2680
7.783653737019681,7,19.0,1515
7.784017376300844,6,16.0,3558
7.7842607112810684,7,2.0,1910
7.784320272269112,1,9.0,3621
7.784608947025486,6,7.0,2050
7.784641745633992,9,54.0,293
7.784645083939843,7,2.0,657
7.784891234231263,6,2.0,2746
7.785053570342436,6,4.0,2439
7.785183022394683,7,4.0,1160
7.785525853019874,1,3.0,3622
7.785561322669441,6,11.0,2582
7.785703427427366,1,20.0,3623
7.785844037994078,7,4.0,1833
7.786269762609973,8,2.0,2051
7.78676630951945,6,46.0,3398
7.7869522705858625,1,4.0,3624
7.78706803622696,7,39.0,1520
7.787092322373836,6,59.0,2038
7.787726056736144,1,3.0,3625
7.787993728016422,7,5.0,1505
7.7880137670995895,6,9.0,3023
7.788287562557398,7,5.0,1453
7.788455811487161,1,3.0,3626
7.7888995591182635,6,9.0,3437
7.788943160250976,6,1.0,3161
7.789537973329616,1,5.0,3627
7.790231676313143,6,1.0,2265
7.790506868818154,6,1.0,651
7.790673420100164,6,4.0,2418
7.791812457650606,1,12.0,3628
7.792084934512126,6,50.0,2918
7.792251770432647,7,55.0,357
7.793083901598441,1,1.0,3629
7.793733260992299,1,3.0,3630
7.79382407533029,6,34.0,2119
7.79399724745284,1,2.0,3631
7.79432307963315,1,1.0,3632
7.795016034018458,9,5.0,1343
7.795282610801647,6,3.0,3305
7.796504009615383,6,1.0,3632
7.796623863517542,6,4.0,2875
7.796652575149565,9,2.0,2051
7.79679717648768,1,2.0,3633
7.798228485532447,1,5.0,3634
7.798260677866844,6,6.0,2415
7.798335621475948,6,5.0,3542
7.798627536243615,6,1.0,3278
7.799126668159685,1,5.0,3635
7.799163365674885,1,3.0,3636
7.7991854023608385,1,11.0,3637
7.799307112547957,1,6.0,3638
7.799774124924795,1,2.0,3639
7.800070081457652,1,4.0,3640
7.800104884676008,7,3.0,2272
7.800196143761331,7,10.0,1809
7.8004166019398,6,9.0,1380
7.80086297207057,6,6.0,2878
7.801367962170466,6,59.0,1004
7.801765149138971,1,1.0,3641
7.8018525756019725,6,3.0,2660
7.80199019004784,7,27.0,1914
7.802052530535388,7,9.0,1271
7.802423081961978,1,33.0,3642
7.802849515014092,1,2.0,3643
7.802887093219125,8,8.0,1491
7.803064435427229,2,1.0,3644
7.803861928814717,6,7.0,3171
7.803956212017462,1,2.0,3645
7.804019795394544,7,38.0,1141
7.804121757231435,6,3.0,2442
7.804291170646255,6,5.0,2970
7.805719863866813,1,17.0,3646
7.8063885340130605,1,3.0,3647
7.806407016756995,7,31.0,102
7.807029747931281,6,40.0,1957
7.807171457573063,1,6.0,3648
7.80755843462487,6,11.0,3637
7.807589168280466,1,9.0,3649
7.807602388659197,1,2.0,3650
7.807676018934659,7,2.0,605
7.808172711991256,1,5.0,3651
7.808314124205159,1,2.0,3652
7.809554919803531,1,3.0,3653
7.8098185461757215,6,2.0,3567
7.809860909312052,6,4.0,1807
7.809961180085764,7,1.0,1298
7.810128539168556,1,2.0,3654
7.810640090614251,6,1.0,3250
7.81105889476403,7,2.0,673
7.811610079316819,1,7.0,3655
7.8118653258388004,6,5.0,2488
7.813760702781673,6,15.0,1930
7.815321195065176,1,35.0,3656
7.816299954431995,1,4.0,3657
7.816576868311257,6,9.0,2650
7.816922668234005,7,2.0,961
7.817150115865603,6,49.0,458
7.817880243783153,7,1.0,1301
7.817880243783153,16,1.0,1301
7.819034082313339,7,10.0,894
7.81924695601545,1,2.0,3658
7.819588494483042,1,4.0,3659
7.819706356653811,1,5.0,3660
7.8197092875280525,8,2.0,2783
7.820288415030671,6,12.0,1894
7.820363211464785,1,1.0,3661
7.821121677264781,1,53.0,3662
7.821265074030696,8,7.0,827
7.821268763286967,1,1.0,3663
7.821399067565693,6,1.0,3578
7.821726736280452,1,1.0,3664
7.822146398644203,6,17.0,1510
7.8222328630251,1,6.0,3665
7.822718891356405,6,10.0,3327
7.8229963874691375,8,18.0,1197
7.823170350851819,6,60.0,2728
7.823507359063547,1,5.0,3666
7.823527421324332,1,1.0,3667
7.823818366840988,6,26.0,3371
7.824582267433108,6,8.0,3085
7.824594165151287,6,2.0,2242
7.825390447979733,2,6.0,3668
7.825693567513748,1,49.0,3669
7.826093394454358,1,5.0,3670
7.826398364550856,8,7.0,2045
7.8264271188935846,8,15.0,1930
7.826458800773067,1,13.0,3671
7.826769832145484,6,24.0,1166
7.826934796969895,9,9.0,1140
7.827246803976805,1,2.0,3672
7.827496930414766,6,57.0,1899
7.82760032358812,8,35.0,449
7.827702660615455,1,58.0,3673
7.827726152042692,6,2.0,3405
7.827844460861319,6,52.0,1815
7.828369377989142,8,5.0,2462
7.828789821232977,6,28.0,1320
7.82893745469721,9,1.0,724
7.830449621571086,6,3.0,3063
7.830628185624758,1,54.0,3674
7.830697564745881,6,2.0,1788
7.831511876073304,7,3.0,100
7.831764358236932,1,1.0,3675
7.832046342709674,6,39.0,2483
7.832322606821191,1,1.0,3676
7.832383919183799,6,9.0,2647
7.833257485203537,1,4.0,3677
7.834452441100912,7,12.0,1278
7.834791934478769,1,17.0,3678
7.835209065358536,1,1.0,3679
7.835660195517966,6,13.0,3507
7.835728367970145,7,2.0,1100
7.836280046828746,7,53.0,1618
7.83682942846535,6,3.0,3329
7.836959263116325,6,2.0,3600
7.837016144086492,7,1.0,763
7.837326878839432,1,2.0,3680
7.837403858254375,1,4.0,3681
7.837746317944807,1,56.0,3682
7.838384826722043,7,51.0,1966
7.838599115631045,7,5.0,1010
7.838934710321343,7,4.0,957
7.839126960706276,1,58.0,3683
7.839718212698177,7,54.0,1518
7.840296211513462,1,49.0,3684
7.840619558738476,6,59.0,2128
7.841167729509637,6,2.0,931
7.8412934286200215,9,4.0,1486
7.841387585836462,1,45.0,3685
7.841538966130475,1,3.0,3686
7.841548544066611,1,4.0,3687
7.842836802685609,6,7.0,2100
7.842873697291797,7,37.0,843
7.843107115387529,1,17.0,3688
7.843752409695725,1,46.0,3689
7.843783901232834,7,48.0,575
7.844234146148331,6,47.0,3035
7.8445296878060775,7,15.0,1407
7.844843021379567,6,1.0,1604
7.845053412445174,6,5.0,3177
7.845118430016192,1,17.0,3690
7.845544016098109,7,31.0,1611
7.845909574246156,1,4.0,3691
7.846158514877771,1,2.0,3692
7.846228887664669,1,28.0,3693
7.846314932600082,1,3.0,3694
7.847177305015023,1,3.0,3695
7.847445821295972,6,2.0,3194
7.847914957120193,6,2.0,3192
7.8482642939552,9,47.0,954
7.848264771600482,6,3.0,2238
7.848530827025046,1,33.0,3696
7.848768586348882,7,2.0,351
7.849380136806545,1,4.0,3697
7.849753531194163,7,6.0,952
7.85066129926676,1,2.0,3698
7.851899609806867,6,43.0,2795
7.851968965705183,1,5.0,3699
7.851994622228726,1,3.0,3700
7.8521241672848605,1,11.0,3701
7.852598870570798,6,45.0,1897
7.852735588520814,1,6.0,3702
7.853839154531002,6,1.0,3581
7.854126552439888,8,7.0,1896
7.854517716927371,8,51.0,2777
7.855278044840307,7,39.0,1381
7.855585029257253,6,9.0,2557
7.855929365948144,6,25.0,2958
7.856084843210173,6,9.0,1530
7.856219423536759,1,3.0,3703
7.856331795479137,1,5.0,3704
7.856628994376841,6,42.0,2623
7.856630790807019,1,11.0,3705
7.857122199737363,6,25.0,2690
7.857400033823613,6,3.0,2985
7.857426184961069,6,34.0,1063
7.857783981770221,1,13.0,3706
7.8586923706524,7,1.0,1402
7.858782226470057,1,1.0,3707
7.85928173988347,7,9.0,1979
7.859363372146512,7,12.0,1488
7.859433855419694,6,20.0,3216
7.859694496091235,6,41.0,2823
7.859771379030978,6,3.0,2872
7.860021173468994,6,47.0,2984
7.86127473099025,1,10.0,3708
7.861863463040543,1,2.0,3709
7.862158011804571,8,16.0,1099
7.862346207388936,1,6.0,3710
7.862688728569719,6,24.0,3577
7.862998462155199,1,3.0,3711
7.863342154684139,6,22.0,3057
7.863796800661218,6,4.0,3208
7.864062918325068,6,10.0,3419
7.8641391392856415,1,38.0,3712
7.864450882420212,1,16.0,3713
7.865051225542933,1,6.0,3714
7.865090602465454,8,50.0,1704
7.865146037396795,8,3.0,2151
7.865716802390217,7,22.0,1162
7.866148610793253,6,55.0,1105
7.8665235513636045,6,11.0,3510
7.8669883036249555,7,3.0,2651
7.867898459072797,1,3.0,3715
7.868211409399701,7,2.0,2389
7.8688556183897145,6,5.0,3237
7.869459005758514,6,3.0,3443
7.870614518523679,6,11.0,3304
7.870844805571486,1,3.0,3716
7.87090886882302,6,59.0,2788
7.870923164355818,1,9.0,3717
7.871039059166835,1,1.0,3718
7.87131047618586,8,5.0,2934
7.871327831343966,6,5.0,2255
7.871572107255409,1,14.0,3719
7.872158244423485,8,57.0,831
7.872500657297619,1,4.0,3720
7.873323020679062,6,8.0,3028
7.873458215210375,1,4.0,3721
7.873498055424306,6,46.0,3273
7.873659113482126,6,3.0,3438
7.873755483369471,6,26.0,1284
7.873863670400355,1,4.0,3722
7.874046001435056,1,31.0,3723
7.874237821879093,6,2.0,3427
7.874249277377166,6,4.0,3585
7.8745153739537805,6,1.0,3644
7.875067171022994,6,2.0,1605
7.875085675622054,6,7.0,2966
7.8752586421074975,6,10.0,2404
7.875290769799734,7,59.0,2801
7.875482232570259,6,8.0,2136
7.875619312976772,7,9.0,2411
7.875879090506414,1,11.0,3724
7.8759181109847844,6,3.0,3711
7.876016805370762,6,60.0,964
7.876619053126483,9,54.0,644
7.87718092072414,1,25.0,3725
7.877647841159585,1,4.0,3726
7.877803432464384,7,2.0,445
7.877951831797377,6,2.0,2950
7.878258747782612,7,6.0,1097
7.878296738345207,6,1.0,2435
7.878304963341982,1,2.0,3727
7.878568644795909,7,50.0,1194
7.878671795118098,7,2.0,700
7.879226360866264,1,5.0,3728
7.8792679261613765,1,3.0,3729
7.879310305406953,1,53.0,3730
7.879382438060191,6,1.0,3597
7.879561906496047,7,3.0,2061
7.880005296747019,7,5.0,1299
7.880366031523622,8,3.0,671
7.880579653986001,6,3.0,2629
7.880915321756954,6,3.0,2938
7.881312798920982,7,5.0,1685
7.881398673344195,6,9.0,3279
7.881414835438077,1,2.0,3731
7.881564401425139,6,44.0,3258
7.881634383638389,6,4.0,2902
7.88174751444873,1,44.0,3732
7.881884025158124,6,1.0,3675
7.882001944614058,7,4.0,1597
7.882140731193807,7,7.0,1235
7.882522753005009,6,56.0,1581
7.882991620722054,1,5.0,3733
7.883273947564047,1,2.0,3734
7.883330713483901,1,11.0,3735
7.883538933528732,6,2.0,2610
7.883676024690592,7,4.0,2135
7.883676024690592,16,4.0,2135
7.883710114554257,1,12.0,3736
7.883965781035398,1,1.0,3737
7.884367004834419,6,1.0,2924
7.884408283004795,6,3.0,3385
7.8853503810783945,6,9.0,3649
7.885493803393001,8,3.0,2796
7.88559479115591,1,38.0,3738
7.886242044988523,1,54.0,3739
7.886710108803274,1,6.0,3740
7.8868181154253385,6,11.0,3735
7.886889317647049,1,7.0,3741
7.886932989516788,9,45.0,408
7.887464192436895,1,6.0,3742
7.887539628290034,6,1.0,3098
7.887934826181011,1,55.0,3743
7.88813440624481,1,4.0,3744
7.888167818151742,1,1.0,3745
7.888188151850205,1,4.0,3746
7.888387324850481,8,5.0,1126
7.889042769533853,6,41.0,1745
7.889056850925646,8,1.0,2914
7.889665196080321,9,16.0,1589
7.8898688283149205,6,9.0,3586
7.890360203791652,6,1.0,767
7.891180480359817,1,39.0,3747
7.8914410312499115,7,10.0,855
7.891630092126819,6,6.0,3742
7.891734057764635,6,1.0,2091
7.8919253140955705,6,55.0,2857
7.892046311578073,6,46.0,2636
7.8930542007801066,7,47.0,663
7.893379169471178,7,2.0,944
7.893393550868675,6,49.0,1279
7.893576888480504,7,1.0,1912
7.8935986271929455,1,7.0,3748
7.893657241914996,9,58.0,373
7.89380132600958,6,1.0,2510
7.894057432453874,6,1.0,3112
7.894175454899711,6,17.0,3690
7.894277063922969,1,6.0,3749
7.894327577439516,1,1.0,3750
7.894608098866856,6,7.0,3203
7.894925782483288,6,40.0,1324
7.895114312635855,2,43.0,3751
7.895174182534948,7,3.0,476
7.895517413230825,1,3.0,3752
7.895807910029773,1,4.0,3753
7.896373340349409,1,1.0,3754
7.89677677339923,9,3.0,389
7.897252673156924,6,4.0,2000
7.897539482322687,9,54.0,1674
7.897769710305844,9,3.0,1259
7.89821370173102,7,12.0,1566
7.898292619547908,1,22.0,3755
7.8984579431910165,8,3.0,2360
7.898479199944994,6,3.0,1357
7.900340838897661,7,36.0,841
7.900340838897661,16,36.0,841
7.900780411131776,7,2.0,1150
7.901293176252608,1,2.0,3756
7.9013561241942085,1,10.0,3757
7.902247973658955,3,27.0,3758
7.902868041319231,1,2.0,3759
7.902904591383642,6,46.0,2273
7.902921008823395,1,3.0,3760
7.90313047772809,6,4.0,3365
7.9039509112428785,6,1.0,1944
7.9039840767214224,1,18.0,3761
7.9045159655782,6,57.0,2189
7.905059575166433,1,5.0,3762
7.9057788584607644,1,42.0,3763
7.905994445041216,9,46.0,1175
7.906539079200242,6,4.0,3430
7.90664744651878,1,6.0,3764
7.906921017270386,6,43.0,506
7.90716124970565,6,56.0,1705
7.907895173343037,1,10.0,3765
7.907957959489179,8,1.0,2072
7.908621851944307,8,1.0,2062
7.9086593390583655,1,1.0,3766
7.909017540585059,1,1.0,3767
7.909129146057969,6,3.0,3411
7.909599801122448,1,6.0,3768
7.909860912023003,6,33.0,2085
7.910712348564445,7,6.0,428
7.9109347415051,1,1.0,3769
7.911180802077625,1,2.0,3770
7.911407178026011,1,1.0,3771
7.912233466473534,6,1.0,2556
7.9128109995104765,1,10.0,3772
7.913073390625818,6,40.0,3444
7.9144661269884065,6,1.0,2578
7.914812774444713,1,2.0,3773
7.915168460049878,1,5.0,3774
7.915533219776005,1,11.0,3775
7.915667582817798,8,11.0,3360
7.918110547083871,1,19.0,3776
7.9181742688786105,6,42.0,3763
7.91871434450074,6,1.0,3207
7.919070626849872,9,5.0,1277
7.919873106201226,8,1.0,3098
7.920033669435437,1,1.0,3777
7.920544324018819,1,2.0,3778
7.921090737109586,9,18.0,851
7.921220650968377,1,5.0,3779
7.921483072062642,8,12.0,1309
7.921526646809501,7,7.0,1959
7.922087474076109,8,3.0,1631
7.922406054271622,1,7.0,3780
7.922579699043675,8,59.0,1004
7.922942508333948,1,3.0,3781
7.923118730085887,8,2.0,2692
7.923461778769344,7,3.0,734
7.923642314904626,6,2.0,3650
7.923758547037369,1,36.0,3782
7.923852884747907,6,3.0,3694
7.924209442282477,9,50.0,1704
7.9242111634411465,7,2.0,2652
7.924320623054623,6,56.0,3476
7.924530272348331,6,9.0,2513
7.92465839116185,6,1.0,3769
7.924829964806194,7,5.0,1649
7.9248560908340115,7,54.0,2944
7.925264748715396,6,7.0,3655
7.925343606861804,1,3.0,3783
7.925565100546357,6,25.0,1472
7.925747398253801,1,35.0,3784
7.92661468912747,1,4.0,3785
7.926964813111666,1,4.0,3786
7.927056765357399,6,5.0,3634
7.927453979648329,1,2.0,3787
7.928371342930185,7,4.0,853
7.928715628335323,6,7.0,3302
7.928860560301498,7,54.0,1871
7.929057222533653,6,3.0,3239
7.929277731115883,1,6.0,3788
7.929536816732773,1,4.0,3789
7.92982047931636,1,45.0,3790
7.929907755048001,6,5.0,1257
7.929956085288289,8,45.0,2129
7.930192986943342,6,4.0,3545
7.930561669170084,9,2.0,2783
7.9311436419915555,1,4.0,3791
7.932347980590526,7,36.0,308
7.93236442914169,1,7.0,3792
7.933328257416081,1,52.0,3793
7.933352947851362,8,15.0,836
7.933794606999591,7,40.0,413
7.933834402863643,1,5.0,3794
7.933951537880598,1,2.0,3795
7.934239611814979,1,5.0,3796
7.9344062915699185,1,9.0,3797
7.934861769712181,6,7.0,1879
7.935119387853084,6,1.0,3526
7.9351442483530334,7,3.0,2749
7.9353526071374585,6,1.0,3172
7.935360502567576,6,1.0,2040
7.9362743291883895,1,2.0,3798
7.936337167168348,1,3.0,3799
7.936701605797726,7,6.0,2354
7.937035317278871,6,15.0,2035
7.937049524391941,1,52.0,3800
7.937185772075048,1,2.0,3801
7.937281645171851,7,10.0,1636
7.937357642734879,6,23.0,2512
7.938528055729055,6,25.0,3725
7.9389595033262585,1,2.0,3802
7.9397813337502985,1,37.0,3803
7.94021522986319,6,47.0,869
7.9407095493866295,1,21.0,3804
7.940786909969909,6,47.0,3596
7.941828402781353,6,6.0,3714
7.94218673821657,1,54.0,3805
7.942214575683737,6,57.0,1558
7.9422637109353635,7,1.0,667
7.9428932760328,6,3.0,3700
7.942962090133614,1,26.0,3806
7.9429725385309835,6,1.0,3414
7.94332534860998,6,5.0,1865
7.943770804671022,7,5.0,2688
7.943779984424607,6,3.0,1942
7.943928224034206,6,2.0,3071
7.94395577428738,9,35.0,1184
7.944384418244825,7,52.0,1421
7.944585225123004,1,19.0,3807
7.94499434617351,6,6.0,2414
7.945050275924802,7,4.0,821
7.946315826799424,6,28.0,2635
7.94661029651063,1,17.0,3808
7.946820841613857,9,4.0,1364
7.946879255314689,1,5.0,3809
7.947088946745826,1,38.0,3810
7.947163532398836,1,9.0,3811
7.94719863449909,1,6.0,3812
7.947319283421418,6,7.0,3792
7.94739010180166,1,23.0,3813
7.948088649569339,6,40.0,3376
7.948739271894006,1,10.0,3814
7.949012952146484,7,9.0,730
7.949631851210765,7,15.0,1239
7.9497533434057015,6,2.0,2913
7.949813332903911,6,40.0,3003
7.950206426034364,6,2.0,3144
7.950226992781635,6,2.0,2459
7.950593447982317,1,5.0,3815
7.950597995054278,2,3.0,3816
7.95089901789659,8,1.0,2510
7.951152888827985,6,12.0,2574
7.95124561744085,6,48.0,3607
7.951710186132869,6,19.0,2146
7.951837127488497,6,1.0,2638
7.95187566877631,6,1.0,1928
7.952542222778075,1,1.0,3817
7.952938928167693,6,5.0,2369
7.953237679648879,1,1.0,3818
7.953506022607807,7,11.0,2178
7.953752887684268,8,20.0,3216
7.954561413630684,6,9.0,3263
7.954783648146892,7,58.0,656
7.95529518003131,1,10.0,3819
7.95543479554156,6,6.0,1862
7.956124181691277,7,60.0,642
7.956131069894469,1,6.0,3820
7.957207601121822,7,50.0,1883
7.958176573280063,7,17.0,1113
7.958786961584229,8,6.0,2733
7.958866803687267,6,8.0,2819
7.959060176044165,6,5.0,3212
7.959143400206761,1,43.0,3821
7.9593927765051085,1,3.0,3822
7.9595356214928294,7,9.0,1178
7.960051394608493,7,7.0,1359
7.960518825305191,7,5.0,1851
7.96101389024731,1,5.0,3823
7.961852555109141,6,6.0,2490
7.96212018250669,8,16.0,1642
7.962159759518548,1,39.0,3824
7.962885367408494,6,13.0,1947
7.9634186478845574,1,1.0,3825
7.963505864570325,6,19.0,3395
7.963883502327979,1,3.0,3826
7.964500167710236,1,7.0,3827
7.964855620038071,6,53.0,3321
7.965113833382551,7,14.0,1714
7.965428109389021,1,20.0,3828
7.966294930019723,7,54.0,1467
7.966984780665136,6,3.0,2822
7.967152372256122,1,6.0,3829
7.967316534764055,1,6.0,3830
7.967397648789356,6,2.0,3462
7.96742800657632,6,4.0,2210
7.967671450925933,1,4.0,3831
7.968353966410258,1,1.0,3832
7.968645898372054,6,4.0,3349
7.969060410706672,1,2.0,3833
7.969534680556866,2,4.0,3834
7.969934416861966,6,41.0,2315
7.970612625326249,1,18.0,3835
7.970742308090477,7,37.0,1290
7.97100564927518,6,3.0,2370
7.971088015825137,7,10.0,169
7.9714510631081845,7,2.0,1627
7.971481659614895,9,1.0,1587
7.971521337342788,6,8.0,2555
7.97160624366669,6,1.0,2358
7.971772476210432,6,2.0,2140
7.972158298319199,6,11.0,2371
7.972425527273513,6,2.0,1782
7.972717926405505,6,1.0,2827
7.972948014760893,1,1.0,3836
7.973863501648966,1,42.0,3837
7.973959503001279,1,1.0,3838
7.9740391428805175,6,5.0,3066
7.974499056950998,1,6.0,3839
7.974579106243062,1,49.0,3840
7.974741605250447,8,2.0,2234
7.974799931515473,1,2.0,3841
7.974958697459333,1,7.0,3842
7.975155728087958,1,4.0,3843
7.975288988053462,1,13.0,3844
7.975476553165055,8,3.0,2707
7.975731899801341,6,1.0,3771
7.975888204405503,8,21.0,2853
7.975941063628094,7,2.0,825
7.975986657774483,1,2.0,3845
7.976214595697061,1,4.0,3846
7.976543709018194,6,11.0,1679
7.976618787957962,1,2.0,3847
7.97710981352239,6,2.0,3264
7.977145195871072,7,4.0,1430
7.97718904223182,1,6.0,3848
7.977475583285845,1,4.0,3849
7.978495927932608,6,9.0,2925
7.978551784980602,1,2.0,3850
7.978715765802918,6,20.0,310
7.979227419286259,7,7.0,828
7.979227419286259,16,7.0,828
7.980199922968374,1,6.0,3851
7.981187606389376,1,4.0,3852
7.981439776479632,6,13.0,3336
7.981650572601071,6,2.0,3658
7.982359036642939,6,6.0,925
7.983168976581167,9,51.0,1101
7.9834092416842,6,4.0,2269
7.9835285418327,1,3.0,3853
7.984190982958677,8,1.0,1635
7.98427404168435,1,1.0,3854
7.984814836250674,6,10.0,3109
7.984832190285292,6,7.0,3401
7.985815318270356,9,5.0,1816
7.986099753798582,9,2.0,2717
7.986537940316871,7,27.0,1706
7.986648157953172,8,55.0,2470
7.987357893840512,7,29.0,1608
7.98768818808303,7,5.0,1614
7.988053076825135,6,18.0,3835
7.988763442180939,1,1.0,3855
7.9890761994386,6,48.0,2231
7.989939742832718,6,7.0,2978
7.989953631589995,1,2.0,3856
7.99044783211164,6,3.0,2603
7.990644078387854,1,7.0,3857
7.990768015647019,8,46.0,1390
7.990873070463092,6,2.0,1724
7.991039895455835,1,2.0,3858
7.991089464176242,1,1.0,3859
7.991228631648311,7,2.0,1487
7.992080165261342,1,3.0,3860
7.9921503183498315,6,3.0,3460
7.992295714795839,7,43.0,1368
7.992555847779451,7,3.0,1690
7.993472984821274,6,2.0,3297
7.993523674264729,7,40.0,1369
7.993545853472763,6,11.0,3775
7.994207629561214,7,21.0,1041
7.994531181519471,1,6.0,3861
7.995108039629027,1,4.0,3862
7.995126095447677,6,2.0,3206
7.995440359787556,1,8.0,3863
7.995798328980657,1,50.0,3864
7.996013153497864,1,2.0,3865
7.996093627156357,7,3.0,1905
7.996255592509511,6,3.0,3557
7.99647168738628,1,1.0,3866
7.996831310403703,6,4.0,1564
7.997023286765228,1,5.0,3867
7.997676286274364,6,34.0,2058
7.998058709701908,1,2.0,3868
7.999370243834081,6,30.0,2826
8.000233655146543,7,49.0,2220
8.000604251248836,18,,0
8.000802369372622,101,22.0,3869
8.001071829466037,1,1.0,3870
8.001141743112402,1,2.0,3871
8.001206275893606,1,3.0,3872
8.001519375436226,18,,0
8.001534378641534,18,,0
8.001570466147834,101,5.0,3873
8.001735994699,101,8.0,3874
8.00185058771691,6,2.0,3179
8.00187225813667,7,8.0,1059
8.001911069332856,1,2.0,3875
8.002083775800271,7,4.0,1514
8.002118128707949,6,7.0,3149
8.002344836746675,8,60.0,439
8.003120932027578,7,9.0,358
8.00330594681257,7,10.0,585
8.003350431986721,7,3.0,124
8.00365552658143,1,25.0,3876
8.00414940337569,18,,0
8.00423137677298,101,1.0,3877
8.004644211201912,1,31.0,3878
8.00478671706681,7,14.0,1006
8.005034111472247,6,5.0,3762
8.005302487433815,1,1.0,3879
8.005581553404113,6,1.0,3514
8.005914072222948,18,,0
8.00600232656903,6,4.0,3791
8.006137521550473,101,4.0,3880
8.006683042956219,6,2.0,3008
8.00700309634553,18,,0
8.007084558897413,101,12.0,3881
8.007212970681712,18,,0
8.007245925749102,101,46.0,3882
8.007887366018648,1,2.0,3883
8.008863066685013,6,19.0,2296
8.009248160357131,1,2.0,3884
8.010500485451239,7,9.0,1610
8.01072470038513,1,1.0,3885
8.011033362609494,6,3.0,3715
8.011152164332216,7,3.0,392
8.011345522364966,8,34.0,2119
8.011744354253645,6,1.0,2364
8.011891499645282,1,5.0,3886
8.01210607219165,8,2.0,1886
8.012213170391552,7,5.0,2756
8.012566323217943,2,6.0,3887
8.013614040024207,7,11.0,518
8.013624461742847,6,1.0,2861
8.01377583776923,7,53.0,1256
8.013831702771824,7,1.0,1612
8.01440061799255,1,1.0,3888
8.014739265798434,18,,0
8.014776559260149,101,2.0,3889
8.015132822782913,1,24.0,3890
8.01572772082491,6,36.0,3399
8.015914802518296,1,6.0,3891
8.016124517342696,1,3.0,3892
8.016243918992826,7,7.0,1917
8.01690917966607,8,8.0,3504
8.017089479112581,1,3.0,3893
8.01748323645926,1,5.0,3894
8.017727371098344,9,6.0,1207
8.017816580168164,18,,0
8.017878191675496,7,9.0,1333
8.017891987960322,101,6.0,3895
8.018056761061962,1,3.0,3896
8.018081671153181,1,6.0,3897
8.01852283566441,18,,0
8.018562873754792,101,59.0,3898
8.0186144273477,6,1.0,2670
8.018900642463608,18,,0
8.019002391550698,6,8.0,3186
8.019047028271046,101,35.0,3899
8.01907447052612,1,3.0,3900
8.02017032653208,18,,0
8.02021233273872,101,2.0,3901
8.02049955597963,18,,0
8.020560256382415,101,60.0,3902
8.020630413977441,1,5.0,3903
8.02145969923553,6,7.0,3016
8.021559091028925,1,1.0,3904
8.021633767033494,6,10.0,3814
8.021742287788518,1,4.0,3905
8.021910351392918,6,41.0,2895
8.022190350952762,6,2.0,3393
8.022956703734396,6,14.0,2522
8.02318212777278,1,13.0,3906
8.023308257084212,18,,0
8.02337021255655,101,14.0,3907
8.023562596724103,6,9.0,3026
8.023755490108641,6,14.0,1758
8.024593161593327,1,2.0,3908
8.02517805609036,1,7.0,3909
8.025245075063175,6,58.0,2440
8.025775361653318,6,37.0,2173
8.02647568176924,7,13.0,1191
8.026506627687192,1,59.0,3910
8.026698378546575,6,5.0,2889
8.026699513303818,1,4.0,3911
8.028332779699333,6,56.0,3682
8.02835127570913,1,1.0,3912
8.02840158993317,1,12.0,3913
8.028539493638279,1,37.0,3914
8.029668582105394,6,28.0,2644
8.029782164987179,6,15.0,3528
8.029829992103144,6,7.0,3053
8.030238483314836,6,5.0,2779
8.030821063446679,1,3.0,3915
8.030876667949173,9,13.0,881
8.030914222721158,6,9.0,3797
8.031212281580949,18,,0
8.031275498874328,101,59.0,3916
8.031363450227929,6,10.0,3819
8.031459019501812,7,4.0,1198
8.032091291771055,6,9.0,2868
8.032143453935628,7,5.0,2312
8.032218936681108,6,24.0,3306
8.032299011663163,1,8.0,3917
8.03339032129152,8,4.0,1857
8.034016758260506,7,2.0,1305
8.034102978394696,6,51.0,1978
8.034343002342599,6,3.0,3556
8.034424963106288,1,3.0,3918
8.034588338036702,6,5.0,3271
8.03474727189298,6,58.0,2960
8.03492153631647,1,47.0,3919
8.035032378670007,6,6.0,3829
8.035892591283748,6,2.0,3320
8.036041325993164,7,25.0,424
8.036144938292335,1,2.0,3920
8.036306711862315,8,40.0,1286
8.036569593223792,1,6.0,3921
8.03693970250495,8,9.0,2432
8.037025438935455,6,1.0,3888
8.037114335272928,18,,0
8.037124657129992,8,39.0,2732
8.037147747011321,101,3.0,3922
8.037284413061974,6,5.0,3815
8.03754560949794,9,1.0,634
8.037806671711806,1,3.0,3923
8.037809964682308,6,6.0,3740
8.03789192794815,6,1.0,3440
8.037908895003333,6,1.0,3174
8.03874755082133,6,3.0,2678
8.038938419539292,7,30.0,1354
8.039213693051863,8,3.0,3715
8.040857335867562,18,,0
8.041033031243886,101,1.0,3924
8.041380963810157,1,9.0,3925
8.042117822916023,18,,0
8.042129734671189,101,2.0,3926
8.042281674563437,18,,0
8.042332125455331,6,3.0,3259
8.042621692193231,18,,0
8.042646635644845,101,1.0,3927
8.042792610486172,101,9.0,3928
8.043087514947752,1,11.0,3929
8.043496544468447,8,17.0,2695
8.044176845591606,1,15.0,3930
8.044364966311926,1,3.0,3931
8.044452790785503,8,4.0,2325
8.044645315483555,6,38.0,3810
8.04464570977294,6,2.0,3281
8.045487563505997,9,4.0,2683
8.046110188699352,6,41.0,2649
8.046520071795834,1,5.0,3932
8.047446469697094,6,23.0,3813
8.047847004623698,6,5.0,3138
8.048200605148992,1,28.0,3933
8.048495587298147,7,45.0,1082
8.048718822743396,1,4.0,3934
8.048875148706657,18,,0
8.04892159546838,101,16.0,3935
8.048968771209926,6,2.0,2284
8.049064151377584,18,,0
8.049077927522065,101,3.0,3936
8.049212239146556,7,27.0,1779
8.049260870238983,7,18.0,890
8.04937511125356,1,3.0,3937
8.049383178573454,6,1.0,3777
8.049568522893077,18,,0
8.04981042917503,101,1.0,3938
8.049846509071,7,20.0,1306
8.04993898744678,6,4.0,2859
8.04994221860815,6,40.0,2942
8.051118953394223,9,41.0,1179
8.05126294614495,1,5.0,3939
8.051346956182176,6,1.0,1268
8.05174168178409,1,1.0,3940
8.051750790933543,7,18.0,889
8.051754616123766,6,1.0,3276
8.052841659648815,1,17.0,3941
8.053077199453014,6,7.0,3534
8.053445800531557,1,8.0,3942
8.053591839118136,6,2.0,3654
8.05375133398409,6,2.0,3543
8.054027817014825,6,44.0,2957
8.05453340201025,1,5.0,3943
8.054764145085379,6,9.0,2977
8.054975646603452,6,58.0,3673
8.055025155427861,6,41.0,2181
8.05508155257402,6,39.0,3824
8.055269920490083,1,11.0,3944
8.055676155872993,1,13.0,3945
8.055822618009655,6,30.0,3432
8.056507877037369,6,1.0,3404
8.056809839320875,1,4.0,3946
8.056875750063194,1,2.0,3947
8.057303893190266,6,6.0,3070
8.05732610234813,6,11.0,3602
8.057488879059955,6,7.0,1224
8.057830124869719,6,24.0,1960
8.058090876520552,1,2.0,3948
8.058293480944192,8,11.0,2260
8.05921772357803,6,2.0,3868
8.059350486071146,7,53.0,336
8.059859133251202,6,4.0,3657
8.059873630604791,1,2.0,3949
8.059885410213363,6,4.0,2374
8.060134509097782,6,3.0,3799
8.060529457599253,1,5.0,3950
8.061377684732689,6,2.0,3111
8.062231827309615,7,4.0,1701
8.062610640047943,7,56.0,2856
8.063378979453237,1,1.0,3951
8.063572878265337,1,9.0,3952
8.063721935342551,1,8.0,3953
8.063893972079093,6,4.0,3786
8.064177316102572,6,3.0,3319
8.064405035882285,6,5.0,3733
8.06459169969293,6,1.0,2361
8.064780622232327,6,3.0,2205
8.066095523473226,1,2.0,3954
8.066304508310127,1,1.0,3955
8.066964266211071,6,2.0,3652
8.067474979227091,1,13.0,3956
8.067527111446225,1,1.0,3957
8.067864697963604,7,8.0,1211
8.067964649796927,1,3.0,3958
8.068739077767846,6,57.0,3081
8.069818313055752,6,48.0,3272
8.070144819150283,6,2.0,2873
8.070319623034734,6,6.0,1347
8.07069183436981,6,44.0,2333
8.07084803224317,2,4.0,3959
8.070887528935799,7,11.0,2203
8.07090913917254,9,2.0,2412
8.07101371568596,6,1.0,3170
8.071332206476535,1,2.0,3960
8.071505198644381,1,5.0,3961
8.07176790377767,8,11.0,1722
8.072366814115025,6,3.0,2721
8.07250363623054,1,9.0,3962
8.072959698376367,6,2.0,3470
8.073179431918794,1,7.0,3963
8.073204257568005,8,2.0,2095
8.073402278125066,1,33.0,3964
8.073874139936091,1,2.0,3965
8.073901785769774,7,37.0,2166
8.074367915029855,6,33.0,3642
8.074548334360328,1,3.0,3966
8.07479560269336,9,18.0,1197
8.075414653538221,6,9.0,2885
8.076032560731942,6,45.0,3685
8.076345365597675,9,8.0,1491
8.07668375481974,6,3.0,3480
8.077356564997926,6,3.0,2682
8.077586658307803,7,60.0,740
8.077801445677647,7,9.0,995
8.078024408030249,9,5.0,1126
8.078031339771284,1,52.0,3967
8.0781730668692,6,37.0,2114
8.07904534541608,6,5.0,3903
8.079596813653463,8,14.0,3907
8.079813645381114,1,5.0,3968
8.080422744051775,6,3.0,3121
8.080695194584411,6,8.0,3575
8.080859883470422,1,2.0,3969
8.080959830923778,7,53.0,475
8.081032752859208,1,4.0,3970
8.08105117566162,1,12.0,3971
8.081285214368208,6,5.0,3670
8.081327401304318,16,51.0,135
8.082115049814288,7,7.0,519
8.082213232382248,7,7.0,587
8.082594251027233,6,2.0,1011
8.083629694606355,1,55.0,3972
8.083828373299607,9,5.0,1808
8.084076233977054,6,9.0,2706
8.084523690938173,9,8.0,1376
8.08495418710241,6,5.0,3502
8.085173369564808,1,2.0,3973
8.085646136177543,1,2.0,3974
8.086087119740922,1,5.0,3975
8.08628032651505,9,2.0,1385
8.086612838776523,6,45.0,2536
8.086675685188544,1,7.0,3976
8.087129249404214,6,1.0,1102
8.087135848012911,1,9.0,3977
8.087803192393242,7,48.0,610
8.087882759936111,6,11.0,2344
8.088597279068926,8,10.0,3340
8.088746437687488,1,1.0,3978
8.089120746315906,6,5.0,3562
8.08918246073213,6,25.0,3876
8.089314160724868,1,1.0,3979
8.089697407503667,6,12.0,3099
8.08972246359723,1,2.0,3980
8.090080001473796,6,3.0,3235
8.090092938159668,2,9.0,3981
8.090533163854966,6,3.0,1866
8.090545079283203,1,1.0,3982
8.090674094576064,7,49.0,2147
8.090675976212893,6,1.0,3463
8.090870651273741,1,29.0,3983
8.091025216642771,6,27.0,2704
8.091503264826425,6,33.0,3964
8.091567370662021,1,6.0,3984
8.092181305686758,1,6.0,3985
8.092478523504102,1,9.0,3986
8.092598778936104,6,25.0,3491
8.093158087159166,1,4.0,3987
8.09324274423247,6,16.0,899
8.094032960530951,1,8.0,3988
8.094044904095426,6,49.0,1740
8.094385519117457,6,12.0,1382
8.094392415705999,6,17.0,3458
8.094460845939922,1,8.0,3989
8.094576239957831,6,11.0,3544
8.094946858026185,1,2.0,3990
8.095228865857003,1,3.0,3991
8.095247085366744,6,2.0,3770
8.09554142072587,1,4.0,3992
8.095808400652915,6,42.0,2152
8.096245628120286,1,2.0,3993
8.096556606387587,1,36.0,3994
8.096606249344589,6,6.0,2287
8.096790400007709,6,6.0,3848
8.097852269005882,1,4.0,3995
8.097854185368186,1,1.0,3996
8.098544534811516,7,9.0,623
8.098575999673514,6,19.0,2102
8.098591951283987,1,8.0,3997
8.098704830595452,9,6.0,962
8.098717085816357,7,2.0,1560
8.098827944367606,6,6.0,1825
8.099017983971507,8,36.0,1318
8.099064070803632,7,22.0,574
8.099596760532018,8,2.0,1961
8.099649623904245,1,6.0,3998
8.099853718298695,1,6.0,3999
8.100086323377043,1,1.0,4000
8.100458210736086,1,4.0,4001
8.100866603634833,1,5.0,4002
8.101282265671054,8,11.0,1671
8.101706158143337,7,33.0,1276
8.102279847494007,6,2.0,2422
8.102286328952628,7,1.0,1881
8.102290882319009,9,57.0,907
8.10274610169068,7,10.0,304
8.102818178658644,1,5.0,4003
8.102899060174169,1,8.0,4004
8.1030342215434,1,1.0,4005
8.103303829631809,7,1.0,1817
8.103832157300255,7,1.0,1225
8.10383679730808,1,5.0,4006
8.104763404185432,6,3.0,3503
8.104977571191801,7,14.0,1872
8.105864579616107,6,1.0,3679
8.10612146834525,1,1.0,4007
8.106501540002567,1,38.0,4008
8.106534185940035,7,2.0,1586
8.106609094112002,1,11.0,4009
8.106704152886167,8,7.0,2261
8.107155485143604,1,7.0,4010
8.107301807241232,8,13.0,2059
8.107771961562195,9,1.0,795
8.10786654243585,7,20.0,1513
8.108196091254788,6,9.0,3981
8.108402716587497,1,3.0,4011
8.108916104610355,6,7.0,3465
8.10966327269243,6,8.0,3942
8.110013014011326,7,10.0,499
8.110046337216133,7,16.0,1331
8.110545643624254,6,4.0,3789
8.110548046954895,1,2.0,4012
8.110732255827847,7,2.0,2290
8.111743191049968,6,13.0,3015
8.112269414654028,1,31.0,4013
8.11298735806758,1,55.0,4014
8.113450453708998,1,14.0,4015
8.114174447850347,1,3.0,4016
8.114216684024356,6,8.0,3055
8.114295631229034,7,7.0,1023
8.114386829707103,1,1.0,4017
8.114398692741934,6,2.0,3128
8.115100369665859,8,57.0,1904
8.115205813199047,7,59.0,1200
8.11527095023264,7,2.0,2531
8.115931536609299,6,55.0,2423
8.116179022782191,1,1.0,4018
8.11625392231162,1,13.0,4019
8.116472387434511,6,4.0,3477
8.116827246010073,6,13.0,2992
8.116894640915422,1,17.0,4020
8.117811676227928,1,1.0,4021
8.118172741732955,7,2.0,1027
8.11864951108231,1,18.0,4022
8.119212963319658,6,3.0,3896
8.11947965309097,6,3.0,2604
8.119666686601116,8,22.0,1395
8.12011458665851,7,20.0,2081
8.120199483280311,6,3.0,3582
8.12032065125292,6,55.0,3129
8.120519089271335,7,53.0,1950
8.121138513735287,9,37.0,1657
8.12126995109394,7,5.0,2863
8.121568707304107,7,12.0,746
8.12171025365588,7,3.0,2217
8.121758876288427,6,5.0,1762
8.122118198087428,6,10.0,3110
8.12239196401055,6,8.0,4004
8.122561517381806,1,12.0,4023
8.122651678347022,1,8.0,4024
8.12307342012182,6,3.0,4016
8.123257010634877,6,4.0,3379
8.123291452431893,6,26.0,3574
8.12334045428383,7,8.0,885
8.123438594005762,1,4.0,4025
8.123793698581352,8,7.0,1859
8.123895481931418,7,2.0,220
8.124138067254023,8,1.0,3161
8.124262831782437,6,5.0,3704
8.124286994139778,7,1.0,2098
8.125164593973548,6,1.0,3386
8.125356829977251,8,5.0,1616
8.125679723929077,6,7.0,2988
8.12573399752301,1,38.0,4026
8.126220880102627,1,60.0,4027
8.126311025035996,1,33.0,4028
8.127374253841179,1,1.0,4029
8.127385564566891,1,3.0,4030
8.127520519519361,7,2.0,3236
8.127777845173805,6,18.0,3084
8.128827889375765,6,10.0,1490
8.12883927104658,7,9.0,1613
8.129311876460703,8,7.0,2727
8.129587453838942,1,48.0,4031
8.130758342124762,1,5.0,4032
8.131187194230751,6,6.0,3045
8.131602563287984,6,3.0,3380
8.131641957455573,1,1.0,4033
8.132245742955273,6,36.0,2517
8.132255875353755,6,57.0,3280
8.132469215140256,6,3.0,3958
8.132781471592693,2,4.0,4034
8.133718857759039,6,60.0,2527
8.133789343510243,1,2.0,4035
8.134225599433687,7,4.0,1085
8.134320755864392,6,5.0,2614
8.134435400187968,9,4.0,316
8.13486247174817,1,2.0,4036
8.135041614925473,9,42.0,683
8.135510918890382,6,36.0,3782
8.135762162633315,6,2.0,3734
8.136173423029437,1,3.0,4037
8.136193464127373,1,5.0,4038
8.136275520474744,9,9.0,2432
8.136718720833295,1,5.0,4039
8.136945737834868,1,3.0,4040
8.137304557798965,1,5.0,4041
8.137390043629168,1,2.0,4042
8.137515180787704,1,11.0,4043
8.137532141079236,1,1.0,4044
8.137638567788512,8,51.0,2765
8.138169174840748,6,6.0,3851
8.138514097473664,1,6.0,4045
8.13852937923916,6,50.0,1037
8.138885113174556,6,3.0,3051
8.139174652557392,1,9.0,4046
8.140012353211166,1,2.0,4047
8.14025697793457,7,1.0,553
8.140418733242168,6,1.0,2534
8.140479614863471,7,7.0,1229
8.14062686785444,1,7.0,4048
8.14107458794025,7,58.0,645
8.14201663658086,1,5.0,4049
8.142351205663823,6,46.0,2109
8.142644197993825,1,13.0,4050
8.142675968309229,6,54.0,1245
8.143094668770283,6,2.0,2046
8.143189094051987,7,59.0,1728
8.143427040497965,1,32.0,4051
8.143431505859493,1,11.0,4052
8.14343649723738,6,2.0,3960
8.143615903906474,1,3.0,4053
8.144433022495656,1,23.0,4054
8.144633886920202,1,8.0,4055
8.144751817435536,7,6.0,2602
8.144781773033843,7,2.0,2309
8.144818752378379,6,14.0,4015
8.144979094426787,9,37.0,1185
8.145379117366284,7,2.0,1797
8.145630492232044,9,51.0,1870
8.146374967294491,1,3.0,4056
8.146815140536058,6,25.0,1923
8.147000731734598,6,6.0,3891
8.147276428386496,6,58.0,3345
8.147412220411198,6,15.0,3930
8.14769413534045,1,6.0,4057
8.14853594485415,1,3.0,4058
8.148649686363584,7,57.0,1296
8.148749298795748,7,31.0,2167
8.149185122425253,6,47.0,2318
8.150623423978871,6,2.0,3292
8.150763135963398,6,36.0,2718
8.15081657526098,1,3.0,4059
8.150973343252362,6,8.0,3136
8.15137956629017,7,5.0,2803
8.151478874728392,6,5.0,3894
8.15152958831268,1,4.0,4060
8.151823996763552,7,49.0,1716
8.152794240517133,1,7.0,4061
8.152883714999717,6,52.0,3224
8.152919464895737,6,2.0,3980
8.153085522759264,8,18.0,2433
8.15315053053265,7,2.0,1759
8.15317367941397,6,4.0,3274
8.153226779009676,7,49.0,1322
8.153701099007423,6,1.0,387
8.153770592408026,6,3.0,4059
8.15400851190215,7,6.0,2031
8.15482136882129,6,12.0,2884
8.155255812744144,6,4.0,3995
8.155762152258008,1,4.0,4062
8.155792043765585,8,4.0,1640
8.155915209862764,1,2.0,4063
8.156400804697462,6,4.0,3849
8.15684690409618,6,38.0,3738
8.156854615526045,7,5.0,2196
8.15700258629692,6,1.0,3641
8.15731428678667,6,4.0,3530
8.158515706205382,1,4.0,4064
8.158773558388202,6,3.0,2637
8.159734656667153,6,52.0,3967
8.159982075971731,9,41.0,607
8.160157439789952,6,8.0,2388
8.160303082723287,9,2.0,871
8.160569818680361,8,1.0,2138
8.161854555970745,6,23.0,2705
8.162123040433462,6,9.0,3962
8.162131183969091,6,5.0,3147
8.163080901248572,1,3.0,4065
8.163214332499098,1,11.0,4066
8.16435849237389,6,4.0,4001
8.165076158715081,6,2.0,2941
8.16525003589117,6,19.0,2316
8.165420098022594,8,8.0,1661
8.16544694690923,6,1.0,3836
8.165479365470583,6,53.0,3730
8.165640026628218,1,3.0,4067
8.165727333121628,6,13.0,3614
8.165897127554967,1,1.0,4068
8.16592473866009,6,3.0,2657
8.166120383890682,1,9.0,4069
8.16632421494783,1,5.0,4070
8.166752278728037,1,2.0,4071
8.167389727834223,1,1.0,4072
8.167615567608246,7,55.0,994
8.167718091080369,7,29.0,372
8.167893071485421,1,3.0,4073
8.168369080244421,6,8.0,3034
8.168665178638895,1,10.0,4074
8.168773693646578,6,18.0,4022
8.169055676244811,1,34.0,4075
8.169189029807551,1,3.0,4076
8.169664755401008,1,1.0,4077
8.169883041280723,1,4.0,4078
8.170082050064659,7,2.0,1533
8.17032300172503,6,59.0,2270
8.170337090826411,1,23.0,4079
8.170420321309283,6,11.0,3705
8.171886365868618,6,45.0,3090
8.172004446990151,6,2.0,2935
8.173756961957666,6,4.0,3363
8.173912876783001,1,12.0,4080
8.174526651246886,7,2.0,2286
8.174539394126398,6,1.0,3290
8.174716259493344,8,2.0,3206
8.175107273530553,7,50.0,2127
8.175235250280785,6,1.0,3676
8.175527084800333,7,1.0,1575
8.175757775357187,6,9.0,2876
8.17579701341282,6,12.0,3107
8.176740847338777,7,7.0,1258
8.176847518965799,1,2.0,4081
8.177217852577705,6,12.0,1008
8.177335562851143,6,12.0,3451
8.178034211513252,6,1.0,3817
8.17818266437834,6,6.0,2219
8.178234419870986,7,34.0,2224
8.178269765033614,1,1.0,4082
8.178614647158819,1,30.0,4083
8.179904789799943,7,1.0,1394
8.180190270667067,8,2.0,2618
8.180773581882796,6,22.0,3496
8.180781025427569,6,11.0,3701
8.180827947049822,6,6.0,4057
8.182073066049202,1,3.0,4084
8.182094295692128,1,4.0,4085
8.18218067549768,1,1.0,4086
8.182429653511601,1,2.0,4087
8.182502762126244,6,5.0,2570
8.182518249016983,7,5.0,1494
8.18303510483005,1,3.0,4088
8.183297613616562,6,8.0,3988
8.18334935315228,9,60.0,1053
8.183722071477522,6,5.0,2714
8.185447462228407,1,19.0,4089
8.185516424407998,6,14.0,2897
8.186184295957538,1,2.0,4090
8.186288527231435,7,60.0,1549
8.186365522838068,1,6.0,4091
8.186534308703205,9,39.0,2732
8.186710846425187,6,2.0,4063
8.186824017659063,1,3.0,4092
8.187009964727757,7,8.0,1051
8.187939474231108,7,2.0,1572
8.188039026919688,1,3.0,4093
8.188067822965943,2,8.0,4094
8.188167847285957,1,4.0,4095
8.189707112375338,6,9.0,3977
8.19030586476186,1,2.0,4096
8.190483230254618,6,52.0,3793
8.190576075625856,6,3.0,3572
8.190606046049599,7,3.0,1223
8.191281420113524,6,16.0,3334
8.191324297421279,7,14.0,2142
8.19144101590326,1,8.0,4097
8.191480784614088,1,19.0,4098
8.19150805844363,1,1.0,4099
8.19172084984195,7,18.0,1285
8.192239276280786,7,5.0,1275
8.193871881357598,1,6.0,4100
8.193871950355149,6,1.0,3116
8.194041547358275,1,5.0,4101
8.194243664274554,1,2.0,4102
8.194315733408796,6,5.0,3975
8.19436985454173,7,1.0,2029
8.194781744030806,8,5.0,2723
8.195047339745859,8,12.0,3451
8.195336732259973,6,2.0,3787
8.19614755332556,7,26.0,1781
8.196514478759802,1,35.0,4103
8.196582114715891,6,2.0,3871
8.196673533576748,7,31.0,910
8.196744824705185,6,1.0,2183
8.19684801752672,9,13.0,2059
8.196931001760422,6,44.0,3732
8.1969477619714,7,9.0,2599
8.1969477619714,16,9.0,2599
8.197091711666646,1,6.0,4104
8.19760862127164,8,41.0,2759
8.19790518944679,7,1.0,1236
8.198472308285515,9,2.0,1654
8.198948775433596,1,2.0,4105
8.199086455509166,6,5.0,3555
8.19917279646273,6,10.0,3508
8.19986155799983,6,9.0,2860
8.19992812702626,6,6.0,4104
8.20048490842903,6,3.0,2585
8.200879903231332,7,2.0,1163
8.201344079214168,1,3.0,4106
8.20201741806286,7,33.0,514
8.20203110906196,9,30.0,1737
8.20203110906196,16,30.0,1737
8.2023410375302,6,6.0,3648
8.203025803891114,8,18.0,2227
8.203436341552402,8,10.0,3110
8.203701470880919,1,21.0,4107
8.203710127240491,1,11.0,4108
8.203811787210007,1,1.0,4109
8.204066601810801,6,6.0,3820
8.204274130008777,6,2.0,2883
8.204296278190895,1,5.0,4110
8.20455510674386,6,1.0,4017
8.204709563998177,1,35.0,4111
8.204856874832416,9,4.0,1640
8.205090107696746,6,1.0,3838
8.205100714457181,1,1.0,4112
8.205128278748894,6,20.0,3623
8.205131083284407,7,11.0,2800
8.205321382642024,6,3.0,2164
8.205687478428834,1,2.0,4113
8.205975503075633,6,8.0,4055
8.206090100498889,1,1.0,4114
8.206345670180468,1,11.0,4115
8.206503904463997,6,5.0,4032
8.20684049321724,1,3.0,4116
8.206862386538273,1,38.0,4117
8.206878798830429,7,8.0,2431
8.206912383773192,6,3.0,2611
8.207298545624205,1,4.0,4118
8.20753846229886,7,4.0,1847
8.20793122706624,6,5.0,3211
8.207997500230244,6,6.0,3839
8.208152398188968,7,57.0,2612
8.208360994711215,9,7.0,2045
8.20876644666767,1,17.0,4119
8.209026369400776,1,30.0,4120
8.210195233915915,6,2.0,3801
8.211185862938226,1,14.0,4121
8.211193499950035,7,37.0,2163
8.211333590166468,6,10.0,2482
8.211624543944096,7,41.0,1073
8.211826093414349,1,29.0,4122
8.212125188875966,1,8.0,4123
8.212638674174208,9,7.0,1859
8.212893166837453,6,5.0,2291
8.213118751723272,6,9.0,2576
8.213370809943347,7,56.0,832
8.21369567710328,1,37.0,4124
8.213880872583232,6,2.0,3908
8.214082088780366,6,4.0,2849
8.21452983300426,1,1.0,4125
8.214553593629267,1,19.0,4126
8.21515233674214,1,28.0,4127
8.21568167037915,7,3.0,2403
8.216535249836722,6,2.0,4102
8.216929811104555,6,2.0,2922
8.217008515905459,6,4.0,3697
8.218610612174084,6,5.0,3064
8.219069637571971,9,8.0,1227
8.219189254064739,1,16.0,4128
8.219895034698798,7,39.0,417
8.21999843411017,6,20.0,2565
8.220010187567768,1,3.0,4129
8.220549591526414,6,17.0,3688
8.221355607554862,1,43.0,4130
8.221674733496478,7,27.0,1576
8.221926349698217,8,3.0,2975
8.222517922938534,7,54.0,457
8.222620648658928,1,4.0,4131
8.222631433703775,9,28.0,1315
8.22271053258276,8,1.0,2838
8.222722514699408,7,3.0,2223
8.222786948398092,6,55.0,3743
8.222877093416471,7,3.0,1843
8.223379768565994,6,36.0,3252
8.22340014624088,1,31.0,4132
8.223567879949366,1,12.0,4133
8.223682573458987,8,2.0,2459
8.224432735605411,1,6.0,4134
8.225035977792727,6,11.0,1709
8.22517091341857,6,14.0,3453
8.225433530754954,6,59.0,2967
8.225728250881149,7,34.0,1409
8.225979903135485,8,1.0,2709
8.2261135003675,1,6.0,4135
8.226315654965639,7,15.0,866
8.226420508191486,1,5.0,4136
8.2267425356491,6,1.0,3612
8.227274434095117,7,5.0,690
8.227898843475202,6,60.0,935
8.228188591189967,6,1.0,3505
8.229643819542073,9,8.0,2708
8.230256738520783,1,11.0,4137
8.230764641161112,2,12.0,4138
8.2309189825887,1,58.0,4139
8.231410024620285,6,2.0,2542
8.231762696861502,7,21.0,3126
8.23177060428623,6,9.0,4046
8.232805047789856,1,3.0,4140
8.233234743258913,6,2.0,3124
8.233387184091058,1,3.0,4141
8.234407235687616,1,16.0,4142
8.234812214734339,8,1.0,1741
8.23494232545788,1,1.0,4143
8.235315384087276,1,7.0,4144
8.23699483928839,7,4.0,1003
8.237178413876542,1,1.0,4145
8.237494558855468,6,15.0,3538
8.238480913848907,1,1.0,4146
8.238599718654033,6,3.0,2448
8.238700261290933,7,42.0,2562
8.238705212524032,1,1.0,4147
8.238881611476693,1,1.0,4148
8.239357031866048,8,3.0,1030
8.239572027856576,8,55.0,3743
8.240046919909272,1,2.0,4149
8.240082943903055,1,7.0,4150
8.240137578633604,6,58.0,3683
8.240264020382028,7,7.0,929
8.240948633340908,6,3.0,3229
8.240954289485279,7,1.0,344
8.241431765275875,6,3.0,3487
8.242186061219606,7,1.0,345
8.243281636347058,6,36.0,2107
8.243402404492503,6,13.0,3906
8.243924010618464,7,6.0,379
8.244056097585592,7,11.0,3510
8.244062684561975,7,47.0,279
8.244146654865148,6,2.0,3483
8.244700719517413,8,4.0,844
8.245444621012142,6,5.0,4002
8.245548864196564,1,1.0,4151
8.245900292421505,9,46.0,231
8.245934125811639,6,4.0,3746
8.246105062929614,9,9.0,1963
8.24633319030185,9,11.0,1671
8.246341969252033,6,18.0,3579
8.24650227570437,1,1.0,4152
8.246780440102727,1,3.0,4153
8.247039507494069,1,56.0,4154
8.247177602271682,1,6.0,4155
8.248006193336595,1,32.0,4156
8.248134955496413,6,7.0,3388
8.248152598139187,8,9.0,2647
8.248165133324157,1,5.0,4157
8.248494970658555,1,11.0,4158
8.248567136615128,6,12.0,2810
8.248581990192653,8,6.0,2429
8.248810956512152,7,7.0,2668
8.24897172328179,7,34.0,2311
8.249200789161394,1,3.0,4159
8.249454929149412,7,1.0,1029
8.250331465854812,6,3.0,3636
8.250346236840949,6,17.0,2712
8.250784061872167,7,1.0,433
8.250845863079538,1,7.0,4160
8.250930788418303,8,50.0,1262
8.25240752915802,6,3.0,1436
8.252512893089742,7,53.0,723
8.252565155872885,8,46.0,1087
8.252676986711434,6,1.0,2952
8.252939120335895,1,3.0,4161
8.253074819266535,1,5.0,4162
8.253381093465054,1,27.0,4163
8.253554723978503,6,1.0,2192
8.25420890030036,6,7.0,3115
8.25445343221525,7,2.0,2089
8.255167698505014,7,5.0,2298
8.255820712526528,6,8.0,792
8.256259048241017,1,14.0,4164
8.256692734613079,1,1.0,4165
8.256825901449652,1,3.0,4166
8.257084338920707,6,1.0,4000
8.259094480439614,7,31.0,1787
8.259389287108672,7,9.0,2986
8.259580280802382,1,24.0,4167
8.259623604807905,6,11.0,4066
8.260229772516906,7,3.0,2472
8.260833502339032,6,56.0,1280
8.261087623206244,7,50.0,1775
8.261139050976277,1,7.0,4168
8.26120832978267,1,12.0,4169
8.261291643645581,7,6.0,1107
8.261564392078398,7,1.0,1127
8.261833052416812,1,10.0,4170
8.262192631211853,7,35.0,1980
8.262237057139815,1,2.0,4171
8.262476985628389,6,1.0,3283
8.262513243868076,1,11.0,4172
8.262578545732415,8,1.0,2040
8.263349133357993,6,40.0,2745
8.26346780448345,6,6.0,4134
8.263531077863895,1,3.0,4173
8.26425940341152,8,1.0,2701
8.264541889358703,6,3.0,3497
8.265252858746615,1,25.0,4174
8.265609665852539,1,3.0,4175
8.26561260669145,7,56.0,1736
8.265762379897652,9,47.0,807
8.265913314621267,6,38.0,2350
8.266100080552816,1,16.0,4176
8.266893169918534,1,1.0,4177
8.267488424435221,7,32.0,778
8.26776685839706,1,4.0,4178
8.268663010372746,1,4.0,4179
8.268667027652757,6,1.0,4125
8.268966979313294,1,1.0,4180
8.269249951349323,6,2.0,3459
8.269485684213818,6,37.0,3914
8.26950747053232,7,19.0,655
8.26954199067893,1,48.0,4181
8.269643848944344,1,2.0,4182
8.269919731145528,7,10.0,1757
8.270007143750712,1,1.0,4183
8.270082453964216,6,12.0,4138
8.271325658296387,6,7.0,3214
8.271414251077632,1,9.0,4184
8.271462251140658,1,14.0,4185
8.271893358679373,1,2.0,4186
8.2723622274,1,2.0,4187
8.27253290257595,6,6.0,2870
8.272637333886768,2,7.0,4188
8.27266148411555,7,9.0,2351
8.272794564763029,6,2.0,3680
8.272879411676495,6,5.0,3418
8.273025979957612,1,7.0,4189
8.273028992014165,8,31.0,3478
8.273071459954787,1,5.0,4190
8.273198368886792,1,2.0,4191
8.274149278498228,6,47.0,3919
8.274381257557138,6,4.0,4085
8.274676019124598,6,49.0,3521
8.274686400821553,7,12.0,2792
8.274897765598011,6,6.0,2899
8.275348613648651,7,14.0,1088
8.275793660301744,1,6.0,4192
8.275950342669194,6,2.0,3261
8.276541793138152,6,6.0,3710
8.277108787383275,1,6.0,4193
8.27717313478316,1,11.0,4194
8.277271930933033,1,7.0,4195
8.277320573409895,1,20.0,4196
8.27807120501394,6,3.0,2607
8.278424398177137,1,4.0,4197
8.27906918272766,6,3.0,3362
8.279150568278022,1,2.0,4198
8.27933033498773,10,31.0,3004
8.279411399253076,7,34.0,593
8.279422633882662,6,4.0,2703
8.279540994965528,6,8.0,3338
8.279612954182435,1,23.0,4199
8.279838256968953,8,2.0,2242
8.28003622037241,7,4.0,2256
8.280170206530807,1,22.0,4200
8.280222754371412,6,1.0,3256
8.280634468144022,7,8.0,1267
8.280809938463584,1,13.0,4201
8.28087150039279,7,1.0,2567
8.280890049626784,1,9.0,4202
8.281022227474189,7,2.0,1902
8.281083455510169,1,11.0,4203
8.281249223727741,2,8.0,4204
8.28137219208118,6,1.0,3163
8.281378829431842,1,6.0,4205
8.281462121445431,6,38.0,3712
8.28153743991139,6,3.0,4153
8.281908681031567,9,1.0,2701
8.282239476751784,6,8.0,3953
8.282708312871062,1,10.0,4206
8.283058893810898,7,6.0,2384
8.283358607761933,6,14.0,3097
8.283442309144826,1,2.0,4207
8.28409917442636,6,9.0,3559
8.284141557344793,7,13.0,2427
8.284218288079435,6,1.0,3832
8.284397758166344,7,1.0,1915
8.28464881586873,9,5.0,1856
8.284959887851302,6,1.0,3488
8.286149610582523,6,4.0,3681
8.286694024951865,1,3.0,4208
8.28681862650971,1,1.0,4209
8.28685268098379,1,2.0,4210
8.28691852248676,1,3.0,4211
8.287600414848201,6,10.0,2781
8.287638789598915,6,2.0,2926
8.287847868436627,7,3.0,1764
8.288328837661888,6,1.0,3377
8.2903052273497,1,5.0,4212
8.290668806892729,1,1.0,4213
8.290868199881759,9,18.0,1766
8.291140525848816,9,38.0,1684
8.291209467484114,1,6.0,4214
8.29128801031354,1,14.0,4215
8.29144557988627,1,3.0,4216
8.291535167443762,6,5.0,2715
8.291689175542038,6,3.0,3069
8.291773344144058,1,6.0,4217
8.291896172001179,6,2.0,3948
8.291905195717773,7,2.0,1039
8.292074460541292,1,1.0,4218
8.29215518953976,6,46.0,1457
8.292816834421076,1,7.0,4219
8.29282513191583,6,2.0,3920
8.292980873944925,1,2.0,4220
8.294023430684385,8,32.0,2546
8.294181718322875,6,5.0,571
8.294203308035694,1,1.0,4221
8.294445035268984,7,14.0,1326
8.294552348167691,6,10.0,986
8.294663208447432,1,2.0,4222
8.294937281355322,1,33.0,4223
8.295157084204249,1,4.0,4224
8.295602580080176,6,1.0,2784
8.295653801346903,6,43.0,2901
8.29570807572177,6,5.0,3961
8.296063534094777,7,50.0,2736
8.296110667068621,6,51.0,3079
8.296450473872902,1,2.0,4225
8.296784284504799,8,58.0,702
8.297080924622124,8,7.0,3465
8.297215595130044,7,58.0,1219
8.29750071201578,1,7.0,4226
8.297771149999589,1,39.0,4227
8.29780322477211,1,2.0,4228
8.297845678313971,1,2.0,4229
8.297922347459346,6,7.0,1994
8.298103482209973,6,28.0,4127
8.29816531458435,7,1.0,939
8.298547703001754,6,8.0,3523
8.298715008232668,7,2.0,2134
8.299258547380372,1,1.0,4230
8.29985713308379,1,4.0,4231
8.300077450132278,6,3.0,1619
8.300083664042772,7,1.0,2248
8.300148397265323,7,7.0,2168
8.30050415418776,6,3.0,3752
8.300810133321095,1,1.0,4232
8.300823861913923,8,5.0,1628
8.300950548822168,6,45.0,3442
8.301547569360078,7,1.0,2258
8.301872918018523,6,3.0,3729
8.302001339119872,7,1.0,1125
8.304014619880112,1,2.0,4233
8.304388290471758,6,1.0,3343
8.304784676407385,7,4.0,765
8.304784676407385,16,4.0,765
8.305506648362513,7,3.0,1584
8.305927102825011,6,3.0,3293
8.305963066539025,6,6.0,3788
8.306044083714948,6,12.0,3736
8.306338134520688,6,2.0,2817
8.30637626751577,7,2.0,1036
8.306452645821995,9,1.0,2062
8.30695483840087,6,6.0,2969
8.307116444319869,1,1.0,4234
8.30731806454155,1,6.0,4235
8.307467558375729,1,3.0,4236
8.30765629411452,6,1.0,3390
8.307751581991859,1,2.0,4237
8.307785047986561,6,32.0,658
8.308160906711706,1,6.0,4238
8.308221178872254,1,1.0,4239
8.308850011707818,1,6.0,4240
8.310239573063857,8,5.0,1888
8.310791045589376,9,3.0,1052
8.311386266365439,6,3.0,4037
8.311412539002642,16,18.0,94
8.311641432440684,6,9.0,4069
8.311802725379676,7,14.0,838
8.312685270096086,6,4.0,3184
8.312879077414502,1,33.0,4241
8.313162257258945,1,6.0,4242
8.31316926045469,6,2.0,2608
8.31324766403854,6,7.0,2919
8.313559450508205,1,2.0,4243
8.313647811113018,1,13.0,4244
8.314270708587221,8,7.0,2966
8.314753568553632,1,2.0,4245
8.315618791179542,6,5.0,3699
8.315899763175633,6,23.0,2221
8.316012001990423,6,11.0,2195
8.31612765871671,1,6.0,4246
8.31641726786122,7,4.0,1524
8.316611832735585,1,1.0,4247
8.316764308546357,6,21.0,4107
8.316918914359611,6,4.0,3905
8.317258126863988,1,5.0,4248
8.317280983776257,8,48.0,1749
8.318280884122485,1,34.0,4249
8.318287365503448,6,5.0,3968
8.318835045166187,6,6.0,3289
8.318855218357115,8,7.0,1940
8.319545792055562,6,2.0,4237
8.31959705133806,1,3.0,4250
8.31961212577367,16,49.0,327
8.319716366504146,6,54.0,3608
8.319872813133093,1,2.0,4251
8.320543343440084,6,14.0,4215
8.320891926678087,1,5.0,4252
8.321159760252995,7,29.0,2548
8.32147158388456,7,4.0,2278
8.32151602681175,6,2.0,3231
8.321672188752016,6,1.0,4147
8.321746409780573,1,38.0,4253
8.32181997258112,1,7.0,4254
8.321843492387382,2,4.0,4255
8.321951334962469,7,23.0,1240
8.321960883980893,1,1.0,4256
8.322296730319675,9,9.0,2758
8.322552606925868,7,4.0,2902
8.322621433775852,6,1.0,4218
8.322642910409355,6,2.0,3727
8.322700175907372,1,8.0,4257
8.324052909286227,6,3.0,3506
8.324473198033793,6,5.0,2240
8.32473630078583,6,4.0,3591
8.324841588609088,1,13.0,4258
8.324894712947398,7,56.0,1519
8.325406265096552,6,1.0,1183
8.325674883001358,1,2.0,4259
8.325825905040654,8,59.0,3898
8.326306349212718,1,3.0,4260
8.326359801028268,6,49.0,3840
8.32650703956131,8,4.0,1826
8.326826534231493,1,4.0,4261
8.327674797747632,7,10.0,2274
8.32806578827766,8,6.0,2076
8.328130979381267,9,57.0,107
8.328605351094046,1,3.0,4262
8.329024516717215,1,4.0,4263
8.329095622192122,1,9.0,4264
8.329868104319587,6,6.0,2981
8.329982286485409,7,22.0,2572
8.33008179730588,9,4.0,1826
8.330649259855704,1,9.0,4265
8.330857384038096,6,1.0,2954
8.331073440682344,1,6.0,4266
8.331412130525266,6,1.0,3707
8.331537063265579,1,4.0,4267
8.331754162583504,1,4.0,4268
8.332030063070862,6,15.0,3533
8.332454398557973,1,1.0,4269
8.332987570317718,7,53.0,2367
8.333132505890518,6,2.0,4012
8.33339376199125,1,11.0,4270
8.333684199068765,1,9.0,4271
8.333768536550032,1,8.0,4272
8.333797942793254,8,35.0,3899
8.334393674567586,6,2.0,3551
8.334445852411953,1,11.0,4273
8.334817518281755,1,2.0,4274
8.33505636065029,6,37.0,4124
8.335277094623041,1,1.0,4275
8.335600578394256,7,26.0,1110
8.335716400971803,7,10.0,1422
8.335955042064569,9,3.0,1680
8.336753004190552,9,8.0,2812
8.33678538257072,6,6.0,1307
8.336818164593112,7,51.0,1363
8.337113662399053,6,2.0,3990
8.337217068726776,6,3.0,3816
8.33848249009679,6,2.0,2299
8.338620855885964,6,9.0,3986
8.338890304500795,6,26.0,3461
8.339398165211827,6,1.0,3745
8.339416022220245,6,12.0,3971
8.339437062919808,1,4.0,4276
8.339467726446687,6,24.0,3299
8.339476978149944,1,3.0,4277
8.339507806770504,9,2.0,1089
8.339932798687425,1,1.0,4278
8.340359060264682,1,47.0,4279
8.340539607813596,1,32.0,4280
8.341649806706672,6,5.0,3651
8.342164976076502,7,20.0,251
8.342382732559976,1,2.0,4281
8.342409559523896,1,1.0,4282
8.343795239586186,9,1.0,1092
8.343863566283032,7,7.0,1791
8.343871108162743,7,2.0,1377
8.345595070111122,1,2.0,4283
8.345627241278045,1,3.0,4284
8.345708693953148,6,10.0,3765
8.346052882612128,1,44.0,4285
8.346075168480278,7,3.0,1668
8.346360688765369,1,1.0,4286
8.346385408102769,1,3.0,4287
8.346543830360481,7,1.0,2561
8.347401544081096,7,53.0,317
8.348352553762085,6,8.0,3038
8.349322759424744,7,54.0,215
8.349331698448644,1,14.0,4288
8.349390941527107,8,2.0,2873
8.349405277500962,1,1.0,4289
8.349711120000352,9,7.0,776
8.349725988849586,7,13.0,1965
8.350097097119527,1,3.0,4290
8.350159593024447,6,7.0,1443
8.350237654070291,7,6.0,757
8.350307149019331,6,4.0,2170
8.3505931162014,6,1.0,2518
8.350635523221433,9,1.0,2138
8.350855574742747,8,3.0,1413
8.351047289793554,9,1.0,347
8.351786422720224,6,3.0,4175
8.352093769442384,1,1.0,4291
8.35229153721385,8,4.0,3140
8.353035857823876,7,57.0,1771
8.353701067634637,6,9.0,3303
8.353721916004933,7,6.0,2653
8.354202346493702,1,5.0,4292
8.3542656474927,7,39.0,641
8.354432765333398,1,1.0,4293
8.354763786399849,6,3.0,2716
8.355191563264608,6,4.0,3843
8.355368954976148,1,10.0,4294
8.355919791516072,1,11.0,4295
8.356917044305776,1,1.0,4296
8.357208820946642,1,20.0,4297
8.357241762090348,7,4.0,2521
8.35775919866717,6,7.0,4168
8.35809125165681,6,11.0,2890
8.358390013232338,1,25.0,4298
8.358583002089972,6,11.0,4295
8.35864780223529,6,17.0,4119
8.358803825659704,6,59.0,3910
8.358912326007594,1,3.0,4299
8.360028669459737,1,1.0,4300
8.360120506949519,1,3.0,4301
8.360324067081041,1,8.0,4302
8.360565878738635,6,3.0,2753
8.360714649359158,1,13.0,4303
8.361947477252137,8,24.0,3299
8.36198318971804,1,10.0,4304
8.362001654594351,6,47.0,1287
8.362013449793913,7,3.0,2832
8.3622015736002,6,2.0,3969
8.363175243563251,6,3.0,4076
8.363195262601595,16,15.0,863
8.363735514621705,9,7.0,1358
8.363869802634541,7,57.0,1209
8.36395225602915,7,8.0,2382
8.364165274847593,6,13.0,3844
8.364232436383798,7,25.0,1726
8.364240669614043,9,2.0,1725
8.364338453928637,6,56.0,4154
8.364513250865182,6,3.0,3826
8.364731842286435,7,44.0,2305
8.364932668173799,6,10.0,3355
8.365402178123894,6,20.0,3158
8.365414035679214,1,12.0,4305
8.365633698632113,7,45.0,1173
8.36581095785799,8,12.0,977
8.366216880232479,8,2.0,3102
8.366569804936672,1,5.0,4306
8.366745923564899,7,1.0,1349
8.367646288293841,6,8.0,4123
8.367770776775995,1,3.0,4307
8.368368236002,1,3.0,4308
8.368528582628745,1,9.0,4309
8.368567291778438,6,15.0,2376
8.368940079707544,6,13.0,3242
8.369307209670978,6,7.0,2569
8.3694462498271,6,33.0,3569
8.370519453845315,8,5.0,1373
8.37090872809413,6,9.0,3182
8.370974326584806,8,8.0,2973
8.37099104967642,6,5.0,3519
8.371265893733046,9,41.0,1001
8.37133227404189,6,1.0,3061
8.371622914406608,1,8.0,4310
8.371742818027041,9,50.0,1913
8.37189616554151,7,5.0,3146
8.372094562978301,6,35.0,3356
8.372952355513453,8,6.0,3289
8.373133064083943,6,1.0,3664
8.373207601042406,8,3.0,3362
8.374115416762447,1,2.0,4311
8.374476865787685,6,10.0,3757
8.375304475582292,6,20.0,2672
8.375625393789921,9,4.0,1683
8.375664022490191,1,1.0,4312
8.375762780558784,1,3.0,4313
8.376327635477251,1,6.0,4314
8.377531009117947,8,3.0,2052
8.37753729991515,7,35.0,1334
8.378426703958796,6,9.0,3925
8.379302601088224,2,29.0,4315
8.37973460013193,1,3.0,4316
8.379958868084888,6,6.0,2971
8.380931312489668,6,35.0,3656
8.38149598465235,1,10.0,4317
8.381703329633604,1,3.0,4318
8.381709639972057,1,6.0,4319
8.38244077278609,8,4.0,3880
8.382595866007552,6,4.0,3831
8.383028919517912,1,5.0,4320
8.38303258857261,7,5.0,1144
8.383478442145814,6,1.0,3125
8.384030225726088,6,3.0,3587
8.38415552733847,2,8.0,4321
8.384200229012903,1,5.0,4322
8.384621101896203,1,30.0,4323
8.384955499272566,6,2.0,3067
8.385402803800407,6,4.0,3862
8.386275125748044,1,1.0,4324
8.386356964069533,6,60.0,3436
8.387972520341528,6,8.0,3997
8.38803981927709,7,29.0,2115
8.388173785663055,1,2.0,4325
8.38839058754335,9,6.0,2155
8.388621311790684,6,5.0,3484
8.388686381039458,8,58.0,2949
8.388749307456553,3,49.0,4326
8.388963823086385,9,22.0,754
8.389227131757197,7,3.0,1991
8.389381247407531,1,14.0,4327
8.389990802464595,6,34.0,2537
8.389999503041137,1,17.0,4328
8.390044949494122,8,15.0,1438
8.390049046704705,6,9.0,3540
8.390056004671376,6,5.0,3728
8.390621775546112,7,2.0,2955
8.390669472188899,6,1.0,3326
8.391618371798153,1,6.0,4329
8.391945788468897,1,2.0,4330
8.392049213569596,9,9.0,2647
8.39230677733142,1,1.0,4331
8.3925036065618,2,2.0,4332
8.392689942428975,6,17.0,1522
8.393054950907596,1,1.0,4333
8.393552192930374,1,5.0,4334
8.393614696706853,8,40.0,3467
8.39521590513618,6,1.0,3068
8.395461421868873,1,4.0,4335
8.395548666255007,6,8.0,4204
8.395746138382266,6,3.0,3550
8.395859456542729,6,3.0,4308
8.396211824893328,1,6.0,4336
8.396313215370906,1,5.0,4337
8.396324361912704,7,1.0,2425
8.397155274288213,6,2.0,3412
8.39751769531519,7,15.0,1151
8.397951053730408,1,6.0,4338
8.398035916284517,6,2.0,3332
8.399085923092736,6,3.0,3416
8.39965548661214,1,46.0,4339
8.399695177276847,9,8.0,1756
8.399695177276847,16,8.0,1756
8.399745165985207,1,2.0,4340
8.39993898001387,6,1.0,3629
8.400411647929023,7,3.0,1388
8.400673554558837,1,10.0,4341
8.400712977117866,6,4.0,3609
8.401839333655367,6,6.0,4214
8.401937121526185,8,6.0,2529
8.402113150724912,6,1.0,1651
8.402237793466039,7,5.0,2131
8.40246737476038,1,1.0,4342
8.40248907113371,7,3.0,2313
8.402771095676643,6,4.0,2080
8.402805308378225,7,1.0,1670
8.403007460867228,1,2.0,4343
8.403572892284968,6,38.0,4026
8.404185178741919,1,2.0,4344
8.404714556681983,7,3.0,2466
8.40487216807314,6,13.0,4019
8.405122084460062,6,8.0,2447
8.405435866181971,7,1.0,1078
8.40600506108084,7,6.0,1885
8.40699225755839,1,24.0,4345
8.408473825699245,6,3.0,4073
8.409023970189434,6,2.0,3323
8.409048746267908,1,15.0,4346
8.409668964979693,1,4.0,4347
8.409864463826272,7,7.0,987
8.410083699163284,7,9.0,2478
8.410579045554778,8,2.0,3427
8.41087763271623,8,4.0,2080
8.411439900885757,1,3.0,4348
8.411505438727248,7,14.0,2664
8.412528601136012,1,12.0,4349
8.41258348239179,2,29.0,4350
8.412586611915053,6,23.0,1875
8.412677949094906,1,3.0,4351
8.412914230231515,8,11.0,818
8.41300605725634,7,51.0,1738
8.413586288609972,6,11.0,4137
8.413663570503946,6,2.0,3262
8.413783635265075,1,4.0,4352
8.41444247826001,9,13.0,1452
8.414470164681962,1,7.0,4353
8.414516716751482,1,36.0,4354
8.41515745775158,6,2.0,3584
8.41562642196091,1,3.0,4355
8.416280896708674,1,52.0,4356
8.416393971814873,1,47.0,4357
8.41658603014207,6,5.0,3796
8.416717303196997,7,5.0,1196
8.416853553254244,1,2.0,4358
8.417197109167745,7,1.0,2526
8.41769790869361,8,12.0,2503
8.41815696617928,7,2.0,306
8.418640106344164,7,49.0,1740
8.418736566200613,6,7.0,4144
8.418809603567638,8,3.0,3487
8.419351115648425,6,6.0,3702
8.41942306116829,1,2.0,4359
8.419432170180906,7,1.0,1648
8.419637251868888,7,4.0,1062
8.42113466445041,8,10.0,76
8.421379725946123,1,1.0,4360
8.421412506463373,6,13.0,3464
8.422192471127591,6,39.0,1803
8.422540126909151,1,2.0,4361
8.422682921918499,7,3.0,601
8.42284640684602,6,1.0,3750
8.423253415145297,6,3.0,4159
8.423267523944169,1,3.0,4362
8.423652489804645,1,2.0,4363
8.423940023845931,1,3.0,4364
8.423976071471778,6,1.0,3610
8.424572936205028,7,17.0,3082
8.42475089359452,1,2.0,4365
8.424893693760165,6,4.0,2598
8.425185015555842,1,1.0,4366
8.425216099318636,1,6.0,4367
8.425479534472437,1,2.0,4368
8.425494703586278,6,2.0,4243
8.425498269878643,1,1.0,4369
8.426020235122397,1,6.0,4370
8.426484146226978,6,8.0,2271
8.42693453637388,6,1.0,2454
8.427118320515575,1,2.0,4371
8.427259091310654,8,6.0,3891
8.42756638474895,16,33.0,156
8.427667949609281,7,7.0,2363
8.427820797963747,1,4.0,4372
8.428067375491791,1,1.0,4373
8.428670387320004,6,1.0,4148
8.428771974576206,7,2.0,3092
8.428815240666529,1,3.0,4374
8.429071040897806,6,4.0,3407
8.429499659731741,7,43.0,2504
8.429549050948598,8,12.0,2697
8.429611497563114,1,2.0,4375
8.430425905215477,7,46.0,2395
8.430874138524093,6,26.0,2725
8.430972314220089,7,2.0,2005
8.431177107809612,1,4.0,4376
8.43146443200827,7,7.0,90
8.431522259040658,1,7.0,4377
8.432162589641045,1,7.0,4378
8.432702658128921,9,50.0,1655
8.432721642222498,6,57.0,773
8.433055517540483,1,3.0,4379
8.433411263642995,1,2.0,4380
8.433518820774344,6,2.0,3474
8.433531148299851,1,2.0,4381
8.433701314232032,1,2.0,4382
8.433759612691409,1,8.0,4383
8.434206947589596,1,1.0,4384
8.434440739541566,1,3.0,4385
8.436097200655006,1,2.0,4386
8.436305635685017,7,54.0,1495
8.436584556488961,8,5.0,2594
8.436763099677579,6,7.0,4189
8.437199384034706,8,6.0,2798
8.437730488877126,6,12.0,4080
8.438145494528804,7,50.0,902
8.438528642936047,6,7.0,4061
8.43875183859703,6,9.0,3717
8.439015699284695,7,4.0,1233
8.439076356906494,6,3.0,4348
8.439543885853194,6,2.0,1773
8.43957387820385,1,2.0,4387
8.439728957619025,6,3.0,4385
8.44076353726968,8,4.0,3184
8.44085855894774,1,16.0,4388
8.441026113289954,1,4.0,4389
8.441029385641059,7,6.0,1434
8.441169648152394,1,1.0,4390
8.441546206451415,1,5.0,4391
8.442038621168289,6,8.0,1804
8.442179090859574,6,17.0,3678
8.443551246264247,1,11.0,4392
8.44385297413333,7,5.0,3189
8.444511394657916,6,5.0,4101
8.444600407291494,6,5.0,3666
8.445298385207291,7,41.0,508
8.4454177078747,1,3.0,4393
8.44596371119615,7,38.0,1935
8.44596371119615,16,38.0,1935
8.446192661575928,6,1.0,4082
8.44630606371142,1,4.0,4394
8.446506962658145,1,3.0,4395
8.44677465720955,7,60.0,1272
8.446997915887698,6,47.0,2067
8.447219541254936,6,2.0,3795
8.448300737825516,7,1.0,1972
8.448345965924794,7,4.0,2157
8.448411052929792,1,2.0,4396
8.448469475278324,7,15.0,874
8.449707683222169,6,56.0,3286
8.449791736586318,8,14.0,2560
8.44983277701394,1,7.0,4397
8.449998572396817,1,9.0,4398
8.45006500915555,6,17.0,4020
8.450693048540604,6,3.0,3104
8.450915893525433,6,49.0,3322
8.450991861959952,6,2.0,3965
8.451183096468569,6,55.0,2408
8.451299997334473,2,13.0,4399
8.451621749952148,7,9.0,2090
8.452020854433368,1,9.0,4400
8.453003312432685,1,2.0,4401
8.454067545737107,6,24.0,4345
8.455332837159407,1,1.0,4402
8.45559910776133,8,1.0,2939
8.456495747377847,6,5.0,4006
8.456507926301299,1,3.0,4403
8.456707461674226,1,3.0,4404
8.4567553151693,6,4.0,3417
8.456788594152696,6,2.0,4281
8.456820066403404,6,3.0,3298
8.457121480860618,6,5.0,3605
8.457363648225225,1,1.0,4405
8.457521509726089,6,4.0,3592
8.45758043875507,7,2.0,3567
8.457988246541822,7,47.0,3249
8.458325259965301,7,45.0,1115
8.458374560082571,6,1.0,3065
8.458718609614987,1,6.0,4406
8.459004718074937,7,38.0,1188
8.459622918463367,8,54.0,959
8.459720256720992,1,10.0,4407
8.459753998778542,7,6.0,2490
8.460162367763699,1,5.0,4408
8.46041849309517,1,1.0,4409
8.460676714950301,7,6.0,3037
8.461587456395778,6,33.0,1620
8.461686268262069,1,1.0,4410
8.461764033774127,6,4.0,4179
8.462031311634002,6,59.0,2963
8.462100800462922,1,11.0,4411
8.462796579581632,1,17.0,4412
8.463205587147705,1,3.0,4413
8.463365767889671,1,2.0,4414
8.463666809902762,6,23.0,3142
8.464707213544227,7,4.0,2553
8.464866994916209,1,14.0,4415
8.465056258161468,6,4.0,3445
8.466264312776298,1,55.0,4416
8.466458303593935,9,6.0,2103
8.466626175991047,6,1.0,3951
8.466993475202537,6,3.0,3492
8.467482162313264,1,45.0,4417
8.467515248121401,6,14.0,2805
8.467779188519938,7,5.0,2456
8.468367014269644,8,9.0,1861
8.468834705907726,2,17.0,4418
8.469363155704544,1,2.0,4419
8.470181830119616,6,14.0,4121
8.470240134053101,1,20.0,4420
8.470280645355375,6,4.0,4034
8.470335087197467,6,2.0,4381
8.470708100433047,6,1.0,4269
8.470814068251691,7,2.0,3600
8.470928200202449,7,12.0,2896
8.471288571367095,6,2.0,4365
8.471457947332812,9,2.0,1266
8.471651033932913,1,3.0,4421
8.473064089833919,8,9.0,2587
8.473989862154681,7,57.0,2428
8.474443016968797,6,5.0,4070
8.474537545987703,8,1.0,2508
8.474892965032069,9,50.0,1262
8.47541916715074,1,3.0,4422
8.47545034344544,1,54.0,4423
8.475660216083043,6,2.0,3954
8.476066611375142,7,30.0,75
8.476278886551833,6,5.0,3886
8.478196675596257,1,2.0,4424
8.478606124671268,6,54.0,3805
8.478963944032827,8,8.0,1820
8.480412813700621,6,7.0,3344
8.48050719278416,6,2.0,2213
8.480851936793876,6,1.0,3118
8.481158533495181,7,6.0,989
8.48145619270112,6,7.0,2122
8.481845989001654,1,19.0,4425
8.483251831825612,6,7.0,4226
8.48330033059215,6,1.0,3904
8.484243020897978,8,43.0,365
8.484468223668655,1,3.0,4426
8.48609348684487,8,50.0,2663
8.486749775815683,1,2.0,4427
8.487285703317358,1,13.0,4428
8.48806065375531,1,3.0,4429
8.48806726080718,6,2.0,4220
8.488432738125473,7,1.0,1342
8.488563934349695,6,40.0,2711
8.48889901295459,1,3.0,4430
8.489080583706826,6,55.0,4014
8.489194921447117,1,1.0,4431
8.489362207525048,7,28.0,2348
8.489391140385251,1,1.0,4432
8.489460658333732,1,1.0,4433
8.489752716349965,1,4.0,4434
8.490045694430286,9,45.0,1047
8.490319636992064,6,4.0,3959
8.49073208265459,6,3.0,4065
8.491157315220386,7,5.0,2149
8.491925166738405,1,1.0,4435
8.492129920187331,6,1.0,3737
8.492180626248945,7,4.0,1399
8.492479642240975,7,1.0,1080
8.493141127184618,6,7.0,3153
8.493890009960143,6,3.0,3760
8.494270350969096,6,2.0,2851
8.49464158476302,6,56.0,2326
8.494659584353057,1,19.0,4436
8.496199398205077,1,1.0,4437
8.496694098586742,7,18.0,1839
8.49677832070919,7,56.0,1829
8.496927202819128,6,3.0,3918
8.497193225626889,8,2.0,3323
8.497231751610634,8,1.0,2638
8.497320300743503,1,1.0,4438
8.497649485486685,1,1.0,4439
8.498312130702715,9,43.0,365
8.49862891012134,7,11.0,3165
8.499005525429093,6,3.0,4362
8.499320843386116,1,5.0,4440
8.499512244229026,1,3.0,4441
8.49968476298327,9,18.0,2227
8.499754902851443,9,2.0,1459
8.499762063149667,1,2.0,4442
8.499998270868893,6,43.0,4130
8.500302222923708,7,2.0,1924
8.500366557213317,1,5.0,4443
8.501117332988803,1,1.0,4444
8.501206308744608,8,3.0,3936
8.501384593995866,6,52.0,2845
8.50143137001634,6,2.0,4311
8.502401673282757,1,5.0,4445
8.502533104244005,1,2.0,4446
8.502541654600247,1,10.0,4447
8.502804165891257,1,6.0,4448
8.502969487664837,1,13.0,4449
8.503064836901608,7,47.0,1830
8.503498588603104,8,5.0,4002
8.503519077055131,6,1.0,4431
8.504110095396756,1,2.0,4450
8.504309299857708,1,1.0,4451
8.504579301119412,1,30.0,4452
8.505113459719041,1,1.0,4453
8.505469005704878,6,47.0,1997
8.505707509942132,1,6.0,4454
8.505810251689036,1,4.0,4455
8.50612369222266,1,11.0,4456
8.506266753312374,1,2.0,4457
8.506337650150638,7,30.0,1379
8.506393157841643,6,4.0,2662
8.506457474666117,6,5.0,3077
8.506653572557347,6,7.0,3389
8.50694410699832,6,48.0,2303
8.507577325346814,6,4.0,3834
8.507873564017142,1,2.0,4458
8.508464722385794,8,3.0,1138
8.50878820205632,7,9.0,2116
8.508949659117992,1,9.0,4459
8.510237974622974,1,3.0,4460
8.510269011928692,9,5.0,912
8.510592082495233,1,4.0,4461
8.511318000400925,7,42.0,1204
8.511558620877272,6,48.0,3230
8.511618239849016,6,1.0,3661
8.511650377593769,8,6.0,1146
8.513175398968325,7,4.0,934
8.513216233607862,8,2.0,1263
8.513282333104026,1,2.0,4462
8.513764693565374,7,46.0,525
8.513992001782716,7,3.0,1541
8.514837333156168,6,1.0,2445
8.514907986786483,1,1.0,4463
8.514989769944123,7,6.0,1761
8.515061807386992,9,16.0,1642
8.515372068446222,7,2.0,548
8.515598037013643,6,27.0,2417
8.515621764185745,6,14.0,3482
8.515790802124942,6,6.0,3768
8.516024353450216,1,41.0,4464
8.516414557636859,6,1.0,4068
8.51642311871389,1,1.0,4465
8.516791403074876,1,1.0,4466
8.51780038749847,1,1.0,4467
8.51811153047516,9,3.0,2151
8.518193006212806,1,9.0,4468
8.51820854515242,1,5.0,4469
8.518653275812092,1,3.0,4470
8.518761169517287,9,43.0,1700
8.519316059233788,6,6.0,1592
8.519467660950369,6,1.0,4044
8.520083267161434,6,6.0,4217
8.520138585314575,6,12.0,4169
8.520468894426486,7,4.0,2174
8.520832446602089,7,1.0,2525
8.5208719224416,7,27.0,2769
8.521400918282092,9,5.0,2044
8.521454746485373,1,29.0,4471
8.521578452586306,1,2.0,4472
8.522061902437887,1,2.0,4473
8.522283335658086,1,19.0,4474
8.523182076251695,7,1.0,1248
8.523647648962632,1,3.0,4475
8.52389157172294,1,3.0,4476
8.524418048550187,6,1.0,4146
8.524462723217452,6,3.0,2879
8.524609505401617,9,30.0,1049
8.52480671977782,6,14.0,4288
8.526381811734064,1,21.0,4477
8.526408700492373,6,3.0,4393
8.526613291209596,7,42.0,2279
8.526829113912253,1,31.0,4478
8.527090766816562,6,7.0,4048
8.52726876380343,1,5.0,4479
8.52749350848391,7,3.0,1157
8.527753646768396,6,12.0,3913
8.528178793851785,1,2.0,4480
8.528385530152956,7,1.0,3000
8.52850505123969,1,1.0,4481
8.528555138872962,3,18.0,4482
8.528730960138663,1,4.0,4483
8.528760900697993,7,4.0,1031
8.529971116117567,7,3.0,3021
8.530010624921625,1,5.0,4484
8.53043269643961,6,1.0,2495
8.530512835997243,7,12.0,2802
8.53064303304438,6,25.0,2580
8.530659041011317,1,4.0,4485
8.531320142590571,8,8.0,3034
8.531536244870322,6,1.0,3866
8.531934904682148,7,7.0,2233
8.532738282118874,7,56.0,761
8.53277965829954,8,9.0,2706
8.532909611441475,1,2.0,4486
8.53319904553003,7,50.0,1168
8.533521683402503,6,2.0,4229
8.533793915027168,6,1.0,4384
8.533897107596069,2,4.0,4487
8.535123393262463,6,3.0,4092
8.535388045198706,8,7.0,3204
8.535546343552811,9,25.0,749
8.535575620507553,1,15.0,4488
8.535759415387009,6,1.0,4409
8.535851983510222,7,3.0,1929
8.535877733932564,1,6.0,4489
8.536084242800346,6,4.0,3934
8.53660898838285,1,14.0,4490
8.53688041520344,7,8.0,2180
8.5370231032464,7,55.0,554
8.538195007226872,6,2.0,4222
8.538953214129984,6,15.0,4488
8.539793931561283,1,1.0,4491
8.540282237096744,7,53.0,1553
8.540746058206716,7,59.0,737
8.540894060940737,6,6.0,3265
8.540916224392575,1,24.0,4492
8.540968270155826,6,10.0,4074
8.541031834763892,1,3.0,4493
8.541268197611007,7,6.0,2426
8.541842533822033,1,6.0,4494
8.542049119792061,6,43.0,3751
8.542262489135284,1,3.0,4495
8.542470946487756,8,31.0,1984
8.542592303215425,1,18.0,4496
8.54261559443757,6,55.0,4416
8.542737177182536,8,45.0,2516
8.543092158109078,7,13.0,1901
8.543540318287821,6,5.0,3794
8.543650947888551,1,4.0,4497
8.543669193795123,1,5.0,4498
8.544251633386956,1,6.0,4499
8.544629851393745,1,5.0,4500
8.544765451863373,7,3.0,1231
8.544933477399914,6,12.0,4349
8.545201300710008,6,4.0,4461
8.545856914037527,1,5.0,4501
8.546892897339413,6,1.0,2891
8.547273541505188,1,40.0,4502
8.547384520329192,8,27.0,1304
8.547660733753132,1,6.0,4503
8.547748036849411,1,2.0,4504
8.54787243007252,1,2.0,4505
8.547930997271974,8,46.0,2600
8.548435861273774,6,2.0,4042
8.54850399916952,1,5.0,4506
8.548545043198457,7,6.0,2295
8.548616128747712,6,8.0,3917
8.54932903898471,8,44.0,1853
8.549398760969353,8,1.0,3769
8.549690196421908,9,2.0,801
8.549756238894906,1,22.0,4507
8.550029429309996,7,2.0,1893
8.550085112813923,7,34.0,2317
8.550357940095703,1,2.0,4508
8.550438958492162,1,1.0,4509
8.550744484579264,1,2.0,4510
8.550856496519184,7,4.0,1734
8.550968304807553,1,5.0,4511
8.550999664652808,7,4.0,1450
8.551130951768068,1,3.0,4512
8.551772583932237,6,6.0,3665
8.552218814007492,6,1.0,2990
8.55251785947716,9,55.0,999
8.552521622206335,1,5.0,4513
8.552531879442915,1,46.0,4514
8.552728851962549,1,2.0,4515
8.55298930880396,1,1.0,4516
8.554242104862396,6,7.0,3857
8.554635491244454,6,1.0,3718
8.554763950256836,1,14.0,4517
8.555209417780274,6,7.0,4378
8.555266191085371,6,2.0,3105
8.555326705593059,1,10.0,4518
8.55595393859581,1,8.0,4519
8.556011950673168,7,1.0,3141
8.556707219382863,1,3.0,4520
8.556711649333215,1,1.0,4521
8.557398873648866,1,1.0,4522
8.557995425336381,1,11.0,4523
8.558005616917372,7,35.0,1877
8.558545345717562,6,16.0,3095
8.558559987492066,6,2.0,3631
8.559644711705225,8,7.0,2251
8.559655880866432,7,7.0,1090
8.559785115852872,7,1.0,608
8.559856479802646,6,2.0,4458
8.559890079578105,1,1.0,4524
8.560123486413637,6,6.0,3535
8.560773253371877,6,11.0,4194
8.560810555456705,6,6.0,4193
8.561167945162714,1,13.0,4525
8.561208714349915,6,1.0,4165
8.561547552843658,1,23.0,4526
8.561745408380109,7,3.0,1120
8.561850177580371,8,35.0,3356
8.56229352381257,7,51.0,1020
8.56392125263804,9,26.0,531
8.564249719524472,6,3.0,3653
8.564333034631572,1,7.0,4527
8.564661338290207,1,4.0,4528
8.565158927078715,6,5.0,1076
8.565636833248364,7,5.0,3562
8.56592608980415,9,11.0,57
8.566152510014376,6,19.0,2550
8.566398138949092,1,3.0,4529
8.566574264752974,6,3.0,3630
8.566701455177814,7,5.0,1594
8.566781420875465,1,2.0,4530
8.567319339488952,6,5.0,4248
8.568169646503126,6,51.0,2156
8.568188416049,6,2.0,4419
8.568284480550144,1,1.0,4531
8.569016852065275,8,54.0,629
8.569507324083544,6,4.0,3373
8.570178396415193,1,5.0,4532
8.570783605897233,2,40.0,4533
8.570812344067944,1,2.0,4534
8.570908276714876,6,17.0,3590
8.571071730850884,1,43.0,4535
8.57119786922428,7,4.0,1574
8.571197984386878,6,6.0,3764
8.571198977250166,6,8.0,4302
8.571471007578122,6,11.0,3944
8.57192170735631,1,39.0,4536
8.572282660648808,1,11.0,4537
8.57251670437133,8,1.0,3276
8.572833447447271,1,2.0,4538
8.574230651523527,7,4.0,1564
8.574765036325205,6,1.0,4152
8.575206333999647,6,5.0,2386
8.575379782835428,6,3.0,4284
8.575851408084798,1,32.0,4539
8.57605027708217,6,11.0,4115
8.57610499211629,1,12.0,4540
8.57614230374425,9,60.0,439
8.576557643672356,6,2.0,1677
8.576627059347159,1,2.0,4541
8.576858073157524,6,2.0,4087
8.57730591350769,7,3.0,1038
8.57825549998192,1,22.0,4542
8.578827333053207,1,2.0,4543
8.579155513616936,7,40.0,277
8.58013119561755,8,6.0,2186
8.580539518581368,6,2.0,2628
8.581566512287571,1,3.0,4544
8.581916760039189,9,54.0,629
8.582132621973596,6,3.0,4290
8.582134341351367,7,9.0,3649
8.582681421495908,6,5.0,4157
8.58278528076208,1,34.0,4545
8.58332987051992,6,2.0,3288
8.584017446012266,8,2.0,3459
8.584075198121608,1,6.0,4546
8.58431012173762,1,8.0,4547
8.584478163317085,7,2.0,2913
8.584686263489454,6,17.0,4412
8.585161068640602,1,11.0,4548
8.58518241739054,6,4.0,3970
8.585502421728052,8,9.0,2997
8.58560267291593,6,3.0,4208
8.585749202247014,8,9.0,1561
8.586290402367057,1,3.0,4549
8.586803949465846,6,2.0,2143
8.587172429864172,7,1.0,2372
8.587389060379934,7,58.0,1811
8.588237084060701,1,27.0,4550
8.588568008957118,6,8.0,2677
8.58883834608976,8,3.0,1730
8.589051221740549,7,9.0,1329
8.589151403720583,1,6.0,4551
8.589327395187919,7,8.0,2811
8.589519829615949,7,1.0,2385
8.589572563009334,6,2.0,3330
8.589643509815318,6,6.0,4266
8.589832737991415,6,27.0,1708
8.590175362310752,2,10.0,4552
8.590191684955231,7,1.0,2556
8.590333461185821,6,2.0,3222
8.590903316061972,9,14.0,2560
8.5918393426969,6,3.0,4421
8.592277122293732,1,4.0,4553
8.592583818932232,6,4.0,3074
8.593089617532092,1,3.0,4554
8.593589172909113,1,6.0,4555
8.59414545509263,9,3.0,2722
8.594234857567953,9,58.0,2949
8.594683822586974,1,20.0,4556
8.594786393079884,6,41.0,2835
8.594869936079702,1,6.0,4557
8.594987250483587,1,9.0,4558
8.595054673973495,7,7.0,3181
8.595107545244874,6,6.0,4551
8.595321746431141,8,1.0,3065
8.595739437707724,1,5.0,4559
8.596172629350201,3,51.0,4560
8.596278624317076,6,2.0,4187
8.596700348070799,1,1.0,4561
8.597031907901266,1,5.0,4562
8.597055295380736,1,15.0,4563
8.597185613360477,1,1.0,4564
8.597376672006003,6,44.0,3254
8.597948022132515,1,8.0,4565
8.598216435919225,6,3.0,4470
8.598519228950378,7,7.0,1050
8.600025565566696,6,8.0,3209
8.600143977331761,6,2.0,4207
8.600267630942424,7,56.0,1581
8.600267630942424,16,56.0,1581
8.600614596472491,1,3.0,4566
8.601108218307466,6,15.0,3156
8.601176914199135,1,2.0,4567
8.601337026100849,7,51.0,1676
8.601421517746306,7,24.0,403
8.602586678758952,1,1.0,4568
8.602606176164649,2,16.0,4569
8.602773091073887,1,3.0,4570
8.602916559841534,6,5.0,4484
8.602962869784385,6,4.0,3456
8.603130742484216,7,8.0,1731
8.603140546929032,1,15.0,4571
8.603335126719886,1,2.0,4572
8.603720076464386,1,42.0,4573
8.603961298878433,7,29.0,2012
8.604122969164049,1,13.0,4574
8.604793192121688,9,36.0,2064
8.604931919095709,6,3.0,3588
8.605581495038518,1,5.0,4575
8.605697289141697,7,7.0,1570
8.606336108018796,6,40.0,4533
8.607438560178153,8,55.0,3129
8.607962949262937,6,4.0,4025
8.608017494837078,1,1.0,4576
8.608067478455062,1,5.0,4577
8.608119069707886,1,4.0,4578
8.608185409458962,9,5.0,2934
8.608350980359655,1,35.0,4579
8.60865054736833,8,28.0,2644
8.60873149344851,6,52.0,3429
8.608775446486991,1,1.0,4580
8.608985327716313,6,4.0,3006
8.609070568632953,1,2.0,4581
8.609124062593416,1,46.0,4582
8.609137678145563,6,2.0,4171
8.610353054443614,6,17.0,4418
8.610932975859512,8,2.0,3412
8.61100938917227,7,38.0,2216
8.61100938917227,16,38.0,2216
8.611036022420103,6,6.0,3190
8.611082916249751,1,15.0,4583
8.611254138503282,6,32.0,4280
8.61149544539699,7,7.0,2633
8.612315059061352,7,3.0,2898
8.612419532788198,6,6.0,4448
8.612850645638574,8,58.0,3683
8.613264987005394,1,2.0,4584
8.613392003706664,1,1.0,4585
8.613618317720752,6,1.0,4145
8.614088069417722,7,6.0,2909
8.614479182094732,1,1.0,4586
8.614572121647043,6,4.0,4487
8.61460580751746,6,34.0,4545
8.615061615567289,1,2.0,4587
8.615469438117414,1,1.0,4588
8.61549511979849,6,3.0,2208
8.615535974678739,6,34.0,4249
8.615821296015456,1,5.0,4589
8.615886447946073,7,5.0,2212
8.61627707044081,9,1.0,2709
8.616684116436867,1,1.0,4590
8.61682207732735,1,4.0,4591
8.61726666857574,1,1.0,4592
8.618862707022098,7,46.0,3310
8.619826488523545,6,2.0,4380
8.620269336266714,7,1.0,1531
8.620403629740078,7,53.0,1508
8.620537999145032,1,5.0,4593
8.620793615985288,1,6.0,4594
8.622397319937225,1,2.0,4595
8.622833511185917,1,8.0,4596
8.6229150992104,1,3.0,4597
8.62314060822943,6,7.0,2413
8.623266968031333,1,3.0,4598
8.623312473560379,10,49.0,4326
8.623820045855691,7,46.0,2273
8.624158546937139,6,7.0,3748
8.624329777755358,6,3.0,4140
8.624756718180958,1,14.0,4599
8.6247626731862,1,3.0,4600
8.62507225802197,6,51.0,2366
8.625400076412781,6,3.0,3580
8.62545631569997,7,2.0,2308
8.625986863263075,7,1.0,2571
8.6267338260791,7,32.0,1890
8.626814750309846,6,3.0,3931
8.626993575661725,6,29.0,3983
8.627336695677359,9,6.0,3127
8.627525239066449,1,2.0,4601
8.62757116250109,8,5.0,3873
8.627881991295775,1,11.0,4602
8.627896529331363,6,3.0,4250
8.628552397003487,6,15.0,4583
8.628614954169343,1,3.0,4603
8.628662852581622,6,31.0,4132
8.628900097424436,7,4.0,3585
8.628900097424436,16,4.0,3585
8.629202029882231,9,4.0,3140
8.62928351321249,7,2.0,2465
8.629405381741575,9,57.0,831
8.629530795719749,7,1.0,3172
8.630032405708087,7,56.0,1692
8.630351418468491,1,4.0,4604
8.631099285972548,7,1.0,2858
8.631363115421841,1,3.0,4605
8.631547386524106,6,12.0,3616
8.6318012586097,9,5.0,1616
8.632031839717229,6,2.0,3865
8.632240742476393,6,1.0,4405
8.632648241711136,7,1.0,2097
8.632901775302537,1,5.0,4606
8.633067840043566,6,1.0,3481
8.633084023259764,9,5.0,1615
8.633180720573435,1,41.0,4607
8.633351259290041,6,3.0,4262
8.63356459034059,6,32.0,4051
8.634001850467307,7,3.0,2436
8.634307040565757,6,3.0,4600
8.635052161101118,9,4.0,914
8.635170785901726,7,1.0,2056
8.635239812426756,6,3.0,3348
8.635686136782818,6,23.0,2862
8.635919289989225,9,6.0,1146
8.635928525209954,1,14.0,4608
8.635977253890383,1,4.0,4609
8.636184806473363,6,3.0,4605
8.636384929278364,8,2.0,2922
8.636431103270882,6,31.0,2648
8.636449439296408,1,6.0,4610
8.636532134087789,1,5.0,4611
8.637070483090131,1,53.0,4612
8.63713704806266,1,19.0,4613
8.638313989986704,7,31.0,2520
8.638411268209012,9,3.0,1631
8.638801660858617,8,10.0,3757
8.638830070625858,6,3.0,3966
8.63937241714318,6,17.0,3101
8.63965317888848,6,6.0,2886
8.63966034150521,6,12.0,3369
8.641016098956824,8,5.0,4006
8.641070277457048,6,17.0,1812
8.641078322670234,6,4.0,4064
8.641143621512558,1,40.0,4614
8.641188788645039,1,1.0,4615
8.641501443459052,8,2.0,1707
8.641517928840457,1,49.0,4616
8.641693934424005,6,2.0,4595
8.641816306248018,1,32.0,4617
8.641974451909052,2,4.0,4618
8.6423345947169,1,2.0,4619
8.642389883944595,7,39.0,2882
8.642624208837388,1,1.0,4620
8.642857746551275,6,9.0,4202
8.642972817652929,1,1.0,4621
8.64320462174144,6,2.0,4401
8.643231201645124,6,7.0,2945
8.643735978878869,1,2.0,4622
8.643776262928364,6,54.0,3531
8.64386311379035,1,2.0,4623
8.643942522428581,7,54.0,3608
8.644060242606436,6,2.0,4191
8.644422124882249,8,4.0,2463
8.645279721103671,1,3.0,4624
8.64543315809929,6,2.0,3883
8.64564833574565,6,1.0,4437
8.645847539038352,7,3.0,1921
8.6460465869736,7,5.0,2970
8.64635376174835,1,4.0,4625
8.646794312886339,1,3.0,4626
8.646938813241166,1,2.0,4627
8.647095799692513,1,13.0,4628
8.647208108060198,1,14.0,4629
8.647499288855444,6,17.0,3646
8.648151918716167,7,2.0,654
8.648443455754025,1,8.0,4630
8.648484454518158,6,5.0,4320
8.649012837923289,7,6.0,2406
8.649678542522114,9,5.0,1888
8.649846497218764,6,4.0,3130
8.649866047280424,6,3.0,4395
8.65014927639604,7,2.0,2681
8.650581091401586,1,3.0,4631
8.650679068421368,7,3.0,823
8.650679068421368,16,3.0,823
8.651392716765917,6,3.0,4093
8.651679528485177,6,14.0,4608
8.65215539017661,6,9.0,3217
8.652626695791938,1,6.0,4632
8.652756411284575,9,5.0,1628
8.652784113838944,8,4.0,2598
8.653064608059276,7,43.0,1414
8.653171386162203,1,3.0,4633
8.653248607703228,8,1.0,3718
8.654103351691225,1,10.0,4634
8.654396357354921,6,7.0,4254
8.654430732232965,6,3.0,3339
8.654673081479459,1,3.0,4635
8.654703415849939,2,57.0,4636
8.654713103693146,7,2.0,2592
8.654972453903335,7,3.0,3589
8.655264842231103,8,1.0,3326
8.655336514431383,1,2.0,4637
8.655793048115918,6,31.0,4013
8.655876355020988,6,59.0,2815
8.656205406385759,7,1.0,3597
8.656226395769782,7,5.0,2294
8.656302359172816,6,7.0,3963
8.656658984304173,6,33.0,3696
8.656693195972236,1,2.0,4638
8.65683448420897,6,11.0,4009
8.656943039648844,1,6.0,4639
8.657565306033817,7,9.0,2198
8.657916749907642,6,6.0,4205
8.657923294470905,6,55.0,3010
8.658152592797531,1,1.0,4640
8.658190785342875,6,8.0,2789
8.65872412571688,7,8.0,199
8.658773484521266,8,58.0,1568
8.65900299578558,6,11.0,4548
8.659718972525301,9,50.0,2663
8.660371802264747,6,1.0,4524
8.66050003663472,7,7.0,1361
8.660866911728768,6,32.0,3486
8.660978243423987,8,1.0,3877
8.661184808192093,7,11.0,415
8.661969282157806,1,56.0,4641
8.662065842814277,6,20.0,4420
8.662278088822125,1,1.0,4642
8.662731814271648,9,2.0,1961
8.663039229934098,6,19.0,3807
8.663152581754254,1,7.0,4643
8.663153806119206,1,23.0,4644
8.66334482053351,6,19.0,4613
8.665050209423676,9,56.0,1748
8.665175534244657,9,7.0,2251
8.665484094308914,7,51.0,396
8.6655188508878,7,4.0,2069
8.665552099773603,8,3.0,2657
8.665657000136576,1,7.0,4645
8.665733110849382,6,12.0,4023
8.666025501214714,1,56.0,4646
8.66644203843111,8,3.0,1498
8.666521660673727,1,2.0,4647
8.668239542812984,7,17.0,1493
8.668412418019793,6,15.0,4346
8.668941660081598,9,3.0,2360
8.66909313930835,7,2.0,1836
8.669545858995471,9,4.0,1338
8.669866839069087,6,1.0,2011
8.671019995125597,6,57.0,4636
8.671605331994055,1,1.0,4648
8.671618539700463,6,35.0,4579
8.67176489232063,1,5.0,4649
8.672042358470911,1,2.0,4650
8.673598884667276,9,2.0,701
8.674358847272888,6,23.0,4199
8.674449376049225,6,2.0,3841
8.674597885342965,6,1.0,3368
8.674620592770387,1,1.0,4651
8.674752910851543,7,6.0,2288
8.674782851122794,6,48.0,2923
8.675181131133614,9,18.0,205
8.675463004118402,1,12.0,4652
8.676452972717353,6,2.0,2689
8.677327832724087,1,14.0,4653
8.677353604769117,6,3.0,4011
8.677399019768796,1,1.0,4654
8.677447120108685,1,2.0,4655
8.6778200840727,7,3.0,1137
8.677989112410176,6,3.0,4549
8.678248838517202,9,7.0,827
8.678677241120639,1,2.0,4656
8.678834905135423,6,2.0,4584
8.678903212683382,1,2.0,4657
8.679439294755035,7,5.0,1465
8.67950430049507,6,5.0,4611
8.681193454827216,6,38.0,4253
8.681408096977748,1,2.0,4658
8.681526118422045,6,4.0,3987
8.682048781622008,6,52.0,4356
8.683075075655271,6,12.0,3599
8.683147819388882,7,5.0,2972
8.68373898436156,6,1.0,4209
8.683798299811587,6,1.0,3996
8.68480362504576,6,29.0,2004
8.684851876695424,6,4.0,1971
8.684995895561652,6,2.0,4359
8.685101648598165,1,36.0,4659
8.686584194373717,1,5.0,4660
8.68661547728841,1,3.0,4661
8.687088149209739,1,2.0,4662
8.687175496104812,6,31.0,3723
8.687408524018423,1,5.0,4663
8.687471802233638,2,11.0,4664
8.68750456488999,6,2.0,2352
8.687825964538352,7,1.0,1066
8.68822176228277,6,2.0,1718
8.688223181010812,7,51.0,1813
8.688394751179432,1,3.0,4665
8.688395975950092,6,1.0,2605
8.688536071735168,6,10.0,4341
8.688787032377103,6,5.0,3939
8.689098355547774,8,16.0,3935
8.689189979746404,6,1.0,2179
8.689461346993598,1,3.0,4666
8.689599362590748,6,6.0,2229
8.689630469937645,1,10.0,4667
8.689663442203829,1,1.0,4668
8.68976985381222,1,10.0,4669
8.689844548171262,6,3.0,4570
8.689889020462136,1,3.0,4670
8.689905105808418,1,1.0,4671
8.689954922982544,7,15.0,418
8.690083641434427,2,41.0,4672
8.690252743153744,6,3.0,3915
8.690302990403557,1,1.0,4673
8.691359622116243,1,19.0,4674
8.691792830728714,1,19.0,4675
8.691940364404436,1,29.0,4676
8.693052279911138,7,1.0,1937
8.693334808440861,6,2.0,4581
8.693400746405622,1,7.0,4677
8.69342633366084,1,1.0,4678
8.693898156689766,7,2.0,1967
8.69397046355865,1,2.0,4679
8.69398859254867,6,52.0,2266
8.694092153612115,6,4.0,4118
8.694462416048733,6,1.0,3243
8.69453037910376,7,7.0,1891
8.69469151100289,1,52.0,4680
8.69495819500997,6,1.0,2834
8.695130860143143,6,3.0,4670
8.69534407282999,7,1.0,1727
8.695408353218015,1,3.0,4681
8.695574794363877,7,54.0,1892
8.69560758666057,1,2.0,4682
8.69619282776296,6,31.0,3169
8.696531650968613,7,19.0,788
8.696617708729153,7,3.0,1667
8.697162801852697,6,14.0,4490
8.698106827840821,7,51.0,1055
8.698526671145743,6,22.0,3374
8.698610180876598,1,1.0,4683
8.698806582962707,6,2.0,3884
8.698920056573707,1,1.0,4684
8.69928611428266,6,35.0,4103
8.69938191477667,6,1.0,3103
8.699400332606858,1,5.0,4685
8.69949066926506,7,6.0,2334
8.69949667853224,6,9.0,3135
8.7000391750996,7,2.0,2464
8.700069922626705,3,38.0,4686
8.700152513975429,7,37.0,2237
8.700460742451266,6,19.0,4436
8.701237039331541,9,1.0,273
8.702426978669148,1,28.0,4687
8.70246564558299,6,5.0,1509
8.702549023815946,6,5.0,4337
8.702644322946327,6,3.0,2182
8.703014968867427,1,1.0,4688
8.703082644647033,6,11.0,4273
8.703330210044976,7,43.0,2218
8.70336386006468,6,48.0,4031
8.703485146675174,6,7.0,3311
8.703517627502642,6,36.0,4354
8.704025142874888,1,2.0,4689
8.7046080827586,6,35.0,1646
8.704613514997362,6,8.0,4630
8.704866556832746,9,2.0,1828
8.704884887703109,6,2.0,2904
8.705155877884193,1,3.0,4690
8.705757117443712,1,24.0,4691
8.706134694916612,1,3.0,4692
8.7069926605485,7,23.0,2532
8.707037851279228,7,35.0,1065
8.707058144583595,7,41.0,744
8.70722643694037,1,2.0,4693
8.707294842510368,7,33.0,1192
8.708127062254732,1,6.0,4694
8.708133156448303,6,13.0,3706
8.708170197342007,8,27.0,2704
8.708297260111557,1,4.0,4695
8.708459159929783,6,1.0,4435
8.709395695880746,6,7.0,3780
8.709527025555216,6,37.0,2515
8.710065715646769,6,3.0,4661
8.7103543239424,1,3.0,4696
8.710419768931553,1,4.0,4697
8.711372924303006,7,3.0,1946
8.711378321420451,9,54.0,1345
8.711533203651413,1,8.0,4698
8.711944128324863,1,2.0,4699
8.712059108448342,7,7.0,2050
8.712152579490814,6,3.0,4635
8.713180229131245,7,7.0,1176
8.713562640138825,8,51.0,3351
8.713717119237998,7,5.0,1772
8.713981531910493,1,5.0,4700
8.7142087244741,7,27.0,2025
8.714283887091742,8,25.0,2643
8.714386596600955,8,47.0,2790
8.71458014829,8,6.0,2731
8.714735184182341,6,30.0,2596
8.714861351426153,1,8.0,4701
8.715670425187769,9,8.0,938
8.7159588184237,9,53.0,958
8.716408440040347,7,10.0,3331
8.718112468858513,7,10.0,3419
8.718284136390988,1,8.0,4702
8.718848491618118,7,50.0,1451
8.719413207404768,6,1.0,3667
8.719601126759864,1,30.0,4703
8.719835706663984,1,5.0,4704
8.719909072769559,6,22.0,4507
8.72012326925378,8,1.0,3269
8.720429486435062,7,5.0,2473
8.720648793783779,8,7.0,3302
8.720679516360558,7,4.0,3208
8.72105474655816,6,23.0,4644
8.721160426403465,1,10.0,4705
8.721416954874272,6,4.0,4434
8.721753956894862,6,11.0,4392
8.722147391519384,6,1.0,4531
8.72218075941976,7,54.0,1695
8.722238289806835,8,48.0,2235
8.722839350245073,7,19.0,1177
8.72292141727298,6,4.0,4255
8.723102126110648,8,1.0,3032
8.723947340704873,7,51.0,1014
8.724180868990777,1,2.0,4706
8.724848342154937,7,1.0,3054
8.7249379303494,8,2.0,2642
8.724945266070783,6,13.0,4244
8.725497156887528,1,8.0,4707
8.725535582463843,1,3.0,4708
8.725605187576582,6,5.0,4445
8.72622976697538,6,47.0,2065
8.726459351473437,1,2.0,4709
8.72645977032457,6,2.0,3573
8.727164734735036,6,1.0,4021
8.72951333789377,7,52.0,1393
8.729569089328379,7,1.0,2201
8.729816632650628,6,59.0,3120
8.729965187366448,1,2.0,4710
8.730110761600056,1,3.0,4711
8.730220941824534,1,5.0,4712
8.7304612449178,1,9.0,4713
8.730749704698912,6,3.0,3318
8.730866512463955,6,4.0,3726
8.731273239125676,1,10.0,4714
8.731293244118582,7,36.0,3131
8.731516938701716,7,4.0,2088
8.731790691573034,6,1.0,4086
8.731873750144453,6,18.0,3524
8.732243116689624,1,1.0,4715
8.732533589343262,1,8.0,4716
8.732629064722571,1,23.0,4717
8.732771028821894,1,9.0,4718
8.732811521694751,6,7.0,4353
8.732883778540938,1,19.0,4719
8.733043883841798,7,3.0,609
8.733451596182451,7,5.0,2889
8.733497591055764,1,7.0,4720
8.733705296219686,1,5.0,4721
8.733857801946726,1,22.0,4722
8.734507998535799,6,6.0,4499
8.734849058170164,6,1.0,3879
8.73516117289078,7,2.0,2337
8.735270795072221,1,7.0,4723
8.735651408420145,7,41.0,2451
8.735780267660944,7,3.0,1201
8.735983156626048,6,14.0,2070
8.73602408219258,7,58.0,2484
8.73612356319282,1,2.0,4724
8.736132382750904,7,4.0,2241
8.7364253508996,6,50.0,3864
8.736494744675154,6,2.0,3949
8.737017557994115,1,4.0,4725
8.737091216954186,1,8.0,4726
8.737535043483893,7,11.0,2584
8.737835792037847,1,4.0,4727
8.738056517014344,6,2.0,3639
8.738360083799389,6,1.0,4568
8.738902308963237,1,2.0,4728
8.738917532515343,6,9.0,2772
8.738991692997274,6,2.0,4036
8.739361432715201,6,2.0,4382
8.739885678189427,1,4.0,4729
8.740246497081312,7,11.0,505
8.740431793513327,6,3.0,4166
8.740744661480067,8,14.0,2070
8.741242584569445,7,5.0,477
8.741907645089656,1,9.0,4730
8.742092904676388,7,58.0,1432
8.742097588999664,1,7.0,4731
8.742267776269319,8,42.0,2552
8.74290661431539,7,1.0,710
8.742999468706023,9,2.0,1707
8.743497030062219,7,7.0,2346
8.743638720491754,6,6.0,3180
8.743685420849035,1,16.0,4732
8.744267467342585,1,12.0,4733
8.744277284454073,7,33.0,320
8.744397338664317,7,18.0,1962
8.744873141395505,6,14.0,4164
8.745104993821842,7,24.0,1939
8.745167501526977,7,35.0,1669
8.74516951840918,1,18.0,4734
8.74518337484847,1,4.0,4735
8.74618532602495,1,6.0,4736
8.746662011948878,6,9.0,1656
8.747329830787187,6,5.0,4306
8.74745338023051,1,1.0,4737
8.747729260223908,6,19.0,4674
8.747810511389748,7,3.0,2161
8.748263340315972,1,2.0,4738
8.74826684047551,1,6.0,4739
8.7483183656229,6,3.0,3513
8.748739303442981,9,9.0,937
8.749097580415098,1,1.0,4740
8.749277391853111,6,6.0,4135
8.749411820576375,7,57.0,3014
8.749689331744339,6,4.0,4261
8.7497514816497,6,22.0,2253
8.750786961233707,7,42.0,2327
8.750976432642966,1,5.0,4741
8.751799953797638,7,3.0,3694
8.752056142221186,9,2.0,2430
8.752383504930028,8,40.0,3376
8.752400764900157,6,48.0,3308
8.752555138147581,6,1.0,3912
8.753047708793723,7,21.0,1754
8.753167503594376,6,4.0,4528
8.75340142366518,6,1.0,4300
8.75352349235556,6,1.0,4221
8.754095974195327,7,6.0,2737
8.75433990458665,1,1.0,4742
8.754607349836771,1,1.0,4743
8.755154509068786,6,6.0,4240
8.757034327406245,1,3.0,4744
8.757675483208237,1,14.0,4745
8.75784724360283,8,2.0,3185
8.757901511906484,6,49.0,2748
8.75826051637164,1,6.0,4746
8.7590945322081,7,43.0,2060
8.759210527878643,1,3.0,4747
8.760343372399955,8,5.0,2320
8.760357083721123,9,5.0,1440
8.760416136762114,7,7.0,1834
8.760475603777051,1,4.0,4748
8.76086467862246,6,4.0,4178
8.761128107915091,9,33.0,456
8.761422052280569,6,15.0,3450
8.76156678046164,6,2.0,4638
8.76187578221004,7,29.0,1341
8.76228970450776,1,2.0,4749
8.762932771411778,6,3.0,3991
8.76315605659535,6,5.0,4039
8.76352508695546,7,1.0,1071
8.7638871767548,6,4.0,4725
8.763963902336968,1,12.0,4750
8.764564229586428,1,1.0,4751
8.76459578387714,6,18.0,3761
8.76509582725054,6,2.0,2347
8.765332858539374,6,8.0,4701
8.765405952060808,6,2.0,4182
8.765697954162015,7,5.0,1114
8.765720982068713,1,1.0,4752
8.766112737909024,7,2.0,3123
8.766151604195315,6,41.0,2871
8.766665120643024,1,4.0,4753
8.766934736966332,1,2.0,4754
8.766941919429748,1,2.0,4755
8.767133890426473,7,41.0,3403
8.76799646757105,1,2.0,4756
8.768367949438908,7,2.0,1806
8.768893597151717,6,2.0,4662
8.769292746332978,6,3.0,3078
8.769420312071977,1,3.0,4757
8.771046408141686,6,4.0,4553
8.771076550149296,6,7.0,3452
8.77117659285446,1,3.0,4758
8.771446547562133,1,3.0,4759
8.771623987400044,7,7.0,2353
8.771840703629866,1,7.0,4760
8.77227028780457,7,6.0,2577
8.772732271018272,1,7.0,4761
8.773717095938572,1,5.0,4762
8.773787500600628,1,7.0,4763
8.773829147381216,1,3.0,4764
8.774248393491892,8,57.0,2189
8.774274845941617,7,31.0,797
8.77442450508726,7,41.0,908
8.774514558595923,1,3.0,4765
8.774823732151203,9,59.0,1420
8.77528135486711,6,8.0,3394
8.775296819966538,6,32.0,2583
8.775413098055724,7,10.0,3327
8.775798270015997,6,2.0,4622
8.775801821657637,6,28.0,4687
8.776456234020284,8,5.0,2467
8.776512351669686,1,3.0,4766
8.776955725638107,6,7.0,4010
8.777149830100742,7,58.0,1202
8.777149830100742,16,58.0,1202
8.77718444575609,1,1.0,4767
8.77729037471845,6,2.0,3845
8.778144789043136,1,2.0,4768
8.77816925460933,9,2.0,1350
8.778190955307277,8,1.0,2192
8.778275067178438,6,1.0,4654
8.778286939595311,8,40.0,3003
8.77855375244344,6,50.0,3618
8.778616428504547,9,2.0,1900
8.778893157663813,6,5.0,3106
8.779519576519277,7,5.0,571
8.780194445388727,1,14.0,4769
8.78046061692636,6,3.0,4603
8.781137647372,6,4.0,4609
8.781514982845245,7,4.0,1652
8.781715677693626,7,5.0,1865
8.781800257584436,6,38.0,1823
8.78186282655021,7,2.0,2595
8.781975758610539,6,1.0,4439
8.782158160530958,7,8.0,3157
8.782193995289798,6,1.0,4466
8.782739296508899,7,54.0,1948
8.782872264369749,8,4.0,4553
8.783563031238506,7,9.0,1250
8.78360200588767,1,5.0,4770
8.783611054631564,7,8.0,1218
8.783611054631564,16,8.0,1218
8.783928730026858,1,5.0,4771
8.783976023611373,6,20.0,1330
8.78440409090956,1,2.0,4772
8.785401188050264,7,1.0,3469
8.785819969417007,7,6.0,1337
8.78631389665622,6,6.0,4555
8.78673132363891,6,1.0,4296
8.787344303174068,1,1.0,4773
8.787766917328343,6,8.0,4310
8.789480929222751,8,7.0,4378
8.78977408913961,1,5.0,4774
8.789985153354369,1,2.0,4775
8.790143067753974,1,1.0,4776
8.79017959920011,1,10.0,4777
8.790610163495487,7,38.0,725
8.790620172213735,6,2.0,4424
8.79099527549312,7,16.0,2302
8.7914036940357,7,23.0,1046
8.791460259558814,2,24.0,4778
8.791567305182312,8,52.0,3793
8.79192017358868,6,5.0,4660
8.792073857047605,9,7.0,3465
8.792867099728824,8,1.0,3027
8.793866142145431,7,46.0,2109
8.794078153711542,6,2.0,4361
8.794607608213825,8,5.0,3519
8.79524857768059,7,9.0,1328
8.795297879974047,6,1.0,4640
8.795509952389756,6,2.0,2480
8.79587140961946,1,4.0,4779
8.796094341203528,7,29.0,1565
8.796587342390461,6,1.0,4491
8.796603438404643,8,60.0,2259
8.796874023208844,6,1.0,4282
8.79778846944316,1,2.0,4780
8.798747476495057,6,55.0,3408
8.798805695832247,8,11.0,3304
8.799004221855066,9,2.0,3206
8.799080986199948,6,2.0,4768
8.799130754696716,7,2.0,3462
8.799313299359792,1,11.0,4781
8.80013840109501,7,11.0,2066
8.80098584424713,7,4.0,1551
8.801354623254598,1,1.0,4782
8.801532233506778,6,29.0,4676
8.801799522061119,1,2.0,4783
8.801834704203035,6,54.0,4423
8.801853972135692,7,14.0,2378
8.801853972135692,16,14.0,2378
8.802124089598665,1,6.0,4784
8.802444659532423,7,5.0,1622
8.802549010768546,7,4.0,2875
8.80258213370265,8,43.0,1252
8.80447087674539,1,3.0,4785
8.804903321439177,6,8.0,4024
8.805987711373277,7,18.0,2343
8.806039368883582,6,19.0,1951
8.806273191269314,7,1.0,2043
8.806637273914404,6,19.0,3615
8.806834769865567,6,1.0,4561
8.80715351408902,8,1.0,3270
8.80755149799247,6,1.0,3940
8.80978484241701,7,16.0,2961
8.810025795969384,6,3.0,4040
8.810106921224873,1,3.0,4786
8.810179440117613,1,51.0,4787
8.810711019047833,6,1.0,2892
8.810762052510473,6,12.0,4540
8.810974991842242,6,23.0,4526
8.81104244607108,6,8.0,4565
8.811964414183842,9,48.0,2235
8.811964414183842,16,48.0,2235
8.812293519825486,6,24.0,3890
8.812616329901054,6,10.0,4407
8.812656430151616,1,9.0,4788
8.813023240671207,6,3.0,4631
8.813608858159686,7,36.0,976
8.814091669952564,1,3.0,4789
8.814213479811489,7,55.0,2460
8.8149040033588,6,2.0,2276
8.81503572363737,1,11.0,4790
8.815220111077618,9,57.0,1904
8.81573794623947,7,40.0,732
8.815875189757898,9,5.0,2723
8.815942861104782,8,6.0,3895
8.816194893329683,1,7.0,4791
8.816638536697052,1,6.0,4792
8.816712697326336,6,42.0,1849
8.81685849968259,8,8.0,3028
8.81743632868177,7,2.0,1221
8.81767369662422,6,9.0,3183
8.817689361084684,6,7.0,4377
8.81788139203915,7,2.0,2774
8.818655301812113,6,1.0,4072
8.8190500783914,1,6.0,4793
8.819186558036069,6,6.0,4739
8.819779567271242,1,8.0,4794
8.819976704479048,9,7.0,1896
8.82037526538423,1,1.0,4795
8.820758392524406,1,11.0,4796
8.8208251146154,1,3.0,4797
8.82155701353692,9,9.0,1861
8.821842413382667,6,1.0,4112
8.821909874783053,1,20.0,4798
8.822012259492729,7,5.0,3894
8.82202263807053,6,34.0,3234
8.8224556307836,1,14.0,4799
8.822693682616347,1,9.0,4800
8.822853009418898,2,1.0,4801
8.82376640837363,1,5.0,4802
8.824152841150203,6,5.0,4559
8.82420638290051,1,1.0,4803
8.824269007673559,6,10.0,3364
8.824741885577499,7,7.0,2301
8.825248128271197,1,1.0,4804
8.82563640689946,8,5.0,2713
8.825784626661656,7,6.0,3829
8.826026150487966,7,10.0,2053
8.826076254426571,7,15.0,2215
8.826158815296177,1,13.0,4805
8.826345243760288,7,42.0,1744
8.826472131487817,6,46.0,3689
8.826805054640337,1,9.0,4806
8.826976167155975,7,1.0,3888
8.82743568053809,7,5.0,2400
8.828019692699623,1,6.0,4807
8.828061874913963,1,3.0,4808
8.828495749609662,1,1.0,4809
8.828618314374534,9,54.0,959
8.829297456259862,6,16.0,4569
8.829716674643349,6,59.0,242
8.829812561106392,6,7.0,3827
8.82992892482864,1,25.0,4810
8.830913458746453,1,4.0,4811
8.83124185245561,7,52.0,1815
8.83145472061877,7,4.0,803
8.831681812708464,6,9.0,4400
8.831757450730011,6,2.0,3645
8.831901118159847,7,2.0,2094
8.832345020018197,6,7.0,2438
8.83273376373375,6,2.0,3731
8.832777364600274,1,8.0,4812
8.833072827795002,8,48.0,3048
8.833082517839049,1,6.0,4813
8.833305081638398,1,1.0,4814
8.833615256975865,1,2.0,4815
8.833846347496834,7,2.0,3200
8.834263804181854,7,4.0,967
8.834633295346121,7,14.0,1142
8.83471161625823,1,8.0,4816
8.83483628026951,7,19.0,1838
8.835580218008953,7,1.0,3838
8.836065622057346,1,32.0,4817
8.836232637358492,6,6.0,4314
8.83668453900755,8,60.0,3902
8.836981994646926,7,33.0,2190
8.836992508423888,1,14.0,4818
8.837722333492616,1,7.0,4819
8.838076036750046,6,7.0,2133
8.83851635779219,9,9.0,2587
8.838533760877738,1,5.0,4820
8.838710433200541,1,10.0,4821
8.838964901567662,6,7.0,2324
8.839166275076195,6,8.0,2545
8.839253248938448,6,9.0,4184
8.839549462575892,6,2.0,4344
8.839669733008453,6,5.0,2976
8.839892921777968,1,1.0,4822
8.840083139763394,7,20.0,830
8.840150020279804,6,2.0,4508
8.84039615696046,7,3.0,3711
8.841196811279815,6,9.0,4398
8.841667702444681,6,8.0,3525
8.84176141887226,6,4.0,1466
8.842451763659367,6,4.0,4394
8.842591931929409,1,1.0,4823
8.84295262487064,6,4.0,3846
8.843320105727882,1,1.0,4824
8.843438244492827,6,4.0,3946
8.843780828022572,7,1.0,1981
8.84378959570127,7,5.0,3886
8.843808718351667,9,12.0,977
8.84388887305325,9,6.0,557
8.844339386755415,9,10.0,3340
8.844498711673223,1,2.0,4825
8.844538765010306,6,8.0,3244
8.844738940109789,6,3.0,1634
8.845625649527065,7,1.0,3440
8.845709032322855,6,43.0,1973
8.845748638012841,7,7.0,1686
8.84587072008924,6,14.0,4599
8.847160265785462,7,7.0,3282
8.847195281112986,1,4.0,4826
8.848147956571399,1,4.0,4827
8.848790055985011,7,7.0,3160
8.849266927613343,7,58.0,538
8.849746406859108,1,11.0,4828
8.85034788587721,1,6.0,4829
8.850503992984166,6,2.0,1760
8.850528343724283,7,3.0,692
8.850733051645049,8,2.0,3901
8.850887455134451,7,46.0,2502
8.851057047563586,1,15.0,4830
8.851164345999257,1,3.0,4831
8.851182636896413,8,42.0,3520
8.851189094691412,10,27.0,3758
8.851197246030944,6,5.0,4049
8.85166077874164,8,16.0,1022
8.85179693732443,6,3.0,3352
8.85199110506396,6,36.0,3560
8.852076348740335,7,2.0,942
8.852556174502762,8,5.0,3201
8.852631304565135,1,3.0,4832
8.852844578365723,6,1.0,4782
8.853013163066933,1,2.0,4833
8.853173090348298,6,5.0,4506
8.853368934273892,6,23.0,2206
8.854810439699536,8,1.0,3409
8.855235173691613,9,12.0,1645
8.85542405996347,6,10.0,2893
8.856040513344343,1,3.0,4834
8.856364261459952,7,1.0,2784
8.85651658223922,6,1.0,3011
8.857494790600285,8,3.0,1552
8.857531998760342,7,7.0,2894
8.85818000839264,7,54.0,1456
8.858851654768632,8,2.0,3124
8.85888535294394,6,3.0,2498
8.859065598790405,1,4.0,4835
8.859065737903125,7,3.0,2591
8.859425147420522,1,8.0,4836
8.859821755146426,6,4.0,4729
8.86034294447393,7,44.0,861
8.860997570181526,1,6.0,4837
8.861144441120086,6,55.0,3972
8.861496123618199,6,2.0,4462
8.862039949384235,1,4.0,4838
8.862502641044847,1,1.0,4839
8.862940651167492,1,12.0,4840
8.863229349650883,7,6.0,1386
8.864127227606591,1,1.0,4841
8.86425071332899,1,4.0,4842
8.864352208134507,8,59.0,3916
8.864556156247524,7,4.0,2137
8.864849155538684,6,1.0,3593
8.864871968794386,7,9.0,3981
8.865227420222748,6,6.0,4594
8.865352459936824,7,3.0,2630
8.865624562247644,9,6.0,3895
8.865988286077865,1,46.0,4843
8.866104196743741,1,3.0,4844
8.866927307073329,7,11.0,2176
8.867163915717015,8,5.0,643
8.867529431053127,6,2.0,3361
8.867763745910874,9,58.0,702
8.868052125904724,7,47.0,1545
8.86827483965814,9,1.0,522
8.868450718669452,8,5.0,2714
8.868555228204398,1,1.0,4845
8.868881499626427,6,3.0,340
8.869839970277381,1,8.0,4846
8.870193966421004,6,6.0,1976
8.870208709621046,1,2.0,4847
8.870468356240128,8,35.0,2738
8.87070855259031,3,39.0,4848
8.870718396454958,6,52.0,3384
8.870785316205053,6,3.0,2953
8.87117872027741,1,6.0,4849
8.871196172857704,1,3.0,4850
8.871415414422549,1,7.0,4851
8.872038052639416,7,5.0,3651
8.872092636159197,6,1.0,3982
8.87222808993488,6,6.0,2933
8.872635000671707,1,3.0,4852
8.872677290568319,7,4.0,1507
8.872679720421711,1,5.0,4853
8.873163789340163,8,9.0,3217
8.873217938373138,7,49.0,2481
8.87330248201359,6,2.0,4657
8.873640541231339,6,1.0,4683
8.873802034856414,8,9.0,3437
8.874904470113128,6,24.0,4492
8.875040326525381,6,10.0,4705
8.87511629148374,2,2.0,4854
8.875117608969658,6,41.0,4672
8.875247952597654,7,52.0,1591
8.875602783580533,7,53.0,1922
8.875732764042326,1,5.0,4855
8.87611614588592,7,4.0,2037
8.876404528651879,7,40.0,2942
8.876440526171807,7,46.0,2636
8.876617554260319,8,6.0,1534
8.87688254933525,1,16.0,4856
8.87699102219586,8,1.0,3771
8.877409069835927,6,2.0,4505
8.877471884009628,6,26.0,3020
8.877561335401879,3,58.0,4857
8.877700516709915,6,52.0,3434
8.87786227260283,6,10.0,4317
8.878046095598783,7,7.0,2342
8.878256225574122,6,1.0,2768
8.878256944550664,7,6.0,2319
8.878316367615822,1,6.0,4858
8.878385519176028,8,2.0,2686
8.87841355338435,8,57.0,1558
8.878884098528262,1,11.0,4859
8.878987020680412,7,3.0,2820
8.879039845112342,6,2.0,3475
8.879202546020908,8,13.0,3844
8.879783971522365,7,9.0,1181
8.879802980551343,1,25.0,4860
8.880827371539334,6,30.0,3333
8.880940366053663,7,8.0,1372
8.880995399584918,6,2.0,4815
8.88158691904683,6,2.0,4480
8.881672784631096,6,3.0,972
8.88258412345071,6,10.0,4447
8.882639687801754,6,6.0,4155
8.882860323692213,8,5.0,2523
8.883290770151497,6,25.0,2306
8.883517272630938,7,9.0,1311
8.884376805921672,6,1.0,4740
8.884692791449618,6,7.0,2903
8.884877408363572,7,5.0,2021
8.885203623925424,9,6.0,260
8.885670380578862,6,4.0,3512
8.885744050922208,6,46.0,4514
8.885854729463466,8,6.0,1307
8.885993416251992,1,5.0,4861
8.886078219708551,1,18.0,4862
8.886116944409713,1,1.0,4863
8.88667054092685,8,27.0,2027
8.887086956663152,7,7.0,2010
8.887170898692428,1,2.0,4864
8.887439404734625,6,1.0,4099
8.887447754091898,1,22.0,4865
8.887572996652196,9,2.0,1886
8.887757597326681,6,3.0,4318
8.888079937641475,6,6.0,4546
8.888586490608935,7,21.0,2185
8.889863321758996,6,12.0,3628
8.890118709059038,1,3.0,4866
8.890400620504,7,6.0,2762
8.890718610090895,6,7.0,1484
8.890720869882694,6,4.0,3221
8.890808572175079,9,43.0,1310
8.890815621887855,9,59.0,1004
8.89085662343913,7,5.0,2434
8.89192915378963,1,2.0,4867
8.892135641237855,7,4.0,2968
8.89255070704316,6,6.0,4242
8.892980680084818,6,48.0,4181
8.8932857832539,7,34.0,2921
8.893772301735725,6,2.0,3202
8.89405574049925,6,7.0,3842
8.894153191441767,1,1.0,4868
8.89423379101204,1,6.0,4869
8.894628803286784,6,1.0,4239
8.894775475564138,8,1.0,3938
8.895028454663718,1,15.0,4870
8.89504342193273,1,3.0,4871
8.895294897728299,6,32.0,1606
8.895374020746278,1,2.0,4872
8.89591326530506,1,2.0,4873
8.896178485826155,1,12.0,4874
8.896262620783407,7,3.0,2554
8.896268731969988,1,22.0,4875
8.896405409302034,6,8.0,4094
8.896911623878019,1,51.0,4876
8.897471497365185,7,10.0,901
8.897752354790525,7,2.0,1365
8.898404782354229,6,1.0,4005
8.898941212660452,7,3.0,1793
8.898968141666453,9,3.0,1552
8.900219100451045,7,3.0,2780
8.900223366180903,6,2.0,3517
8.900235452176494,1,3.0,4877
8.900699939367765,1,4.0,4878
8.900743350706911,7,11.0,2579
8.900754336780007,6,3.0,4633
8.90084257151397,7,50.0,2331
8.900878433948108,8,3.0,1776
8.901135697829517,6,7.0,4723
8.901283698833646,7,7.0,1428
8.901428203579426,8,22.0,1579
8.901713175838275,1,3.0,4879
8.902222849085016,6,5.0,4292
8.903304823145099,6,6.0,4336
8.903475581483214,6,1.0,4481
8.903568642957868,1,2.0,4880
8.903575464436306,1,1.0,4881
8.903576992742781,7,42.0,3763
8.903625890194405,1,1.0,4882
8.903786320514605,8,18.0,3524
8.90388202908646,6,5.0,4212
8.903998852390245,6,3.0,3716
8.904489045107582,7,2.0,2120
8.904747643578503,1,5.0,4883
8.905490248547869,7,2.0,1747
8.90595727262491,7,55.0,1590
8.906853568945236,1,3.0,4884
8.90722573523488,1,35.0,4885
8.908280948581938,1,3.0,4886
8.908573178639793,7,57.0,826
8.910065815282634,6,1.0,4289
8.910076428791378,1,2.0,4887
8.91026016614608,6,1.0,4232
8.910420041259437,6,1.0,4752
8.910545453826657,6,5.0,2280
8.910574919346647,1,19.0,4888
8.910858816219843,6,1.0,4585
8.91093492211442,8,39.0,2483
8.911302738103817,6,7.0,1165
8.911419754764417,9,55.0,2470
8.911678144085688,6,5.0,3823
8.912000886092542,6,58.0,603
8.912369308804672,1,2.0,4889
8.912804887916439,9,39.0,2483
8.913642584217504,9,5.0,3201
8.913806723307754,6,3.0,4053
8.913828710891396,1,3.0,4890
8.913831125187537,6,28.0,1999
8.914200554465877,6,2.0,4619
8.915025689207544,7,1.0,1916
8.915321185101117,7,8.0,1213
8.915452977649442,6,28.0,3933
8.915595670176044,8,2.0,3264
8.91622989593022,7,35.0,1644
8.916540565207287,6,2.0,4228
8.917230201247241,6,34.0,2321
8.917417476817208,1,8.0,4891
8.917486311875496,8,8.0,3874
8.917527718418148,6,2.0,4873
8.917924622720989,6,6.0,2679
8.91794998760187,9,12.0,2697
8.91828430266985,6,1.0,1517
8.91834387774072,6,1.0,3754
8.918604568999017,6,11.0,3316
8.918813728447223,1,1.0,4892
8.918886406590886,6,3.0,2032
8.919428664198579,1,2.0,4893
8.919487988453522,6,2.0,4340
8.91951140725456,6,8.0,4702
8.920120912441106,1,4.0,4894
8.920645965262942,8,47.0,1129
8.921438297653769,7,60.0,1461
8.92156511683521,1,2.0,4895
8.92162808328375,1,20.0,4896
8.921890399575089,7,3.0,3044
8.921940827587282,6,12.0,1882
8.922075142777892,1,4.0,4897
8.922912817824725,6,5.0,4577
8.923458458702932,6,5.0,4501
8.923612848820278,1,37.0,4898
8.924168790800216,9,9.0,1561
8.9242924951053,8,2.0,3370
8.924714933651453,9,3.0,1498
8.925496342050385,7,12.0,3150
8.925784511831123,1,7.0,4899
8.925842473223137,6,5.0,4190
8.927052319351505,6,24.0,3604
8.927817910599003,1,1.0,4900
8.92788553265491,8,6.0,1868
8.928058145672466,1,7.0,4901
8.928475087640425,7,39.0,2079
8.928901607132767,1,8.0,4902
8.92894352679328,1,9.0,4903
8.929548972824378,9,2.0,3459
8.929946270208564,9,5.0,643
8.930392642152277,1,2.0,4904
8.930896762608606,1,6.0,4905
8.930902597688192,1,3.0,4906
8.93159813642746,1,13.0,4907
8.931653710731739,1,11.0,4908
8.931992686734581,6,16.0,1977
8.932024020259073,2,6.0,4909
8.93274658562357,3,36.0,4910
8.93307531031597,6,3.0,4624
8.933962662336464,9,58.0,2194
8.933983890221771,6,6.0,4807
8.934474493011841,6,13.0,3945
8.934823549204834,7,2.0,2927
8.935265819516303,7,5.0,1794
8.935383586225775,8,15.0,3528
8.93570861660167,6,2.0,3993
8.936136337766085,1,3.0,4911
8.93682399593344,1,5.0,4912
8.937584777275164,6,4.0,4842
8.938055497300503,8,1.0,3924
8.938164586280251,1,9.0,4913
8.938171709133552,1,4.0,4914
8.938428951774366,6,2.0,3633
8.93940834165149,1,9.0,4915
8.939467081037451,1,6.0,4916
8.939478731124261,6,53.0,3662
8.939665420961468,8,1.0,3256
8.939689552212268,7,2.0,2141
8.939696934866264,6,49.0,3669
8.939875029293022,1,25.0,4917
8.940058313903569,8,8.0,4204
8.940300386891,6,3.0,2676
8.940677300315107,6,2.0,3350
8.940912870957197,8,11.0,1688
8.942541658777456,7,2.0,4243
8.942671494388309,6,7.0,4645
8.942715995730984,6,11.0,4411
8.943654604357555,9,12.0,1309
8.943722587470475,6,18.0,3473
8.943853288770688,6,6.0,4746
8.944760489310648,6,18.0,4862
8.945967209688142,6,9.0,3952
8.94603106979339,6,3.0,4426
8.946198252500801,1,1.0,4918
8.946470224765275,6,3.0,4759
8.94715460011162,1,2.0,4919
8.947458407784866,6,1.0,3957
8.948283351842083,1,2.0,4920
8.949798716520297,9,17.0,2695
8.949998900626234,6,47.0,3433
8.950250015346123,1,1.0,4921
8.951538589937982,6,41.0,4607
8.951603563535445,7,4.0,3609
8.951804188873073,7,1.0,3514
8.951855940758984,7,7.0,370
8.951981847543516,1,5.0,4922
8.9524466815755,1,3.0,4923
8.953542037758252,1,7.0,4924
8.953667689450716,6,2.0,3060
8.953783625826025,7,23.0,1577
8.95382265721889,7,5.0,1647
8.954111324014436,8,9.0,2650
8.954362432833372,1,3.0,4925
8.954831666297501,7,60.0,2527
8.954870085502938,7,32.0,3017
8.954931442773006,7,37.0,4124
8.955197199800851,1,6.0,4926
8.95532222448526,1,2.0,4927
8.955362172485476,6,1.0,4684
8.955810154513154,6,10.0,4206
8.9568039453652,6,19.0,3062
8.956972492671015,9,3.0,2796
8.95720146445853,7,6.0,2558
8.958014316874817,1,2.0,4928
8.958322482139023,1,16.0,4929
8.958464166068067,6,1.0,4390
8.958525614269826,1,1.0,4930
8.959044771296291,7,29.0,1455
8.959163101285178,8,1.0,3011
8.959380279822007,1,2.0,4931
8.959402591420265,6,10.0,4634
8.959797649558862,2,4.0,4932
8.959883759120174,7,8.0,2501
8.959887188259675,7,12.0,2547
8.960410219962649,6,6.0,4632
8.961197987696675,1,25.0,4933
8.961502183719263,1,5.0,4934
8.961902401314997,7,18.0,3168
8.96220469182874,7,3.0,2264
8.962509473046532,6,12.0,2606
8.962691374401409,6,55.0,3251
8.962890863687432,7,5.0,1511
8.963252317053977,6,2.0,4931
8.963300472850857,6,7.0,4761
8.963365694238878,1,1.0,4935
8.963563336574953,7,59.0,2847
8.963574065697706,6,11.0,4270
8.964496979291871,6,4.0,4826
8.965428692262893,8,3.0,2247
8.965463122740953,1,3.0,4936
8.96572296298465,1,1.0,4937
8.966058834723562,8,6.0,3265
8.966807960921587,1,33.0,4938
8.966844742981934,1,10.0,4939
8.967840899626955,6,24.0,4778
8.967917722948375,7,4.0,1975
8.968370242858747,6,1.0,4715
8.968475082296814,6,4.0,3624
8.968537830876048,7,9.0,2989
8.968666781493445,1,2.0,4940
8.968779682871212,6,2.0,1993
8.968903172262173,8,4.0,3456
8.96935052013215,1,7.0,4941
8.969571394159832,6,14.0,4745
8.969678861120189,1,1.0,4942
8.969773585565445,7,4.0,3365
8.969891627607161,6,2.0,2042
8.970166864389753,7,16.0,2828
8.97022859023848,1,13.0,4943
8.970498545340893,6,16.0,4176
8.970551108199547,6,11.0,4664
8.970583881672136,1,3.0,4944
8.97082021998634,1,5.0,4945
8.970887202010653,7,10.0,1660
8.970998503123187,6,3.0,3626
8.97185133965483,9,2.0,2618
8.97284945348063,6,11.0,4052
8.973157418115049,1,44.0,4946
8.973520252555259,1,3.0,4947
8.97353637427805,6,1.0,2754
8.973571859743089,6,19.0,4126
8.973728322760481,1,4.0,4948
8.9738059651734,7,8.0,4004
8.973847445105607,7,19.0,1919
8.973910947189946,1,2.0,4949
8.974113495761774,1,2.0,4950
8.97468675212118,8,16.0,1448
8.975144714082568,6,1.0,3885
8.975861531745636,1,6.0,4951
8.975974773184136,8,7.0,966
8.976455491014217,7,13.0,1711
8.976509944915794,7,15.0,1878
8.977028008883348,6,6.0,4557
8.97706073264535,1,12.0,4952
8.977316280036199,6,7.0,3454
8.977776420566217,9,6.0,1540
8.97787301826103,1,2.0,4953
8.978233640691968,7,1.0,3632
8.978876416122604,6,3.0,4886
8.979001405596858,7,55.0,646
8.980015171606683,7,31.0,3137
8.980077962652276,7,2.0,2665
8.98064150335187,9,7.0,1940
8.980856217943082,7,9.0,2700
8.980899813478276,6,2.0,4446
8.980987325550974,6,5.0,3635
8.981000324911765,6,43.0,4535
8.981085601200016,6,3.0,4834
8.981629286079341,6,3.0,4711
8.98168063668311,6,6.0,3861
8.982413678683539,6,2.0,2310
8.982520568990319,6,1.0,1925
8.982968655887179,1,2.0,4954
8.983578474447958,1,2.0,4955
8.984431031251537,8,52.0,2266
8.984638995863946,9,8.0,1130
8.985185922856303,6,8.0,4794
8.985418255916109,7,2.0,1403
8.985617762054428,7,6.0,3045
8.985651608046062,6,3.0,3923
8.986347058584386,8,6.0,3328
8.986410882768169,6,5.0,2489
8.986445207908286,7,13.0,3178
8.9868801734574,1,2.0,4956
8.987194369387016,6,6.0,4909
8.987544860711573,7,1.0,3283
8.987716358053637,7,14.0,2071
8.98799403796982,9,59.0,1332
8.988267217956656,1,9.0,4957
8.98884958292386,1,1.0,4958
8.990020819926313,6,1.0,4921
8.990081386857604,1,2.0,4959
8.990135788345013,7,9.0,1983
8.99035110004278,6,5.0,3660
8.990400137014896,6,8.0,4257
8.990498154116377,7,2.0,2766
8.990594735546788,1,1.0,4960
8.9906315711623,6,42.0,4573
8.99087788587798,6,2.0,4343
8.991032616739306,1,2.0,4961
8.9911320097006,6,37.0,3803
8.991625634957986,1,3.0,4962
8.991895139382148,6,2.0,3847
8.992396532110583,1,3.0,4963
8.993057902377249,6,5.0,4162
8.993353727895993,1,1.0,4964
8.993440872314915,1,7.0,4965
8.993577372467204,6,1.0,3022
8.993704648216482,1,10.0,4966
8.994183414500444,9,6.0,2733
8.994203339318341,1,2.0,4967
8.994270043607097,1,1.0,4968
8.99454953941153,8,4.0,1292
8.994775534291474,7,5.0,1712
8.995045623785863,7,5.0,1765
8.99515786645571,1,3.0,4969
8.996611630196835,1,5.0,4970
8.997583939380554,7,42.0,2573
8.998893072604917,6,3.0,2357
8.998917726003496,6,1.0,2620
8.999358389323296,1,10.0,4971
8.99953787637386,1,4.0,4972
8.99956225472163,6,3.0,4944
8.999578569480498,1,29.0,4973
8.999819159916155,9,8.0,3028
9.000106710096247,18,,0
9.000158169295005,101,2.0,4974
9.000475755538949,6,3.0,3853
9.000708091454408,7,6.0,2024
9.000757790423721,6,51.0,3218
9.000868835453074,1,6.0,4975
9.001060006061492,7,1.0,1210
9.001532930952619,1,3.0,4976
9.001730519413803,8,10.0,4206
9.00194642806004,1,4.0,4977
9.002996206028326,7,2.0,3194
9.003284704103898,9,4.0,1857
9.003472697067817,1,25.0,4978
9.003621715391148,7,6.0,1040
9.003922249178787,6,4.0,4078
9.003938680448172,6,5.0,3089
9.004125774814332,8,20.0,310
9.00456147215759,7,24.0,195
9.004693201260125,7,6.0,4057
9.004753222508128,9,1.0,167
9.005329712233062,7,2.0,3980
9.005660987150701,1,12.0,4979
9.005785228705722,7,44.0,1582
9.005872990994677,1,2.0,4980
9.005924107176774,7,9.0,3797
9.006625072301429,6,11.0,3929
9.006670434847322,6,14.0,4517
9.007029301565932,1,7.0,4981
9.007278360998436,1,9.0,4982
9.007306301675511,18,,0
9.007468903035466,101,5.0,4983
9.007774529428168,1,1.0,4984
9.007827449426726,1,4.0,4985
9.008018084274413,1,2.0,4986
9.00827836829091,6,2.0,3709
9.009208875966694,7,32.0,928
9.009220999029782,1,6.0,4987
9.009804438403249,1,1.0,4988
9.00998764883265,7,6.0,3851
9.010602927689705,7,41.0,1745
9.01116590508695,1,3.0,4989
9.011515429361081,7,28.0,1398
9.01277327492363,9,45.0,2516
9.012858944201957,7,11.0,3494
9.013255771154046,9,11.0,1688
9.013287581337156,7,3.0,2938
9.013893221705562,8,19.0,4436
9.013960101275591,6,8.0,3241
9.014769340721662,1,2.0,4990
9.01486199927747,1,2.0,4991
9.014945134200737,7,4.0,2962
9.015376199139096,8,3.0,3121
9.015498040692146,6,2.0,2616
9.015605588429883,18,,0
9.01565939591451,6,5.0,3406
9.015729461490702,101,2.0,4992
9.016057356357438,7,3.0,3329
9.016057356357438,16,3.0,3329
9.016673895166162,6,1.0,3122
9.017575584912448,6,5.0,4712
9.017613874242539,6,5.0,4883
9.017694171711717,1,24.0,4993
9.017713154514563,1,4.0,4994
9.017764624275586,8,2.0,4974
9.01776889319872,6,1.0,4247
9.01822570759485,6,4.0,4695
9.0188342540779,6,4.0,4618
9.019009252462224,8,2.0,3889
9.019257289369946,6,4.0,3413
9.01927789896704,6,1.0,4444
9.019492559611024,7,37.0,616
9.020029697310271,7,40.0,1926
9.020094416392757,6,6.0,4639
9.020435403595933,1,1.0,4995
9.020622899305083,6,2.0,4689
9.020851346807655,1,59.0,4996
9.020893573435723,7,2.0,3654
9.02132303944464,18,,0
9.021904629961789,6,3.0,3686
9.021978469981583,7,1.0,1623
9.02201171701395,6,2.0,2524
9.022152595806325,101,6.0,4997
9.02232747436227,8,1.0,1102
9.022531768758702,18,,0
9.022788721752166,101,2.0,4998
9.023555702142351,7,6.0,3788
9.023650629538722,18,,0
9.023685910998621,101,14.0,4999
9.024038560637898,9,7.0,3204
9.024309642398952,6,2.0,4940
9.025326500432051,6,6.0,3749
9.02559466827595,7,16.0,1346
9.026898879913185,6,12.0,4305
9.027412713293298,7,10.0,2407
9.027485642453168,6,7.0,3548
9.027658741572992,1,13.0,5000
9.027691975244034,1,8.0,5001
9.027814228503862,1,4.0,5002
9.028128549548105,7,55.0,2857
9.028504870425685,6,5.0,3117
9.028565347703474,9,35.0,3899
9.02875617892117,1,5.0,5003
9.028949705812616,7,5.0,3903
9.029644527636957,7,4.0,3083
9.029650847963225,1,21.0,5004
9.03021336648084,6,9.0,4788
9.030444197788594,7,32.0,1696
9.03056884857346,7,9.0,4046
9.030603831017718,7,7.0,1291
9.030865225877237,8,2.0,3770
9.03097874484046,6,1.0,4278
9.031192348087401,6,3.0,3822
9.031825907656343,1,6.0,5005
9.032255037342592,1,4.0,5006
9.032433010493467,1,1.0,5007
9.032476291733609,6,5.0,4762
9.032572394022242,7,34.0,1180
9.03357831997913,2,18.0,5008
9.033675833815296,18,,0
9.03368172348241,101,60.0,5009
9.034064753026925,1,5.0,5010
9.034337911972177,1,39.0,5011
9.034441599968,18,,0
9.034474984703596,101,2.0,5012
9.034480394896443,7,2.0,3008
9.03489558499168,1,5.0,5013
9.035208083620088,7,4.0,2703
9.035337609385174,1,10.0,5014
9.035435377704225,1,5.0,5015
9.0355466068212,1,29.0,5016
9.03846319086151,1,1.0,5017
9.038569869250397,1,10.0,5018
9.03878787846187,7,12.0,2574
9.03918537731737,7,5.0,536
9.039206599537573,7,4.0,2452
9.039563633556885,7,1.0,2563
9.039841077305937,6,2.0,4105
9.039913604606959,7,6.0,2775
9.040070689799455,8,33.0,1789
9.040482181551406,6,3.0,3781
9.040847976584338,9,1.0,1632
9.04101964037245,7,21.0,289
9.041402838288544,18,,0
9.041452210087083,101,3.0,5019
9.041502880811617,1,43.0,5020
9.041667459900939,1,3.0,5021
9.041700078968953,7,37.0,1134
9.042219767897203,6,9.0,1323
9.04235425037336,7,4.0,2979
9.042374670630933,7,57.0,1406
9.042812855475042,6,2.0,4387
9.0429688276555,7,41.0,2405
9.043122192826376,18,,0
9.043231530377499,101,1.0,5022
9.043284433668706,1,5.0,5023
9.043390323980343,1,1.0,5024
9.043396158376904,1,3.0,5025
9.043398084613479,7,1.0,3266
9.044043294680717,8,14.0,3453
9.044200382339223,18,,0
9.044317707577669,101,3.0,5026
9.044547130603927,1,4.0,5027
9.045225546337068,7,1.0,3832
9.045263127216128,18,,0
9.045406086060789,101,2.0,5028
9.045702534375797,7,1.0,3664
9.046261951279083,1,3.0,5029
9.04657635903031,6,8.0,3539
9.046916259050068,9,24.0,1476
9.048060370799949,7,60.0,573
9.048140852526716,18,,0
9.048282459768956,101,1.0,5030
9.048664055873536,9,11.0,1722
9.049163098234839,6,1.0,4467
9.049204200846686,1,2.0,5031
9.049609388941235,6,3.0,4962
9.049941043488266,18,,0
9.049945254332224,102,3.0,5032
9.050155649545717,8,40.0,2929
9.05040375895609,6,5.0,4922
9.050971051124206,7,3.0,3339
9.051991137555206,1,5.0,5033
9.052213297749354,7,26.0,3371
9.05239268263493,7,9.0,1313
9.05242101865173,9,1.0,3771
9.052686996564159,6,3.0,4747
9.053342738390068,6,3.0,3860
9.053409932495141,1,2.0,5034
9.053436968424784,1,29.0,5035
9.053507438104818,1,25.0,5036
9.053639102838254,1,2.0,5037
9.054155168793114,7,55.0,284
9.054165221261096,6,1.0,4801
9.054328101724526,6,2.0,2538
9.054872193745219,7,13.0,2285
9.055269358459318,9,5.0,1373
9.055679674656014,1,3.0,5038
9.0561731485104,6,2.0,2540
9.056197791293243,7,2.0,2659
9.056586482269624,6,5.0,4322
9.056659139953364,1,4.0,5039
9.057383318439415,8,19.0,2146
9.057384266462217,7,1.0,1387
9.057533379848238,6,52.0,3191
9.057715687311106,1,4.0,5040
9.057733056810083,9,7.0,2727
9.057733056810083,16,7.0,2727
9.058867913650694,6,9.0,4915
9.05924592479514,6,4.0,4779
9.059391042944883,9,2.0,3185
9.060174508523659,3,56.0,5041
9.060803506176995,8,1.0,4147
9.06120141555803,6,1.0,4151
9.061664952470887,6,27.0,4550
9.061708040497539,6,2.0,4601
9.061825257269355,1,5.0,5042
9.06198759821918,6,22.0,4722
9.062333127837872,1,1.0,5043
9.06247526514783,1,3.0,5044
9.062764273376684,7,3.0,2381
9.062885603895912,1,7.0,5045
9.063165421664417,6,5.0,4513
9.063817983247487,7,4.0,2108
9.064192314564036,6,5.0,4003
9.064398481356362,1,3.0,5046
9.064675120443486,7,16.0,3334
9.064769018970294,7,10.0,2544
9.064948041918958,1,4.0,5047
9.064981972561512,1,2.0,5048
9.065109302237826,1,1.0,5049
9.065172348026566,1,2.0,5050
9.065401465066147,8,4.0,3934
9.06626208553912,1,4.0,5051
9.066923880590217,7,1.0,3148
9.067311226836141,6,4.0,4811
9.06798419698541,9,2.0,2742
9.068864162282289,16,6.0,325
9.069549066659919,1,28.0,5052
9.069604236854104,6,2.0,3563
9.06970553801187,1,19.0,5053
9.069737394753068,1,44.0,5054
9.070285780071982,7,5.0,2386
9.070615968151614,7,2.0,3071
9.071715099262573,6,2.0,4699
9.072214676179065,7,15.0,1964
9.072768390539327,1,1.0,5055
9.072802291230458,6,1.0,4143
9.073236051443644,8,7.0,2133
9.073278227939431,6,7.0,4760
9.073897341896892,6,9.0,4806
9.07401247150582,7,3.0,3492
9.074127489550357,9,5.0,3873
9.074861240119283,7,13.0,796
9.07494036520885,9,1.0,1416
9.075024021301417,7,48.0,1112
9.075295045978521,6,2.0,4927
9.075666196274723,9,2.0,2095
9.076527300087832,7,6.0,2505
9.07678537425188,1,3.0,5056
9.076945264133098,6,26.0,2888
9.077031869225614,1,7.0,5057
9.077191550151444,9,5.0,2365
9.077419753472377,7,30.0,2673
9.078423333883354,7,2.0,627
9.07876250184158,1,3.0,5058
9.078928727635066,9,2.0,2459
9.0791077369169,1,30.0,5059
9.07943923121623,6,1.0,2846
9.080445094991616,1,3.0,5060
9.080508317794422,1,1.0,5061
9.08054373146087,7,2.0,3470
9.080715970175604,1,3.0,5062
9.080738056240582,6,4.0,4977
9.081080262400324,6,4.0,4878
9.08154988921372,7,2.0,1662
9.081956757948888,1,6.0,5063
9.082424813280987,1,5.0,5064
9.0824718304121,8,6.0,3714
9.082785323184511,1,1.0,5065
9.082838078559401,6,6.0,4489
9.082935824539849,9,1.0,3098
9.083283598287261,7,1.0,1183
9.083368465256259,6,3.0,4963
9.08416418299209,1,9.0,5066
9.084275459368538,6,20.0,4196
9.08532423618776,9,4.0,981
9.08536429750898,7,1.0,2578
9.085476313557663,6,1.0,4293
9.085548509257677,9,33.0,2335
9.085797790762218,6,10.0,1792
9.085952540805941,7,23.0,2705
9.086191363730503,1,46.0,5067
9.086258562855027,1,6.0,5068
9.086385142259935,7,1.0,651
9.086702949227254,1,5.0,5069
9.086859982123421,8,9.0,3182
9.087819070102928,8,2.0,4595
9.08803711851101,6,1.0,4331
9.088282753004384,1,4.0,5070
9.088450285552598,7,1.0,3290
9.088524188656514,6,1.0,4968
9.088587364437933,7,3.0,3063
9.089395057680463,1,5.0,5071
9.089430923530713,6,9.0,3811
9.089504625448996,6,3.0,4379
9.089711279014084,1,3.0,5072
9.089899991032691,7,23.0,2206
9.090627941734134,6,2.0,3255
9.09071205142509,7,32.0,1293
9.090797833272179,6,2.0,4780
9.091281148950351,1,2.0,5073
9.091617016488541,7,3.0,3069
9.091928245943283,7,60.0,862
9.091964201267112,6,2.0,2843
9.092874155535869,6,1.0,4586
9.092896931149435,1,1.0,5074
9.09337918570828,1,5.0,5075
9.093841476819941,1,1.0,5076
9.094722633654076,7,41.0,1475
9.09488379430789,7,5.0,2369
9.095300701022177,1,10.0,5077
9.09557844444621,1,4.0,5078
9.095620208543522,6,2.0,4363
9.095799501176531,1,8.0,5079
9.095939743606397,1,3.0,5080
9.09656391656696,1,2.0,5081
9.09684801318722,6,3.0,4441
9.098133305329648,8,47.0,3596
9.098250828186497,1,1.0,5082
9.099203958896231,6,4.0,4625
9.100012645640922,6,5.0,5010
9.100470781509532,7,13.0,2314
9.100766417827204,6,39.0,3225
9.100922612600467,6,27.0,4163
9.101092955660057,1,3.0,5083
9.102337266578207,1,1.0,5084
9.102561327743249,1,2.0,5085
9.102800303157823,7,50.0,2915
9.10386323126263,7,32.0,1497
9.105141065021444,6,5.0,4469
9.105584935713217,1,2.0,5086
9.106044784888514,1,4.0,5087
9.106321754118303,6,3.0,4161
9.106518086838685,6,1.0,5061
9.106594883954822,7,10.0,3819
9.10671793677383,7,3.0,2442
9.107006901725862,1,1.0,5088
9.107761497546095,1,4.0,5089
9.10785816178579,1,6.0,5090
9.108144707470261,6,2.0,4772
9.10955562928319,7,1.0,705
9.10979301059339,6,5.0,3335
9.110043750319823,7,1.0,2816
9.110100346882337,1,6.0,5091
9.110310800017077,6,36.0,3994
9.112883041496854,1,2.0,5092
9.113623405794298,6,4.0,4894
9.113624074193694,1,2.0,5093
9.113769169098134,1,8.0,5094
9.114068174600641,7,19.0,2379
9.114893489235762,8,7.0,2824
9.115010509094637,1,5.0,5095
9.115180726047162,1,3.0,5096
9.115925931205144,9,6.0,3268
9.115996188499471,7,9.0,1603
9.116136961996872,1,17.0,5097
9.116184193611064,7,2.0,3261
9.116294032651837,1,3.0,5098
9.116691215323746,8,6.0,1578
9.117529013892055,1,14.0,5099
9.117637797880695,7,40.0,1199
9.11773885142517,1,3.0,5100
9.11813236376372,1,2.0,5101
9.118505870321167,7,12.0,1079
9.11899154111906,7,2.0,1442
9.121452703946652,7,40.0,2355
9.12177499207595,6,2.0,4693
9.12215075789656,1,1.0,5102
9.122894353732885,7,5.0,2184
9.122898488726795,9,6.0,815
9.123511567734882,6,5.0,4770
9.123826229596864,1,3.0,5103
9.124022365541403,7,7.0,588
9.1245375758957,7,13.0,3336
9.124619091044037,7,8.0,1863
9.12465866438271,6,5.0,3479
9.125016403884024,6,1.0,3489
9.125260032892884,6,5.0,5033
9.12571578145671,6,44.0,4285
9.12583812144655,6,5.0,4498
9.12635900413885,6,10.0,4777
9.12702938791333,9,47.0,1129
9.127534620475707,1,6.0,5104
9.127649915451682,7,2.0,2622
9.128063953895863,6,2.0,5048
9.128542780357066,7,3.0,2640
9.128546931714423,6,1.0,2691
9.128816712579983,6,20.0,4297
9.129133078896823,9,20.0,3216
9.12915616114953,6,5.0,3950
9.129660700384242,7,5.0,3237
9.129718997418083,9,2.0,2922
9.130014895865104,6,15.0,4870
9.130674602078248,1,1.0,5105
9.130688358318858,1,7.0,5106
9.130975835004875,1,4.0,5107
9.130984826961724,7,2.0,2130
9.131197594579577,8,2.0,4992
9.131517197343097,6,44.0,2980
9.131730316619688,1,22.0,5108
9.131876793041167,8,3.0,5032
9.132069266740412,3,38.0,5109
9.132101783731956,7,2.0,3920
9.132154758282168,1,5.0,5110
9.132696547707296,7,15.0,3253
9.133042019194187,7,30.0,2865
9.133278681650433,6,3.0,5098
9.133351513728428,7,3.0,2222
9.13345262795617,1,3.0,5111
9.133909847457652,6,16.0,4142
9.133996426733553,9,6.0,1335
9.134122474411363,7,55.0,1105
9.135136583335338,9,2.0,3889
9.13549191440985,1,1.0,5112
9.13623136355876,1,17.0,5113
9.137527185287125,8,6.0,3742
9.137527477613558,7,34.0,2458
9.137535173216147,1,3.0,5114
9.137689596404059,1,4.0,5115
9.138110787588122,8,8.0,3186
9.138262455887913,7,52.0,1446
9.13844304774977,7,9.0,2557
9.13854960782201,6,31.0,2782
9.138670916646388,7,3.0,2786
9.139364227587771,6,1.0,2999
9.139525576779057,7,1.0,2687
9.139629627879675,6,3.0,4879
9.140072286542534,7,23.0,2512
9.140144223827807,7,59.0,3910
9.140294940525216,1,2.0,5116
9.14039068884669,6,32.0,4156
9.140573926379192,7,46.0,2724
9.140895599561533,1,3.0,5117
9.141405333786956,1,3.0,5118
9.142304866607205,1,3.0,5119
9.14351314976662,7,4.0,4025
9.143563595455246,6,30.0,4083
9.143636159542405,1,1.0,5120
9.143706107553028,8,41.0,4672
9.143820327839032,1,2.0,5121
9.144243093461379,1,18.0,5122
9.144420527911327,1,5.0,5123
9.144949307440791,6,42.0,3837
9.145024250571169,1,5.0,5124
9.145323176813712,7,9.0,1599
9.145353405352141,2,10.0,5125
9.145499592526457,7,2.0,888
9.145690444576282,7,12.0,1659
9.145803393543744,7,26.0,2019
9.145842029869687,6,24.0,4993
9.14656032132634,2,3.0,5126
9.146986830336662,7,4.0,2243
9.14721452207099,1,10.0,5127
9.147772995511989,6,40.0,4502
9.148237299506357,7,27.0,1641
9.148405615155237,7,13.0,1842
9.148436630464039,1,8.0,5128
9.148464255095995,7,4.0,1246
9.150595645071226,1,1.0,5129
9.151097746629477,6,1.0,5024
9.151202415406686,1,10.0,5130
9.151820624952128,6,17.0,4328
9.151937936957392,6,50.0,752
9.152126257324358,6,8.0,2881
9.152523707681844,1,7.0,5131
9.152616504067193,7,1.0,2494
9.152844437480079,8,3.0,2160
9.152997670349357,6,4.0,3457
9.153000100319101,6,60.0,1974
9.153203110160009,1,8.0,5132
9.153569071560264,6,6.0,4367
9.153840898820626,1,4.0,5133
9.153879633429026,6,58.0,4139
9.153933846448203,1,1.0,5134
9.154143507652346,7,2.0,3067
9.154654277405315,7,1.0,1478
9.154995907662773,1,4.0,5135
9.1550789020132,6,8.0,4383
9.155808726135406,1,5.0,5136
9.15658518217304,6,2.0,4955
9.15659598250531,7,8.0,3075
9.157025657412971,8,4.0,3130
9.157026352920246,6,4.0,5107
9.157544097007987,6,34.0,4075
9.157844062336375,6,8.0,4321
9.159018503520318,1,26.0,5137
9.159188023908657,6,19.0,4474
9.159345389560764,1,2.0,5138
9.159379449952159,8,2.0,3475
9.159828449345612,7,8.0,745
9.16070613046561,8,1.0,2453
9.161029817878521,1,1.0,5139
9.161073826367367,6,3.0,850
9.161172739791612,1,2.0,5140
9.16130279397866,6,3.0,4116
9.161753853582832,6,1.0,4465
9.161769578062241,6,3.0,4067
9.16261526956291,6,1.0,4930
9.163577693864681,9,1.0,602
9.163609419783123,6,1.0,4688
9.164716200406035,6,13.0,4201
9.16478413154847,6,14.0,4629
9.16573884086382,1,3.0,5141
9.166333278918591,7,1.0,4209
9.166612443313683,1,2.0,5142
9.166618669908113,6,5.0,4820
9.166642314158976,7,3.0,2998
9.166718952900121,6,12.0,3594
9.166773974346546,1,1.0,5143
9.166846008565757,6,1.0,4822
9.166853551794887,6,1.0,3424
9.167390542939678,6,3.0,4797
9.167721227987148,6,2.0,3522
9.167977428397878,6,4.0,3541
9.168830680153293,1,4.0,5144
9.168873502259173,6,8.0,4707
9.168886810563642,1,6.0,5145
9.169180249530873,1,3.0,5146
9.169273322247257,6,46.0,2093
9.16928449434417,6,8.0,1471
9.16983120928265,7,44.0,2957
9.16992188756727,7,2.0,1743
9.17007820196617,6,6.0,3423
9.170525985164923,6,3.0,4936
9.170553563280924,8,10.0,2404
9.17064766644535,8,3.0,3352
9.170846518464845,6,3.0,4129
9.171111093547205,6,1.0,3979
9.171334754617595,1,9.0,5147
9.171840551676771,1,1.0,5148
9.171934051859534,1,11.0,5149
9.172133061813208,6,6.0,4610
9.172803596336804,6,16.0,4732
9.173203295501132,7,42.0,804
9.173453009490562,6,13.0,4050
9.173671946855556,7,2.0,2244
9.173687477835037,7,2.0,597
9.173862098110297,1,34.0,5150
9.174059971705448,8,4.0,2374
9.175174195935934,7,2.0,3320
9.176085105625326,7,30.0,2951
9.17650613786918,7,14.0,2646
9.176680374210699,6,4.0,3187
9.177400112240894,7,12.0,2884
9.17786681900817,7,50.0,2918
9.17805689608078,9,11.0,3360
9.178409047727431,7,3.0,1751
9.17889456733028,7,2.0,2214
9.178943054414097,6,52.0,4680
9.17909713845399,6,2.0,4510
9.179310531830664,6,2.0,3568
9.179532495675932,1,10.0,5151
9.179747260662573,1,4.0,5152
9.17977370577447,7,4.0,3995
9.180238457238273,7,8.0,1927
9.180589971529269,1,2.0,5153
9.180760035300555,1,1.0,5154
9.181000364638967,6,3.0,5062
9.181005913270896,7,49.0,3042
9.181435114969075,7,47.0,241
9.181529377651872,1,6.0,5155
9.182263390392364,8,4.0,1532
9.182613953732828,1,2.0,5156
9.183140334918996,8,3.0,2033
9.183199786390166,8,2.0,2674
9.183431113482314,6,54.0,3674
9.183682721476348,6,2.0,5081
9.184401246828909,8,6.0,979
9.18470367021642,7,1.0,2118
9.18525684099871,1,1.0,5157
9.185294826336092,7,1.0,2509
9.185358123843068,7,2.0,3324
9.185395443820902,1,12.0,5158
9.185907061921217,6,2.0,4210
9.185997286214445,6,30.0,4703
9.186564234190126,6,35.0,1469
9.187155461487022,7,8.0,2388
9.187364909225458,1,1.0,5159
9.187466697862954,7,38.0,2001
9.187593946726222,6,8.0,4519
9.18798857742358,7,27.0,2417
9.188692514002105,8,10.0,3076
9.189120020940377,6,2.0,5086
9.189252128672669,6,2.0,4895
9.190655348686203,7,30.0,2169
9.190812201225773,1,11.0,5160
9.191335304662324,1,4.0,5161
9.191361156560927,9,1.0,2139
9.191670358721485,7,41.0,2823
9.191670358721485,16,41.0,2823
9.19198544348401,1,22.0,5162
9.19216489298295,8,48.0,2923
9.19236409253491,6,9.0,4271
9.192589343949884,6,5.0,4771
9.193299456722977,6,1.0,4964
9.19338376816922,6,1.0,5007
9.193792316803332,6,5.0,5123
9.194792053227117,7,13.0,1837
9.195036889379342,6,41.0,1573
9.195124864173707,1,1.0,5163
9.195634849366186,6,2.0,4658
9.195775601802861,6,6.0,2474
9.19619009524629,1,2.0,5164
9.196361195718586,7,6.0,2419
9.196466261144234,7,2.0,2866
9.196818037432015,7,3.0,3582
9.196966985820321,1,1.0,5165
9.197387700714714,1,34.0,5166
9.197701963206471,1,1.0,5167
9.19790518944679,16,1.0,1236
9.198568346891621,1,2.0,5168
9.198812406430667,1,5.0,5169
9.199402245439773,8,5.0,3728
9.199588856285812,7,6.0,969
9.199642692307421,6,7.0,1909
9.199671770486564,6,23.0,2020
9.19967443286386,1,3.0,5170
9.20082617084536,1,1.0,5171
9.201113027085482,6,4.0,2837
9.2011747098897,1,53.0,5172
9.201403855974704,1,6.0,5173
9.201777657046534,6,9.0,5147
9.202152940678026,1,2.0,5174
9.202297356346488,7,1.0,2211
9.202546274083822,9,8.0,1820
9.203161676081537,6,2.0,3698
9.203251175999911,7,9.0,1562
9.203301017984424,7,6.0,1347
9.203506640499041,8,55.0,3408
9.203793086863419,2,27.0,5175
9.204404201113922,6,2.0,4472
9.204548570917423,1,1.0,5176
9.204552248093819,8,55.0,3050
9.205793308454766,6,51.0,4876
9.205862088761654,1,3.0,5177
9.206365119937509,6,16.0,3713
9.206782686455062,1,6.0,5178
9.207438520802175,1,3.0,5179
9.207501569370624,1,2.0,5180
9.207764798088938,7,5.0,3177
9.20835292448395,7,2.0,2257
9.208691221424056,1,9.0,5181
9.208949494519779,7,28.0,1320
9.209093280667885,8,2.0,3926
9.209517149794408,1,5.0,5182
9.209834867236331,7,51.0,2156
9.2104668644126,9,10.0,3110
9.210699999781474,1,10.0,5183
9.210849784950843,7,42.0,3009
9.211301219333397,7,6.0,1800
9.211385148600947,9,15.0,836
9.211541999559307,6,13.0,5000
9.21261847003789,6,22.0,2368
9.213045610750699,1,2.0,5184
9.21311236692814,7,8.0,1554
9.21329262221775,6,5.0,4663
9.21389913542814,1,1.0,5185
9.214261876076604,7,4.0,1404
9.215148321556258,6,6.0,4192
9.2153492958165,2,38.0,5186
9.215475557124465,1,15.0,5187
9.215485849566637,8,25.0,2200
9.216163992708012,1,5.0,5188
9.217333730217259,7,13.0,565
9.217333730217259,16,13.0,565
9.21746167032641,6,2.0,3315
9.21764886738789,1,4.0,5189
9.218420971607234,6,2.0,4749
9.218491277263924,1,2.0,5190
9.219085395615265,6,7.0,4219
9.219154788075276,7,53.0,947
9.21927552460116,1,1.0,5191
9.219848805022718,6,7.0,4819
9.220113942075027,8,5.0,1621
9.221007898025139,1,2.0,5192
9.221227620200489,9,5.0,2462
9.221707753162034,6,2.0,4754
9.221993782660524,9,20.0,1691
9.222029606084355,6,2.0,5101
9.222087686871722,9,7.0,2261
9.222720432014158,6,5.0,4861
9.222823230639897,9,2.0,3427
9.223650644019425,7,3.0,1694
9.223693251992877,9,6.0,2186
9.22383982538306,8,2.0,3727
9.224284587329329,1,5.0,5193
9.224351215563559,7,2.0,1790
9.225038836426005,7,1.0,352
9.225209269596075,7,4.0,2543
9.225536944826665,7,1.0,722
9.22555594172189,1,37.0,5194
9.225715170507218,1,1.0,5195
9.225844813272381,7,43.0,2795
9.225925282250987,6,1.0,5088
9.225969714765045,7,1.0,3644
9.226436444382287,1,8.0,5196
9.226582499078436,11,52.0,3043
9.226740433466077,1,12.0,5197
9.227107938741865,6,6.0,2341
9.227335718872366,1,1.0,5198
9.227464296726367,7,1.0,2726
9.22769207274207,1,23.0,5199
9.227768418422222,7,34.0,2104
9.227768418422222,16,34.0,2104
9.228456430204314,9,18.0,1172
9.228821342435605,6,5.0,3294
9.228827452221855,6,9.0,1339
9.228831941062039,6,1.0,5159
9.229082127219042,7,2.0,2533
9.229123200176591,7,60.0,3132
9.229300704702334,1,12.0,5200
9.22941401482409,6,1.0,3087
9.229741050354388,6,1.0,5167
9.229915272341971,1,12.0,5201
9.230506227391942,6,1.0,4900
9.230520369441138,6,26.0,3806
9.230607503133802,8,14.0,4599
9.230926360164679,7,27.0,1814
9.231177493848032,1,1.0,5202
9.231688698960626,1,1.0,5203
9.231775293290807,1,2.0,5204
9.231965417330171,1,1.0,5205
9.232016472992681,7,9.0,3052
9.232162644065577,6,29.0,5016
9.232273327878808,8,12.0,3881
9.232353236800288,7,49.0,1086
9.232636619779234,1,7.0,5206
9.233265303280936,6,6.0,3435
9.233606687941716,7,6.0,3005
9.234090528313915,1,2.0,5207
9.23409572222584,7,46.0,2586
9.23495355968149,1,8.0,5208
9.235102371703963,6,42.0,3024
9.235527375619945,6,1.0,4180
9.235780939340115,6,26.0,5137
9.236054933204167,7,25.0,1923
9.236482940104688,9,22.0,1395
9.236598569642899,7,2.0,3292
9.236717742687295,1,20.0,5209
9.236920240122402,7,38.0,319
9.237214060392914,7,3.0,2603
9.237641812205451,9,35.0,2738
9.23791294460935,9,42.0,2110
9.238209048814193,6,1.0,5120
9.238288178861886,6,5.0,4038
9.238867854802987,7,12.0,2658
9.239106951710001,1,2.0,5210
9.239205878192353,7,50.0,1083
9.239574315334638,7,58.0,2461
9.24024374556542,8,1.0,3707
9.240393039615702,6,2.0,2848
9.240798045776764,6,16.0,4856
9.24206398462781,1,8.0,5211
9.24253369306963,6,15.0,5187
9.242619207084552,8,4.0,4001
9.242783420591195,9,4.0,4001
9.24321898108,6,36.0,4659
9.243566589497233,6,2.0,5093
9.243741598437282,6,3.0,4976
9.243980539779244,7,28.0,2635
9.244069303825869,6,2.0,4867
9.244754025462779,11,48.0,3173
9.244855281862966,1,5.0,5212
9.244903994765314,2,2.0,5213
9.245238114492134,6,2.0,5085
9.245408105840117,9,48.0,70
9.246871697482474,1,6.0,5214
9.246910985408423,8,3.0,850
9.248365018221326,9,1.0,1741
9.248502857624391,6,3.0,4299
9.24886037705912,1,4.0,5215
9.248911529866604,1,8.0,5216
9.248915319920917,1,2.0,5217
9.250005686070109,6,12.0,5197
9.250137831185715,6,8.0,4726
9.250306365652516,6,6.0,4813
9.250341684543463,1,5.0,5218
9.250361135885408,6,5.0,4945
9.25038262846645,7,55.0,2048
9.251071902087832,6,56.0,1458
9.251285382007378,1,2.0,5219
9.252049004848653,1,2.0,5220
9.25227936053426,6,22.0,2410
9.252285510158316,9,6.0,3289
9.252924097641337,6,14.0,4653
9.252937911105857,1,4.0,5221
9.253942447887333,1,3.0,5222
9.253993299667341,7,9.0,1672
9.254510115857983,2,3.0,5223
9.255303996367582,6,4.0,3659
9.255674946080086,9,1.0,3877
9.25667972269587,6,2.0,5153
9.256680326238367,6,6.0,4338
9.256825127932546,7,2.0,3455
9.25693053083791,7,45.0,1934
9.257254457123835,8,4.0,3300
9.257804406022327,7,2.0,2246
9.257992378973354,6,2.0,4710
9.258094484480347,1,3.0,5224
9.258110959822586,8,1.0,2620
9.258223038117771,7,1.0,3463
9.25840631571638,6,13.0,2082
9.258646181926668,6,24.0,2773
9.25869357119925,6,7.0,4941
9.258808895282048,7,5.0,1609
9.258870914312082,6,2.0,3756
9.259527256357725,1,3.0,5225
9.260106344086395,7,22.0,1269
9.260229614407717,7,6.0,2870
9.260959252009549,9,28.0,2644
9.261261217569249,6,2.0,4375
9.26145083344713,6,6.0,3921
9.262164227906206,8,3.0,3923
9.263453972570513,6,1.0,4814
9.26412942158163,7,43.0,543
9.264902491349932,6,2.0,5031
9.265192018486097,7,3.0,2982
9.265262172840334,9,27.0,1304
9.265286101613334,6,2.0,4371
9.265703770981201,6,8.0,4272
9.26593518755916,8,11.0,3353
9.266008746370746,10,36.0,4910
9.26602271465555,1,3.0,5226
9.26636339564631,7,2.0,1802
9.266550408121406,8,2.0,2755
9.266719431716472,1,5.0,5227
9.2677339967815,1,4.0,5228
9.267882281039398,10,56.0,5041
9.268218506277284,9,3.0,2160
9.268549471480092,1,5.0,5229
9.26909299593081,1,5.0,5230
9.270084598018078,1,6.0,5231
9.270099652335984,1,3.0,5232
9.270195743710337,7,47.0,2499
9.270857754408622,6,3.0,4844
9.271147857872336,6,6.0,3446
9.271168051431612,7,43.0,2842
9.271328196581708,1,10.0,5233
9.272405852963896,7,5.0,3794
9.272442207382285,7,5.0,3212
9.272505693101783,6,1.0,3595
9.273101227300211,1,6.0,5234
9.274247408941202,6,1.0,5191
9.274674436255914,1,2.0,5235
9.274825336897761,1,3.0,5236
9.27487114733565,1,19.0,5237
9.274971910330237,1,2.0,5238
9.275363171352772,6,3.0,5224
9.275635336422614,1,46.0,5239
9.275638016164413,6,45.0,3790
9.275872146088313,1,1.0,5240
9.275970538743412,7,55.0,466
9.276108722741634,9,41.0,2759
9.27638038899528,6,14.0,4799
9.276380763204179,6,4.0,5087
9.276509997740142,6,20.0,5209
9.27801791330456,6,9.0,4558
9.278073167428847,7,58.0,3673
9.278471730429343,7,4.0,2022
9.278729968358249,6,1.0,2023
9.278770972990202,9,7.0,2016
9.278826307568481,7,1.0,2840
9.279097971558032,7,24.0,3346
9.279346925456156,1,5.0,5241
9.27979362293721,7,4.0,2210
9.279998150334269,9,36.0,1318
9.28022104346703,6,4.0,5221
9.280847454750605,1,47.0,5242
9.281149147757521,6,55.0,3086
9.281547096069204,6,21.0,5004
9.281761038857038,6,6.0,4869
9.282010117529731,6,6.0,2249
9.282540782366327,7,2.0,2491
9.282984634482476,7,7.0,2919
9.283305175948518,7,5.0,3484
9.28414504935863,1,13.0,5243
9.284399694633048,1,34.0,5244
9.28468088692139,1,2.0,5245
9.285515798694181,7,13.0,527
9.285671708728925,6,4.0,3571
9.285749054477119,1,5.0,5246
9.286036780698215,8,47.0,2391
9.286487226761377,7,43.0,582
9.286690194011857,7,36.0,1753
9.28694212446915,7,6.0,4551
9.28718927565224,1,5.0,5247
9.287452765904966,1,14.0,5248
9.287578876737523,7,4.0,2752
9.2883102687402,6,12.0,4979
9.288727283542224,6,11.0,4158
9.288797639730532,7,39.0,3824
9.288823966465522,6,54.0,2399
9.289205797946625,7,2.0,2307
9.289332903494593,6,3.0,5029
9.2896869498644,1,5.0,5249
9.289746075585594,6,14.0,4185
9.289967891399495,7,29.0,391
9.289987453971058,1,1.0,5250
9.289988686296182,1,1.0,5251
9.290133712406908,6,5.0,3943
9.290228985184568,6,1.0,4868
9.290292445530842,6,3.0,4598
9.29043007657163,1,2.0,5252
9.290708005477175,7,5.0,1501
9.290861465818779,1,5.0,5253
9.29155073621475,8,13.0,4201
9.29171186498261,7,31.0,2829
9.292240906938297,9,46.0,2449
9.292626466021808,7,2.0,2946
9.29282437651742,6,4.0,3911
9.29331738941784,7,45.0,2536
9.293527240151809,9,1.0,3270
9.293964508098714,1,2.0,5254
9.294917475406551,1,2.0,5255
9.295053172775297,1,5.0,5256
9.29557949631532,7,8.0,1392
9.295591217852392,7,40.0,4533
9.295865822248725,7,3.0,1953
9.295901052420703,6,5.0,5230
9.297212431307974,6,7.0,3976
9.297450918666225,6,4.0,4748
9.298546645015321,6,7.0,2830
9.29948569366475,1,3.0,5257
9.29953278314567,6,49.0,3684
9.29976674667631,7,2.0,3650
9.299829848160329,1,8.0,5258
9.30002001349527,7,57.0,3081
9.300143865998608,8,9.0,3811
9.300483116463912,6,4.0,3721
9.300522348161351,6,35.0,3784
9.301328914052979,1,6.0,5259
9.301369066734894,1,2.0,5260
9.301459529071767,1,5.0,5261
9.30165593812565,7,8.0,1805
9.301735784002682,6,1.0,4373
9.301958741710335,6,5.0,4593
9.302192057429501,6,6.0,3668
9.302511141728399,6,3.0,2087
9.302992315053327,7,20.0,790
9.30316482056736,7,12.0,3099
9.3033456011913,7,14.0,1189
9.303745882096424,6,5.0,4334
9.303859784470584,6,6.0,4091
9.304356077200582,6,2.0,4047
9.304441909874102,7,24.0,3306
9.30472851618314,6,6.0,4100
9.30487030878286,6,5.0,4685
9.304930813076744,9,19.0,2146
9.304980237343385,8,1.0,3404
9.305406075913062,7,23.0,3813
9.305941493706747,1,6.0,5262
9.30637106862168,7,2.0,1077
9.306716913828982,6,11.0,5160
9.306866276257539,1,25.0,5263
9.307086042361693,7,3.0,3080
9.307154913302213,1,2.0,5264
9.307643868971393,6,4.0,3617
9.308044001975036,7,5.0,2101
9.308187763245192,9,1.0,3256
9.308244413575368,7,11.0,2177
9.308646006505708,6,54.0,3493
9.308757431670383,1,2.0,5265
9.309801691979446,1,3.0,5266
9.310231220840521,7,57.0,4636
9.310411344083246,6,10.0,3257
9.310522609277493,6,2.0,4872
9.310816993638227,7,3.0,2370
9.311100444374683,6,8.0,4836
9.311255236839045,7,3.0,3587
9.311264605684533,7,4.0,3697
9.311541627333556,1,4.0,5267
9.312619610029559,9,60.0,2259
9.312637872170633,6,3.0,5119
9.314324638546427,1,24.0,5268
9.31432690062022,6,3.0,3410
9.314625573121182,1,1.0,5269
9.315328846490857,7,34.0,2058
9.315328846490857,16,34.0,2058
9.31582568594867,1,2.0,5270
9.316052416294779,7,5.0,2008
9.316172934258805,6,4.0,4914
9.317110353820459,9,3.0,2052
9.317136971412866,8,9.0,4069
9.317660744981382,6,20.0,4556
9.317862081868494,6,2.0,4887
9.318256456812277,8,1.0,5159
9.318511307939675,6,4.0,4268
9.318580883268616,7,14.0,1556
9.318641105152878,7,15.0,1028
9.318810934553188,7,7.0,2528
9.318821212198422,1,1.0,5271
9.318941487715355,7,1.0,879
9.319076002918328,7,6.0,2219
9.319098766229427,1,25.0,5272
9.319816549499075,6,2.0,3601
9.319849901639662,1,13.0,5273
9.319987983798327,1,17.0,5274
9.320056547277742,6,1.0,4678
9.320233702594718,7,46.0,2912
9.320249925572355,7,2.0,2744
9.320466457567681,6,3.0,5179
9.321654502026234,9,21.0,2853
9.321768915833335,6,1.0,3978
9.322156685887137,6,3.0,4708
9.322393301016412,1,2.0,5275
9.322750944144161,6,2.0,4961
9.324177610149036,7,8.0,2197
9.324187328926918,1,11.0,5276
9.32517504604101,1,5.0,5277
9.325699018038462,6,4.0,4335
9.326336375679565,7,3.0,1436
9.32641580109084,7,4.0,2906
9.327071975498846,9,1.0,1635
9.327672001349143,7,51.0,2366
9.327978148059703,1,52.0,5278
9.328117044756382,7,7.0,1633
9.328165784767979,6,25.0,4933
9.328444442186548,8,11.0,2344
9.328694162776083,1,3.0,5279
9.328897451030606,7,2.0,4480
9.329956201554555,1,6.0,5280
9.330096992344622,1,3.0,5281
9.33015206747966,6,2.0,2656
9.33026325134922,1,5.0,5282
9.331054815806185,6,1.0,5055
9.331859043746022,7,2.0,2852
9.332216024597,1,2.0,5283
9.332576181895986,1,7.0,5284
9.333251222961108,8,47.0,3919
9.333422070633024,7,9.0,971
9.333536322693767,1,20.0,5285
9.333656994178556,6,38.0,4008
9.334569960279003,6,3.0,3564
9.33484783190714,7,53.0,2297
9.334905858577592,7,2.0,1617
9.334950863673958,6,1.0,4737
9.335197811350374,2,15.0,5286
9.335232815096665,1,9.0,5287
9.335525643081505,6,1.0,4673
9.335627678309367,6,1.0,5112
9.335881530751099,6,12.0,4874
9.336368573176763,6,43.0,579
9.336994906040195,6,1.0,4324
9.3386669059724,6,43.0,1147
9.339148335018546,7,18.0,1367
9.339171619879625,9,4.0,844
9.339489340497558,1,10.0,5288
9.339699083545964,7,4.0,2418
9.339832818979868,6,45.0,2034
9.33995582810975,8,4.0,3617
9.341167801762754,1,2.0,5289
9.341834180813384,1,3.0,5290
9.3422286216918,6,10.0,4294
9.342282418196909,6,2.0,3195
9.342319050092192,1,9.0,5291
9.342475362738112,8,9.0,1656
9.34271090942048,6,2.0,4647
9.342818969316367,6,5.0,4408
9.343123709284864,7,4.0,2519
9.34330210713319,1,1.0,5292
9.34378088408208,8,54.0,4423
9.343995486996096,9,25.0,2643
9.344160244271887,6,2.0,4949
9.344166522318663,7,1.0,3817
9.34421603169924,6,2.0,4709
9.344608950352445,8,31.0,3197
9.344663314247404,6,4.0,3301
9.344671137244804,1,7.0,5293
9.344744062980691,7,43.0,3751
9.344996740651972,6,4.0,4455
9.345156553009074,1,3.0,5294
9.345191238512495,6,9.0,5066
9.34625524581947,1,15.0,5295
9.346278708873983,6,3.0,4692
9.346433734617158,6,1.0,5105
9.346707621107505,6,9.0,4264
9.34673278607081,6,5.0,4802
9.346935540776482,7,3.0,3239
9.347733558054394,8,2.0,3222
9.347855785838814,6,3.0,5080
9.347926413848077,1,5.0,5296
9.347927052738536,7,4.0,1583
9.348848849335313,6,1.0,4312
9.349166934771612,7,60.0,935
9.34959942218859,7,33.0,2402
9.349894872991678,7,2.0,1118
9.350950371549539,6,3.0,4764
9.350964249997588,7,27.0,2262
9.351185458755516,1,2.0,5297
9.351213851183385,6,9.0,3030
9.351570694611317,8,1.0,2924
9.352452177070028,6,7.0,5106
9.352504920776138,1,6.0,5298
9.352566378086209,8,55.0,3010
9.352677526081653,8,5.0,4157
9.353030444558257,7,2.0,3658
9.353534812124728,1,3.0,5299
9.353555554873314,7,5.0,2808
9.354030477722777,1,2.0,5300
9.35461071445571,1,6.0,5301
9.35488761308902,7,1.0,3526
9.355039332945083,6,1.0,2666
9.355712010359168,7,3.0,2611
9.356937195932707,7,52.0,685
9.357241762090348,16,4.0,2521
9.357756257607997,6,19.0,4719
9.357781492562811,1,2.0,5302
9.358381056732838,1,4.0,5303
9.35854920736628,7,38.0,3810
9.358576588573056,6,22.0,5162
9.359327977297017,9,59.0,1084
9.359346635932118,1,3.0,5304
9.35949451111196,6,2.0,4706
9.35973737660215,7,2.0,3144
9.36020976943606,1,1.0,5305
9.360317484726297,7,33.0,2085
9.361057643787847,7,57.0,2144
9.361511852586075,1,17.0,5306
9.362184524666626,8,16.0,4176
9.362214265443589,1,5.0,5307
9.362383523573975,1,3.0,5308
9.36243845257683,1,6.0,5309
9.362510179313654,6,2.0,4953
9.362635341708282,1,3.0,5310
9.362752136748187,7,9.0,2394
9.362894123210113,7,60.0,2239
9.362938285597089,9,18.0,2433
9.36329862956015,1,10.0,5311
9.363646235882207,6,2.0,3850
9.3636584188366,7,41.0,1746
9.36378386714633,9,2.0,1464
9.363816909416101,6,6.0,5091
9.363827212840118,9,6.0,2121
9.36386986313748,6,5.0,3779
9.364123748072364,1,5.0,5312
9.364366527163064,1,5.0,5313
9.364816413108056,7,3.0,4153
9.364845135666174,6,4.0,5228
9.36514371406523,6,11.0,4796
9.36515224983118,9,43.0,1252
9.366113061447738,7,6.0,2507
9.36667517694668,1,2.0,5314
9.366800403999608,1,6.0,5315
9.366803844729256,6,5.0,2956
9.367150871949553,9,2.0,1955
9.367467216547839,1,3.0,5316
9.367853896823556,1,3.0,5317
9.368067859301457,6,1.0,5129
9.36822631543367,1,1.0,5318
9.368238992005699,1,2.0,5319
9.368303414974594,6,7.0,3909
9.368399531849317,6,5.0,3093
9.368566924728949,6,9.0,4265
9.368955264070923,1,2.0,5320
9.369131529162853,6,32.0,4817
9.369647311766636,6,2.0,5320
9.369754274680838,6,2.0,3381
9.370217403183132,1,11.0,5321
9.370390075670219,7,1.0,3391
9.371161339746864,6,8.0,5208
9.371754420587775,8,9.0,2576
9.371925090308132,6,29.0,4973
9.372640314327043,1,3.0,5322
9.372715225716288,7,2.0,1941
9.373635090941505,1,2.0,5323
9.373938300675206,7,4.0,2794
9.374051096072701,6,1.0,1251
9.37411410596226,7,47.0,2984
9.374915115720153,1,5.0,5324
9.375050196716597,8,34.0,4545
9.375218973777569,8,1.0,4921
9.375563292130513,8,3.0,3630
9.375819355400882,1,3.0,5325
9.376580829788844,7,12.0,2601
9.376806088226997,7,19.0,2844
9.37687265810979,7,1.0,2625
9.376967377542666,1,12.0,5326
9.377110005596052,1,3.0,5327
9.377146589009419,6,2.0,4950
9.377237491879264,1,3.0,5328
9.377666367925169,1,6.0,5329
9.378220952540506,6,10.0,4552
9.378689938719981,7,4.0,1850
9.37877494237352,6,36.0,1527
9.379073648743388,1,3.0,5330
9.3794528976017,9,1.0,2740
9.379540497879836,7,10.0,3570
9.379898385053943,7,14.0,2805
9.380211050731797,6,4.0,4735
9.380295043779565,1,3.0,5331
9.380546270027828,7,5.0,988
9.380751404232647,6,9.0,4459
9.380770149877169,1,2.0,5332
9.380910195086829,6,3.0,5060
9.381911014241409,9,10.0,2404
9.382299355908726,6,2.0,5245
9.382582453077157,1,2.0,5333
9.382689762363865,6,6.0,4926
9.383404754617601,1,13.0,5334
9.383711065806459,8,2.0,4207
9.383714948948793,8,1.0,3593
9.384065520901316,7,3.0,1931
9.384152770503512,1,1.0,5335
9.384199562274476,8,22.0,3869
9.384302685579444,6,3.0,4236
9.384601229457322,9,2.0,2268
9.384612315209237,7,34.0,1637
9.384703538927871,8,1.0,3927
9.385666447014346,6,2.0,5319
9.385845044027011,6,2.0,5116
9.386404627260827,8,3.0,3580
9.387039014457235,8,33.0,3205
9.38731563987133,1,1.0,5336
9.38749587613035,1,7.0,5337
9.387978355138074,6,3.0,4529
9.38849983059754,8,2.0,3332
9.388704369619319,1,5.0,5338
9.388936072029432,7,39.0,2111
9.389364109831408,7,3.0,1796
9.389408898725126,6,4.0,5115
9.38947915518814,6,2.0,5192
9.390160186427712,6,1.0,4592
9.390169715242617,1,2.0,5339
9.390473295637777,1,4.0,5340
9.39071879269347,1,6.0,5341
9.391019838448651,6,1.0,5065
9.391078822369694,6,3.0,5304
9.391232249620696,6,1.0,4109
9.39132266553703,7,25.0,2690
9.39140805018002,6,2.0,3692
9.391427223933164,9,2.0,451
9.391623535660306,6,12.0,2393
9.391651910755247,9,1.0,2508
9.39187561154987,7,33.0,3642
9.39218286576622,7,3.0,4093
9.392188608190084,8,49.0,2699
9.392284460967787,7,5.0,678
9.39235262597299,1,5.0,5342
9.39293347329184,1,3.0,5343
9.393055418268014,9,6.0,3328
9.39309691942309,7,6.0,3848
9.393695063440495,7,12.0,4080
9.393793472974151,1,8.0,5344
9.394052866183396,7,2.0,4063
9.394505671118234,8,1.0,4109
9.394786531069787,7,7.0,4377
9.395249195523574,8,25.0,2869
9.395687430598002,6,1.0,4033
9.39640540526475,7,3.0,3385
9.396974466057916,9,6.0,2429
9.397211728718258,9,31.0,1984
9.397229748534016,6,3.0,5308
9.397436957932918,1,1.0,5345
9.397985445531297,8,1.0,4247
9.398328228998167,6,2.0,5297
9.39940435767039,1,1.0,5346
9.39942621691852,7,1.0,1264
9.399595863060725,9,11.0,3353
9.39961496932614,6,8.0,4698
9.40008198157215,7,8.0,3942
9.400604951644496,7,56.0,1705
9.401509467875094,6,10.0,5125
9.40197651158553,6,2.0,4756
9.402108078204162,7,27.0,1543
9.402145800588734,7,41.0,2895
9.402233006758271,7,1.0,2446
9.402781636610714,1,1.0,5347
9.403105627486744,7,58.0,432
9.403330251366828,6,7.0,4899
9.403548486408422,1,19.0,5348
9.403660364039322,1,2.0,5349
9.403987121027884,7,3.0,142
9.404310947685829,6,1.0,3855
9.404469752305163,1,5.0,5350
9.40450843126777,7,2.0,3960
9.405025318385135,6,3.0,3783
9.405574348493762,1,1.0,5351
9.405742961661169,6,2.0,4283
9.405798000758663,7,1.0,3561
9.406058878236367,8,5.0,4513
9.40647782903019,1,1.0,5352
9.406502341676065,8,1.0,3675
9.407340326588049,6,1.0,2380
9.407626265958172,7,7.0,2988
9.408898500425405,7,5.0,4248
9.40901258831781,6,5.0,5193
9.4090335383448,1,1.0,5353
9.409486190230588,7,3.0,3051
9.409923623596427,6,1.0,4286
9.410453481314102,6,8.0,4891
9.410676147709921,7,1.0,2172
9.410819279940958,1,7.0,5354
9.411122603856626,9,4.0,3300
9.411535443789607,1,1.0,5355
9.411631634494155,7,3.0,1357
9.411664499368896,6,20.0,3620
9.41177960938878,6,34.0,3219
9.411836927827679,1,5.0,5356
9.41187747888444,6,8.0,4846
9.412264679163332,1,6.0,5357
9.412725381901726,7,2.0,2046
9.413470836966466,1,7.0,5358
9.413870714208937,7,1.0,2887
9.413870714208937,16,1.0,2887
9.4139709306519,7,30.0,1094
9.414132644789596,8,24.0,3056
9.414368294580706,7,24.0,3018
9.414420663907023,6,30.0,4452
9.4144403731177,6,3.0,5279
9.414866424989345,7,22.0,3245
9.415113418472176,9,5.0,2713
9.415622991561976,8,59.0,2815
9.41572720833053,7,4.0,448
9.416078851306754,6,2.0,3973
9.416488296279427,6,4.0,5040
9.417331000406714,1,6.0,5359
9.417512645929618,7,34.0,1988
9.417532402306573,7,30.0,1854
9.418209596935307,1,1.0,5360
9.418218952490237,8,7.0,4899
9.418663114353107,6,9.0,4913
9.418703561476919,1,16.0,5361
9.419010189829764,1,5.0,5362
9.419515375490626,6,4.0,3472
9.419839153318811,7,6.0,2760
9.420337623956426,7,2.0,3845
9.420390957659407,9,2.0,2252
9.421358917136534,1,17.0,5363
9.422520479043719,9,5.0,4006
9.42319393687532,1,17.0,5364
9.423251296458316,7,7.0,3857
9.423672616091547,6,4.0,4932
9.424303474420162,7,1.0,3745
9.42452851349362,7,17.0,491
9.42452851349362,16,17.0,491
9.424788610922594,2,29.0,5365
9.42481737062159,9,2.0,3370
9.425561204691181,6,3.0,4866
9.425644156677116,7,56.0,1952
9.426308228159517,7,48.0,1473
9.426859582561002,1,3.0,5366
9.42723127856341,6,3.0,3937
9.427279873782535,6,3.0,5025
9.427589527225763,16,7.0,259
9.427894327449117,7,56.0,3286
9.427985736692754,9,11.0,818
9.428175815208556,6,5.0,5261
9.428883373349883,6,2.0,4450
9.42898159288522,7,48.0,3607
9.429800857839583,6,49.0,2092
9.430417779168092,7,6.0,3070
9.430463663313597,6,5.0,5182
9.430906983508116,7,44.0,3732
9.431059434191313,7,4.0,4826
9.431074274111195,1,1.0,5367
9.431383182502547,6,2.0,4274
9.4318644847333,7,15.0,1492
9.431921770825685,7,44.0,2148
9.431924344574329,8,4.0,5221
9.43210253687008,1,2.0,5368
9.432238275830713,1,5.0,5369
9.432344479056962,2,1.0,5370
9.432977078139809,6,8.0,3863
9.433167629422535,6,3.0,4877
9.43323670981646,1,7.0,5371
9.43330663133185,6,4.0,5340
9.433468653008184,7,11.0,3215
9.433910079991062,1,7.0,5372
9.434321981770907,6,1.0,4671
9.43458986694609,1,10.0,5373
9.435677543307731,6,2.0,4893
9.43585847305982,7,3.0,2485
9.436393882132812,1,17.0,5374
9.4364525396122,6,6.0,4503
9.436631630100743,7,13.0,1681
9.436856513460864,6,10.0,5373
9.43698178361975,8,22.0,1673
9.437790648167292,6,13.0,4805
9.437854978310309,8,3.0,3653
9.43835594706069,9,2.0,3102
9.439735474451782,6,4.0,4062
9.439956493117574,7,47.0,3035
9.440114245695558,8,6.0,4336
9.440204299364998,1,2.0,5375
9.440229100849377,1,1.0,5376
9.440565325887787,9,2.0,2692
9.440722322175333,1,2.0,5377
9.442109541913126,1,1.0,5378
9.442698450128395,1,2.0,5379
9.4429076998223,6,56.0,4646
9.443274217893691,6,3.0,4831
9.443289739344806,6,2.0,3778
9.443502834238384,6,3.0,5096
9.444071873591552,1,2.0,5380
9.444856846908198,1,13.0,5381
9.445018682738041,1,4.0,5382
9.445216269949547,7,5.0,1340
9.445422690329321,6,19.0,4098
9.445431440427274,7,1.0,2358
9.445470578268255,1,1.0,5383
9.445820536886451,9,1.0,3409
9.446218828267483,9,4.0,2463
9.446236354972765,1,8.0,5384
9.446758739152456,8,7.0,4226
9.44715464525204,7,3.0,3700
9.44720271596515,7,1.0,940
9.447336998158606,1,4.0,5385
9.447799276461526,6,10.0,5288
9.448369021129231,6,10.0,5151
9.448657373748446,6,1.0,2511
9.449044018739134,7,4.0,3431
9.44917582524231,6,1.0,5143
9.449407509621537,8,8.0,2271
9.449413599459417,6,3.0,1607
9.449453489339593,6,2.0,3002
9.449720547780252,7,55.0,2423
9.44982697816326,1,6.0,5386
9.450028462547612,8,22.0,3496
9.450142922846531,6,5.0,4704
9.45018130385104,9,25.0,2813
9.45028040215062,6,6.0,4406
9.450384318825147,6,1.0,4451
9.450838111961854,7,4.0,2158
9.450934530612676,6,4.0,4347
9.450965639806174,1,1.0,5387
9.451095861409486,1,3.0,5388
9.451481460948923,1,3.0,5389
9.451499554528194,7,5.0,1954
9.451729624020807,1,1.0,5390
9.451899461247528,9,1.0,2072
9.452450722756117,9,44.0,1853
9.453118242799285,7,11.0,2195
9.453367089369609,1,6.0,5391
9.453460111232534,9,46.0,1087
9.453885825317599,6,1.0,4743
9.453975027996394,9,40.0,2929
9.454631156900541,6,1.0,4863
9.45482876531069,6,5.0,4562
9.454869715271558,6,10.0,3313
9.45493941342936,1,6.0,5392
9.45516223375105,8,1.0,3629
9.45516414498104,6,7.0,2028
9.455191807528402,7,35.0,3656
9.455417400223174,7,4.0,2859
9.455909626818103,6,4.0,4372
9.455970532484784,7,4.0,3530
9.45697629916957,6,17.0,5113
9.457098238311938,6,21.0,4477
9.457566453600462,1,1.0,5393
9.457840537979802,7,4.0,4178
9.45793068924627,7,10.0,2841
9.458150746370606,7,34.0,1063
9.45894820313671,7,1.0,1604
9.458998039547271,6,4.0,5382
9.459064234661536,6,12.0,5200
9.459340086052098,7,3.0,3556
9.459341359414648,7,2.0,2964
9.459758374917623,7,2.0,3498
9.46039871602371,1,2.0,5394
9.460678764481532,6,2.0,4081
9.460709555832969,6,2.0,5260
9.461037997803668,6,2.0,2300
9.46117309305693,6,3.0,4544
9.461332322673035,1,8.0,5395
9.461766089190082,6,2.0,3643
9.461796360870823,8,3.0,2182
9.461919546226527,7,2.0,3354
9.462726794482894,1,1.0,5396
9.463123262620337,6,14.0,4327
9.463565394324295,6,13.0,2671
9.464168602476473,7,14.0,3046
9.464461927087765,9,22.0,3869
9.464467645143074,9,9.0,2650
9.464548182584561,7,5.0,2291
9.464548182584561,16,5.0,2291
9.46498749404897,8,2.0,3036
9.465035071509009,1,2.0,5397
9.46595393814872,6,6.0,4916
9.466761476601144,1,5.0,5398
9.467214239468323,6,11.0,4172
9.467406393635397,6,2.0,2330
9.46822985743874,1,22.0,5399
9.46838647032928,9,1.0,2838
9.469072693841962,7,4.0,3430
9.469494631840696,1,1.0,5400
9.470306204407004,6,10.0,3213
9.470345090917546,8,5.0,3961
9.471044409662536,6,3.0,5266
9.471414071003041,7,19.0,1143
9.471910346730333,6,5.0,3291
9.47191595500899,6,5.0,4721
9.471920178012754,6,19.0,4675
9.472098088535136,6,2.0,4396
9.472456616101661,1,3.0,5401
9.47307330576502,6,10.0,3154
9.47338535940251,6,2.0,4656
9.473619278206858,1,1.0,5402
9.473649874054328,1,50.0,5403
9.473929713921201,6,53.0,1482
9.474496719359937,7,2.0,3179
9.474606060827258,6,6.0,5068
9.475344878513248,7,2.0,3405
9.475463781577378,7,1.0,2171
9.475676387324478,6,3.0,4906
9.475792929939661,6,2.0,4186
9.475968655655674,3,48.0,5404
9.476123504965775,7,4.0,3387
9.476322970973493,1,3.0,5405
9.477214161720486,7,53.0,459
9.477226389471056,7,20.0,2672
9.47744102369232,7,44.0,3258
9.477764057072633,7,10.0,3508
9.478129588847722,6,4.0,5089
9.4785976045062,6,39.0,2162
9.478861044695094,1,2.0,5406
9.479628245066374,9,40.0,3003
9.479838157648066,7,54.0,1481
9.479915091042079,7,22.0,3057
9.479939120684989,1,3.0,5407
9.481311244643148,6,1.0,4937
9.481501462529462,1,1.0,5408
9.482065644737546,7,23.0,1875
9.482242982375466,7,43.0,975
9.482416241300143,6,1.0,4795
9.482789719506389,6,46.0,4339
9.483027775570765,6,10.0,4304
9.483255982938545,8,41.0,2871
9.48446868229567,6,11.0,3375
9.484518768121182,6,3.0,4925
9.484736948530697,7,1.0,3676
9.484822561844215,1,7.0,5409
9.485412967829397,7,36.0,2096
9.485853893802593,1,1.0,5410
9.485874416043147,6,4.0,1598
9.486050845817745,7,2.0,2276
9.486595970781007,7,1.0,1042
9.486853505207984,6,1.0,4767
9.486900432224074,1,3.0,5411
9.48699241546102,6,5.0,5042
9.487596094880026,1,8.0,5412
9.488459570401737,6,2.0,1139
9.488638259774836,1,5.0,5413
9.489297974218038,1,8.0,5414
9.489491184062912,6,3.0,4744
9.48990370199521,6,1.0,4839
9.489951702145744,8,1.0,2511
9.490775494734617,6,12.0,4750
9.491579982814478,9,47.0,3919
9.492317498350241,6,10.0,4971
9.492675401974452,7,3.0,3550
9.492743877155556,1,6.0,5415
9.492778168842642,9,4.0,2825
9.493010570606941,2,6.0,5416
9.493170811793693,1,3.0,5417
9.493178810157163,6,4.0,3152
9.493547759322846,1,12.0,5418
9.493639316318756,6,3.0,5388
9.49418638602275,1,5.0,5419
9.494345098384054,8,2.0,4754
9.495051858630534,6,1.0,1424
9.495251797049455,7,1.0,3777
9.495320417547717,1,1.0,5420
9.495385866414473,6,1.0,3382
9.495449825947313,6,3.0,5330
9.49611557082927,6,46.0,1732
9.496912423676276,7,15.0,2035
9.497002781654352,1,1.0,5421
9.4971067711887,9,5.0,145
9.497278514499126,7,2.0,2654
9.497991193085007,1,6.0,5422
9.498076039412464,16,5.0,2263
9.498420454437598,8,4.0,3515
9.49885630073529,1,9.0,5423
9.4991704429014,7,17.0,4328
9.500001465172641,7,5.0,1768
9.500767960078036,8,22.0,5162
9.501434106039062,7,47.0,1287
9.501490519274373,1,27.0,5424
9.502162133149769,9,3.0,1776
9.502330903859114,9,3.0,2975
9.502554923138046,6,3.0,4460
9.502946110748136,1,2.0,5425
9.503158810031795,7,6.0,4489
9.503621062895753,6,3.0,3647
9.503953635160876,6,4.0,4131
9.504022584059953,6,33.0,3532
9.504123391804459,7,12.0,2850
9.504762870267408,1,16.0,5426
9.505683443289762,8,60.0,964
9.505796571942277,6,24.0,4691
9.5061196531063,8,3.0,3460
9.50653206216344,6,2.0,5254
9.50667497674092,8,6.0,4546
9.506697839415816,7,11.0,1679
9.507710263366143,6,3.0,4696
9.508046068254268,9,5.0,3519
9.508425949063636,7,4.0,1971
9.508784257567592,1,5.0,5427
9.509452633073877,1,3.0,5428
9.509945789813102,6,8.0,3133
9.510281968026836,7,12.0,1894
9.51130555723729,6,8.0,5094
9.51238244844204,7,57.0,2026
9.512931577074365,7,3.0,2694
9.513289025708264,1,3.0,5429
9.513400972411391,7,2.0,3652
9.513400972411391,16,2.0,3652
9.51345119997272,1,1.0,5430
9.514348042833499,1,2.0,5431
9.515035912727738,6,2.0,4920
9.515528010185129,7,4.0,3477
9.51572987491048,7,8.0,3055
9.516061350803996,6,6.0,3985
9.516684276012958,7,2.0,3483
9.517495890329974,9,60.0,3902
9.517525307246204,7,6.0,2455
9.517848317003182,7,11.0,2890
9.518156343129121,6,1.0,5336
9.518187626545346,7,36.0,2517
9.518212428313895,7,13.0,3614
9.518455650926084,6,2.0,1265
9.518547950500707,1,21.0,5432
9.518620437548254,1,4.0,5433
9.519161878355817,1,5.0,5434
9.519674496697565,9,14.0,3453
9.520138916294094,8,1.0,4165
9.52021081023215,1,1.0,5435
9.520520692875113,7,10.0,664
9.520770927379361,6,13.0,4943
9.520997655901073,6,20.0,5285
9.521235945998923,1,4.0,5436
9.521478497560615,6,16.0,5361
9.522316068883413,7,5.0,3502
9.522835549880346,1,1.0,5437
9.523240149704685,1,5.0,5438
9.523369862285422,7,19.0,2015
9.523768000053861,1,5.0,5439
9.524184954424664,7,7.0,3389
9.524372414933067,8,3.0,5019
9.524546023390998,7,3.0,3411
9.52494708090497,6,9.0,4713
9.525675262941053,6,7.0,4677
9.526003641645968,1,4.0,5440
9.52601507069863,1,8.0,5441
9.526156703770821,7,15.0,3533
9.526220344329,7,1.0,2454
9.526398097420392,1,5.0,5442
9.526405609296457,7,5.0,2240
9.526669477372737,1,3.0,5443
9.527521611241124,8,2.0,4887
9.527772243464078,7,2.0,4182
9.52934640475176,7,2.0,4344
9.52972934012405,7,1.0,2057
9.53004932759276,7,4.0,3417
9.530440120967615,1,1.0,5444
9.531057728358943,1,1.0,5445
9.531205972532534,6,2.0,4980
9.531327266541295,8,3.0,3991
9.531345344977783,1,2.0,5446
9.531981510393747,3,8.0,5447
9.532220581251481,1,2.0,5448
9.532460027528,1,1.0,5449
9.532991503754161,7,12.0,3058
9.533136842918791,6,1.0,5269
9.533496668498202,1,4.0,5450
9.534274098242992,7,7.0,1370
9.53435099422511,8,11.0,4548
9.534645020873945,1,2.0,5451
9.535020500788391,7,25.0,2559
9.535130673262401,1,2.0,5452
9.535324456967937,6,29.0,5035
9.535618458386606,1,22.0,5453
9.53567928659413,7,6.0,2981
9.536054150224249,7,6.0,2132
9.536166087057914,9,8.0,2271
9.536689705557231,7,5.0,2614
9.537309191406205,3,56.0,5454
9.537554570718898,7,5.0,1876
9.53781783618947,8,2.0,4210
9.5380894963701,7,24.0,2696
9.538190448123737,6,3.0,4429
9.538375384760151,6,5.0,4110
9.538635114200005,1,3.0,5455
9.538718507202804,9,3.0,1030
9.53888455373958,1,7.0,5456
9.53918941392638,1,5.0,5457
9.53952435731239,1,1.0,5458
9.539629558992402,1,7.0,5459
9.539936162240837,7,3.0,4308
9.541659334683347,6,54.0,3739
9.541972781232259,8,5.0,3147
9.542233423922742,7,2.0,3088
9.542309933465024,9,2.0,3770
9.54251628980456,1,2.0,5460
9.542609119306311,6,2.0,5333
9.542619688600965,1,3.0,5461
9.543818260635,8,11.0,4664
9.544325134693993,9,55.0,3129
9.544463014833722,7,2.0,1895
9.544971940232047,6,3.0,4597
9.545228578272887,9,1.0,2924
9.545594889587385,1,1.0,5462
9.545932871576863,9,11.0,2387
9.54594733863532,7,13.0,2992
9.546387978378924,1,6.0,5463
9.546544943872854,6,2.0,3856
9.546672612629168,6,11.0,5321
9.546702770579282,6,12.0,5418
9.547149529925303,1,1.0,5464
9.547895215858663,6,4.0,3640
9.548256290542803,1,33.0,5465
9.548616610460812,7,1.0,1723
9.548879556344037,7,56.0,1810
9.54994492207991,6,5.0,4041
9.550234091106805,1,7.0,5466
9.550241456949198,1,1.0,5467
9.550411220196063,7,7.0,3171
9.550453828140792,1,7.0,5468
9.550499638092543,8,6.0,2287
9.55067040516027,7,15.0,4583
9.550717827829121,6,3.0,5100
9.550836386618363,6,6.0,5090
9.550847520917632,9,55.0,3743
9.550907575404889,1,4.0,5469
9.551094363800859,7,1.0,4435
9.551246897777112,8,1.0,4568
9.55145335860892,1,8.0,5470
9.551937644728515,6,13.0,5243
9.552192926555625,7,30.0,1067
9.552893957819716,6,6.0,3998
9.55305730038126,6,3.0,4832
9.553150468893978,1,1.0,5471
9.554312470387194,8,7.0,3311
9.554376578637244,6,6.0,4454
9.554994297817226,1,2.0,5472
9.555090472507025,7,55.0,2230
9.55542718945982,6,1.0,4291
9.555520675693963,6,33.0,4028
9.555646820166233,7,3.0,3293
9.55604632506234,6,4.0,5133
9.556168702523893,1,4.0,5473
9.556636476360593,7,8.0,3575
9.557849455775589,1,2.0,5474
9.559939982796953,6,4.0,4578
9.5599421479457,7,9.0,3717
9.560314752320458,7,2.0,3990
9.560514728783286,1,7.0,5475
9.561200356969728,6,1.0,4433
9.561792784680406,1,2.0,5476
9.561883048433957,6,2.0,3974
9.562791772375608,6,3.0,4030
9.563123212244333,1,3.0,5477
9.563695602509313,7,15.0,2376
9.563960572936974,7,19.0,2477
9.564282348178555,7,33.0,1620
9.564482336384629,1,12.0,5478
9.56457216858077,6,23.0,5199
9.564671964276164,6,1.0,4935
9.564759338620373,1,3.0,5479
9.56483030548091,1,2.0,5480
9.564836650435588,1,1.0,5481
9.564916062617492,9,2.0,2755
9.565111380870547,7,6.0,3740
9.565322106579945,6,5.0,4252
9.566608517763205,9,22.0,3496
9.566702789129028,6,3.0,3695
9.56693676070461,1,3.0,5482
9.567375427231008,8,5.0,3335
9.567446505906757,1,5.0,5483
9.567702953164982,6,4.0,4267
9.568241251371377,6,33.0,4241
9.568314699914607,8,52.0,3434
9.5690793647326,2,26.0,5484
9.569134676226296,8,2.0,2746
9.569835842571631,9,16.0,1022
9.570025434070487,7,7.0,3344
9.570470531860693,1,14.0,5485
9.570549377689549,1,3.0,5486
9.571079134343444,1,5.0,5487
9.571414499634768,1,3.0,5488
9.571777494430211,6,2.0,4682
9.57182111199568,6,3.0,4666
9.572169460604467,7,36.0,3782
9.572428644618412,8,35.0,1469
9.572746747373206,7,41.0,2106
9.573544360068022,8,51.0,3079
9.57378035495382,6,3.0,4351
9.574168348247172,1,7.0,5489
9.574174916090046,7,1.0,4017
9.57417981219068,3,33.0,5490
9.574905314606685,9,10.0,3076
9.575413728284198,6,52.0,3800
9.575620771129092,1,1.0,5491
9.576172833913297,7,13.0,3906
9.576331336167518,9,7.0,2966
9.576524295216403,6,4.0,5144
9.576801643626581,6,3.0,2911
9.576838456101942,6,7.0,4150
9.577111242988131,6,2.0,5480
9.57732450952258,1,3.0,5492
9.577960584507263,6,42.0,2003
9.578403083295028,6,3.0,2125
9.579073744754023,7,3.0,661
9.579277847126935,7,1.0,3578
9.579471259856742,1,4.0,5493
9.580246270095582,1,4.0,5494
9.580504885331347,6,7.0,3741
9.580723954613726,8,4.0,2170
9.581018346174819,7,10.0,2589
9.581925689426178,6,2.0,5184
9.583005389483676,2,7.0,5495
9.583105582787402,8,3.0,3686
9.58312532085672,7,24.0,3577
9.583182125922082,1,1.0,5496
9.583570111307512,6,4.0,5006
9.584356651468745,8,20.0,5285
9.584390187472987,8,8.0,3133
9.584693724068865,7,6.0,4926
9.584912949743766,7,9.0,3559
9.585072385029518,6,44.0,5054
9.585179485795136,8,2.0,3002
9.585186322927013,1,3.0,5497
9.585605037341262,7,43.0,613
9.585996599081414,9,2.0,3036
9.586017255567192,6,2.0,4035
9.586020152727018,8,6.0,2054
9.586046558904945,6,12.0,4733
9.586815153715676,6,7.0,4397
9.586859138136289,8,2.0,2941
9.587522138667651,7,3.0,2448
9.587848823130637,6,1.0,4995
9.58812593278494,6,2.0,5431
9.588130279539396,1,1.0,5498
9.588333643489777,9,22.0,1673
9.588524300352065,1,2.0,5499
9.588577712579815,8,9.0,3925
9.58881943271858,1,6.0,5500
9.589448842057994,7,4.0,1824
9.590045702854344,6,2.0,3798
9.590069859848422,6,13.0,4303
9.59044830490011,6,5.0,5342
9.590568302572816,1,10.0,5501
9.590609102207388,7,3.0,972
9.590829964620685,6,3.0,5488
9.591919171343301,7,10.0,3509
9.591934808321648,1,14.0,5502
9.593095791312415,1,7.0,5503
9.593521771347987,9,3.0,993
9.593742502938163,1,1.0,5504
9.594075092885646,6,6.0,5234
9.594393223689407,7,1.0,2265
9.594604156420683,7,7.0,2569
9.595079985489766,6,9.0,3113
9.595554542679933,1,6.0,5505
9.5958410314993,6,1.0,4521
9.595903409356662,1,6.0,5506
9.596039647047885,6,5.0,4479
9.596361442480315,1,4.0,5507
9.59640653542255,1,1.0,5508
9.597012415855422,3,14.0,5509
9.597190735883645,9,3.0,3653
9.597532921246266,1,1.0,5510
9.59753853646237,7,1.0,1529
9.597676811765501,6,4.0,3753
9.597845014723788,7,19.0,707
9.598069619532597,6,1.0,4453
9.59824435150233,7,14.0,4288
9.598284445930359,7,5.0,5033
9.59832225483797,1,1.0,5511
9.598674066047375,7,29.0,3378
9.599557403750415,6,1.0,5430
9.599713302556635,6,4.0,3611
9.599826876501169,8,6.0,4367
9.599952277782355,9,1.0,3769
9.600186708782928,7,9.0,2977
9.600186708782928,16,9.0,2977
9.600428247538668,1,4.0,5512
9.600964844229791,7,3.0,4603
9.602089876765772,7,23.0,771
9.60218132152214,8,2.0,3563
9.602385963115971,7,8.0,1729
9.602514168923175,6,3.0,5281
9.602902857668525,1,10.0,5513
9.603501145533588,6,2.0,5138
9.603666707355579,6,1.0,3663
9.603980805531084,1,2.0,5514
9.604150916275552,7,1.0,4437
9.60477756040675,1,6.0,5515
9.60486568727004,7,8.0,1260
9.605051468281605,1,5.0,5516
9.605104857683596,1,3.0,5517
9.605718566712088,7,3.0,2675
9.605728667083445,1,2.0,5518
9.605867539814518,6,7.0,2814
9.605990547064762,8,12.0,1382
9.606261441318171,7,37.0,2236
9.606313187387968,7,33.0,1600
9.606356028544772,6,3.0,5021
9.606819701479825,7,3.0,4362
9.606875287527394,8,34.0,2359
9.608199634699254,7,3.0,2721
9.60894313356152,6,4.0,3566
9.609679527196654,8,1.0,2495
9.609994430442788,7,1.0,3679
9.610330324442277,7,6.0,2969
9.6103906366637,6,2.0,2420
9.610398734320402,1,1.0,5519
9.611062463846176,7,11.0,4194
9.611326622215302,7,8.0,2136
9.612026565419557,1,6.0,5520
9.61211891222871,7,11.0,2996
9.613221771488888,11,31.0,3004
9.613937361088576,6,56.0,4641
9.614003836817977,6,2.0,4486
9.614087883699284,1,5.0,5521
9.614128753827101,1,31.0,5522
9.614574527376536,8,2.0,2284
9.614919912761772,6,2.0,4149
9.61492130281906,9,58.0,1568
9.61500935877613,7,39.0,689
9.615046864636005,1,7.0,5523
9.615573336432218,7,6.0,1862
9.615610407335405,7,5.0,2715
9.61570482719868,2,3.0,5524
9.61588836527952,2,11.0,5525
9.616088063976697,7,4.0,3274
9.61629701326025,8,3.0,5026
9.61698144328857,7,8.0,1295
9.617980927615134,1,5.0,5526
9.617989854499617,7,17.0,2712
9.618563938745325,7,5.0,3670
9.619107471179673,9,1.0,3924
9.619206195251143,6,3.0,3277
9.619917106713352,9,3.0,2033
9.619930182886604,1,4.0,5527
9.620097057869701,7,1.0,1282
9.620459986820487,6,6.0,4829
9.620544978436095,1,1.0,5528
9.62056905957261,1,6.0,5529
9.620607667692738,1,5.0,5530
9.620843217545112,2,14.0,5531
9.62089736808218,6,2.0,3139
9.620931260343855,6,17.0,5364
9.621661106486748,6,24.0,3094
9.621753635632286,1,6.0,5532
9.621845367393004,7,1.0,2541
9.621887336731195,7,3.0,3104
9.622571542327782,9,44.0,1425
9.623336335542756,7,3.0,3229
9.625201779190022,7,12.0,2007
9.625902244988314,7,9.0,2450
9.627100965778439,7,7.0,3827
9.628823494425328,7,11.0,3637
9.629056289455095,7,11.0,4392
9.62985528737477,6,46.0,4582
9.6299324751488,6,1.0,4463
9.630719883068116,6,25.0,5263
9.630955778860052,7,5.0,3733
9.631392475173621,1,7.0,5533
9.631558938985027,8,4.0,4811
9.631775787023598,9,5.0,4157
9.632882254744606,9,51.0,2765
9.632920135368309,9,5.0,2467
9.633234687254241,6,1.0,4438
9.633411948254288,7,9.0,3962
9.635613463800249,10,33.0,5490
9.636230822524235,1,12.0,5534
9.636475402631733,7,48.0,3272
9.636542690084127,9,40.0,1286
9.63704230531215,7,3.0,1601
9.63719681340031,7,5.0,3699
9.637683959819036,6,2.0,4332
9.638161999823446,8,1.0,2892
9.638559003280095,1,6.0,5535
9.638597016921425,6,3.0,5083
9.638856111556148,6,1.0,5511
9.638924151528528,1,5.0,5536
9.639303810022941,9,48.0,3048
9.639621107877298,8,2.0,1605
9.639664737774975,7,4.0,3366
9.639683267415663,1,5.0,5537
9.640466176114412,8,1.0,1517
9.64185827088223,6,7.0,5523
9.641910377439794,8,40.0,4502
9.642301988639858,7,8.0,1945
9.642385748766088,6,2.0,5142
9.643216863634535,6,1.0,4988
9.643646416102348,6,5.0,5483
9.64375641936072,1,2.0,5538
9.644228421894246,6,6.0,5173
9.644406580339487,7,3.0,3966
9.644424420413138,6,19.0,4425
9.644491258893332,9,6.0,2054
9.644700933629709,2,25.0,5539
9.645492338118501,6,10.0,2476
9.645863724207594,7,5.0,1477
9.646876632361591,6,13.0,4907
9.646954154312803,1,4.0,5540
9.64768620633032,1,11.0,5541
9.648183562925514,6,5.0,3013
9.648407639950236,7,16.0,899
9.649110589807375,6,5.0,4440
9.649825662621925,9,3.0,3007
9.649915205759072,6,2.0,4541
9.649933285588146,1,7.0,5542
9.650007627430728,7,5.0,731
9.650169505004015,6,2.0,2443
9.650186653079377,7,10.0,1243
9.650845398673516,1,3.0,5543
9.651081122584658,6,2.0,4572
9.651278622805707,7,12.0,3599
9.65127963458951,1,5.0,5544
9.651861964300508,6,2.0,5283
9.652141971940216,6,4.0,5215
9.652502100692024,8,3.0,674
9.652598437208875,9,1.0,3593
9.653003360230349,6,3.0,4088
9.6535864592315,6,10.0,5311
9.654369372393308,1,2.0,5545
9.655047475896936,7,35.0,2409
9.655369035377063,6,3.0,5141
9.655580362293271,6,5.0,5241
9.656188168014772,9,15.0,1930
9.656355501817755,6,1.0,3425
9.657043707151677,7,2.0,3192
9.65778641538077,7,3.0,3958
9.658040111589878,1,45.0,5546
9.658290848372168,6,2.0,4627
9.658731098703432,9,59.0,3898
9.65899616615972,9,15.0,1438
9.659071725842045,7,32.0,812
9.659537207435056,6,3.0,5126
9.659567383993801,1,1.0,5547
9.659808684701797,1,16.0,5548
9.66038311115788,6,6.0,5529
9.66050003663472,16,7.0,1361
9.660534100746546,6,16.0,4388
9.661349157834001,1,1.0,5549
9.661517699422632,7,5.0,2049
9.661830044619327,9,1.0,4568
9.662065052533631,6,2.0,5252
9.662498892784098,6,1.0,4576
9.663007415581339,6,7.0,4981
9.663345920881211,7,4.0,4179
9.663373564333597,6,14.0,5485
9.663409554229073,6,5.0,4934
9.663619421316506,6,2.0,4623
9.663779755860856,10,8.0,5447
9.664040364384382,7,1.0,3096
9.664374933934367,8,4.0,3571
9.664571390450797,1,2.0,5550
9.665059803918968,1,6.0,5551
9.665099084995665,6,9.0,3448
9.6659438366597,6,1.0,2987
9.66599049256765,6,1.0,5464
9.6662821255385,8,8.0,1804
9.666485491850757,9,2.0,2242
9.667119683532015,6,7.0,5459
9.667239486824865,6,7.0,5206
9.66760108032141,6,5.0,5023
9.668085728533915,6,1.0,5396
9.668134794140272,7,57.0,883
9.668190029027599,1,3.0,5552
9.668210624427546,7,10.0,4407
9.66855099009007,1,12.0,5553
9.668773827093734,7,2.0,2150
9.668943130044806,6,8.0,3175
9.668998751216716,7,17.0,1510
9.66989287090919,9,7.0,2818
9.669909022346982,7,3.0,3752
9.670299391180253,8,2.0,3969
9.67048149826211,7,42.0,2833
9.670510578604562,8,6.0,3749
9.670610283892334,1,5.0,5554
9.670915449475391,1,7.0,5555
9.670995541276374,1,2.0,5556
9.67125919018864,6,18.0,5122
9.671266133819364,6,5.0,5124
9.671716322201105,6,4.0,4994
9.67230239303073,7,2.0,3105
9.67315236197768,1,1.0,5557
9.673258686258055,6,15.0,3372
9.673810442783891,7,33.0,1998
9.674002701037388,1,4.0,5558
9.674076645863707,1,4.0,5559
9.674379113762203,7,9.0,3263
9.674398531245584,6,7.0,2336
9.6748955374828,7,1.0,1869
9.674936377276955,8,5.0,4660
9.67595594726013,6,7.0,1536
9.676484801426199,6,6.0,4370
9.676673646199102,8,9.0,4184
9.677442837520443,6,2.0,4650
9.677823433609895,1,3.0,5560
9.678031394907338,6,1.0,5435
9.679234509178823,9,16.0,3935
9.679308607206591,6,3.0,4947
9.679313091081289,6,1.0,4230
9.679689069060199,6,7.0,4643
9.679795742044645,8,17.0,4418
9.680244551230844,6,2.0,4738
9.680659066365356,7,29.0,1121
9.681120388692069,6,47.0,4357
9.681159911375323,1,27.0,5561
9.681182979288518,7,3.0,340
9.681292446076831,6,5.0,5071
9.681454646549566,1,1.0,5562
9.681531625711228,7,2.0,1788
9.682033141443032,7,13.0,3507
9.682191880945462,6,5.0,5516
9.68243503857206,1,3.0,5563
9.682468941931372,9,5.0,2320
9.682568641845076,1,8.0,5564
9.682762552895515,6,21.0,1643
9.682851541473745,1,5.0,5565
9.683115244916182,7,8.0,3523
9.683370885860716,9,2.0,3412
9.683370885860716,16,2.0,3412
9.684509091982006,1,1.0,5566
9.684676059328133,6,26.0,2165
9.685106804959995,1,3.0,5567
9.685421929962398,9,27.0,2027
9.685917588913773,6,5.0,5356
9.686468388088514,1,2.0,5568
9.687400497537874,7,17.0,3690
9.68812980740534,6,3.0,4287
9.688184786689344,6,2.0,5514
9.68840201263129,6,3.0,4758
9.688468181508133,6,11.0,3518
9.68923382051015,9,2.0,2234
9.689892026571291,1,17.0,5569
9.68994204600246,6,7.0,5057
9.69061066518165,7,29.0,1516
9.691043197021497,6,7.0,5131
9.691330124773124,1,6.0,5570
9.691341001982368,6,2.0,4504
9.691369748033477,6,1.0,5437
9.691628239574028,6,11.0,4043
9.692170859685245,6,3.0,5524
9.692513080348204,7,3.0,1867
9.692769429339993,6,12.0,5478
9.69338614218398,6,53.0,4612
9.693628347769256,1,3.0,5571
9.694431218372689,6,3.0,4413
9.694481809086712,7,3.0,2238
9.694712493603248,1,4.0,5572
9.694983158579804,6,22.0,5399
9.69516975473961,6,5.0,3471
9.6952871504575,7,49.0,3840
9.695427484328947,9,8.0,1804
9.69550133568549,6,1.0,5335
9.695764562885119,1,1.0,5573
9.696000163587565,1,5.0,5574
9.696372111202063,6,3.0,5567
9.69646614316174,6,10.0,5127
9.697186424925997,6,2.0,5380
9.698303617360198,6,4.0,5385
9.698474403205578,1,4.0,5575
9.699418534401007,7,46.0,3689
9.700122367329985,6,4.0,4697
9.70025232053877,7,58.0,2960
9.700516347272098,6,14.0,5502
9.700594893918995,6,1.0,5360
9.701278020964464,6,3.0,4216
9.701707303712313,1,10.0,5576
9.702015859041778,8,13.0,4019
9.70237822962495,1,2.0,5577
9.702482597513917,6,29.0,3145
9.702519087440045,9,7.0,1750
9.702734149203138,1,3.0,5578
9.702847808782439,9,4.0,3184
9.702983416939073,6,5.0,3167
9.703588445513823,7,3.0,3503
9.704660641479283,8,8.0,3244
9.704803262829593,1,4.0,5579
9.704835271124127,6,2.0,5092
9.705232207916834,1,24.0,5580
9.705743774325736,7,3.0,2498
9.706475175093912,6,2.0,5037
9.706711907764657,7,59.0,2500
9.706739037865908,6,18.0,5008
9.706773727191775,1,3.0,5581
9.707876146528667,6,5.0,5487
9.707943145345745,6,3.0,5443
9.70799189080231,1,6.0,5582
9.708082457581096,6,3.0,4374
9.709631963269308,8,7.0,3115
9.709773208245466,8,9.0,3135
9.709986588590736,1,2.0,5583
9.709990884799836,1,30.0,5584
9.71018181381386,1,5.0,5585
9.710538166588703,6,5.0,5313
9.71088187395059,6,5.0,3307
9.711077121415542,7,8.0,4630
9.71108421736644,7,3.0,3896
9.711146321357118,8,8.0,3997
9.71139140753788,6,37.0,3199
9.711396583611448,1,4.0,5586
9.712364205528853,1,5.0,5587
9.71249169527627,1,1.0,5588
9.712728819036247,7,43.0,4130
9.712958500024007,7,3.0,4976
9.713295890209753,1,16.0,5589
9.713405251463275,6,11.0,4108
9.713690759287067,7,55.0,3972
9.713812544417578,1,4.0,5590
9.714134716071538,1,2.0,5591
9.714513705488526,7,1.0,1898
9.71456331110358,7,3.0,4262
9.71458308441559,1,1.0,5592
9.71484562136248,8,2.0,5431
9.715103306334028,6,17.0,3449
9.71537232784278,6,40.0,4614
9.715589752629382,7,7.0,2324
9.715863048575647,1,1.0,5593
9.716534626221149,9,34.0,2359
9.716535495758206,8,58.0,603
9.71679280608714,1,3.0,5594
9.717492334815546,1,2.0,5595
9.717797471215208,7,12.0,3971
9.717922347897078,1,6.0,5596
9.717962736781551,6,3.0,4512
9.717990377552,7,17.0,3317
9.71854844842592,6,45.0,4417
9.719266769142344,1,3.0,5597
9.719351442881448,1,5.0,5598
9.719430485310836,6,16.0,2943
9.720000303925303,7,36.0,1720
9.720043179639305,1,1.0,5599
9.720076837672355,7,1.0,3240
9.720121565225853,1,3.0,5600
9.721068909387657,8,19.0,3615
9.72113522996239,1,7.0,5601
9.721502264630226,8,10.0,2482
9.722121137867694,7,1.0,2670
9.722234660167485,1,2.0,5602
9.723086584480022,9,16.0,1099
9.723107867470448,6,1.0,4366
9.724571287247018,6,2.0,2965
9.724883119341682,1,11.0,5603
9.725134852273984,6,1.0,5074
9.725606488077512,7,4.0,762
9.725612779508236,6,3.0,4403
9.726158034131132,6,2.0,5406
9.726309910794463,8,3.0,2637
9.726404084416787,6,25.0,4978
9.726898581392563,8,17.0,3449
9.727150409965267,1,6.0,5604
9.72817286326584,6,14.0,5099
9.728270873323853,7,6.0,3702
9.728292265769683,1,8.0,5605
9.728796406921875,6,1.0,5163
9.729189492532285,1,3.0,5606
9.730054848065945,1,1.0,5607
9.730330167594124,1,3.0,5608
9.7309078960195,7,1.0,767
9.731985630860724,7,1.0,1933
9.732031902683852,8,8.0,4519
9.732171098791039,7,3.0,2191
9.732658911515754,1,3.0,5609
9.732843148274679,6,5.0,2767
9.73329410469563,7,6.0,1308
9.733499011966584,6,4.0,5303
9.733578856881936,6,3.0,5482
9.73394154441405,7,3.0,4011
9.734342568096814,6,2.0,4113
9.734779764810307,7,59.0,2270
9.734780886160506,7,2.0,2628
9.734858097716831,7,4.0,3151
9.735006148013452,7,2.0,3568
9.735614012295857,7,3.0,1763
9.736045898192312,9,4.0,2374
9.736334077130826,7,1.0,1161
9.736411422295683,6,12.0,4952
9.736431072745585,6,47.0,5242
9.736508247864126,6,5.0,4606
9.736545445056334,6,6.0,5582
9.737251193711746,8,12.0,3616
9.737316755837075,7,2.0,4381
9.737790247414377,1,7.0,5610
9.73848593054365,7,13.0,2785
9.738802568599288,6,4.0,3059
9.73959903201855,8,3.0,3922
9.740262362061852,6,20.0,4798
9.740287088351748,6,1.0,5528
9.741025717351976,8,4.0,4078
9.741812395130923,7,14.0,4215
9.742237473851898,7,20.0,2729
9.742265133255557,6,4.0,5590
9.742926461419625,6,5.0,5069
9.742937688827393,1,10.0,5611
9.743158687550665,6,4.0,3687
9.743679000572762,8,7.0,1536
9.74369094455022,1,11.0,5612
9.74389334064237,7,41.0,2649
9.744296267979966,8,1.0,4439
9.744363982365643,1,12.0,5613
9.7447568939728,1,1.0,5614
9.744790636538093,1,6.0,5615
9.745355042030013,7,6.0,4104
9.745470930881925,9,16.0,1448
9.745630091496007,6,3.0,2617
9.745659659551029,7,7.0,1879
9.746351771133607,7,2.0,4401
9.746971582462642,6,30.0,4323
9.747215917237662,6,30.0,4120
9.747558927883603,7,2.0,4191
9.747657821810723,1,2.0,5616
9.747669951386856,7,2.0,2624
9.74804970971906,1,1.0,5617
9.748281909875072,8,1.0,4148
9.748981886463168,8,1.0,5435
9.750016716122849,1,1.0,5618
9.750059079639362,7,50.0,1037
9.750059079639362,16,50.0,1037
9.7501607358052,8,4.0,4725
9.750486054409427,6,6.0,3897
9.751112549990228,8,36.0,3560
9.751204616336734,6,6.0,2734
9.751742313053134,1,2.0,5619
9.751766469599012,6,13.0,5273
9.751851530950981,1,3.0,5620
9.75216403088294,6,3.0,5322
9.753021421050144,1,1.0,5621
9.753355337602402,1,7.0,5622
9.75453232320763,6,1.0,5557
9.754647723726702,7,45.0,3442
9.754982054004154,6,8.0,5344
9.755178058280785,6,1.0,5588
9.75540232634664,1,2.0,5623
9.75571635231152,7,24.0,1166
9.755958381522126,6,1.0,3134
9.756104587979008,8,25.0,3108
9.75621893895207,1,5.0,5624
9.756570798330202,6,17.0,5097
9.75704900919751,6,1.0,5498
9.75768289928544,6,4.0,5039
9.757767647347634,7,1.0,2183
9.757985002565276,1,2.0,5625
9.758075945274841,7,2.0,2480
9.758078259028414,1,6.0,5626
9.758157943729968,6,10.0,5501
9.75831597316562,7,14.0,4490
9.758348748185806,6,1.0,4410
9.758720233831983,6,1.0,5292
9.758729888610295,6,3.0,4989
9.759578430815019,1,2.0,5627
9.760375959336878,9,3.0,2597
9.76071982403646,6,3.0,4430
9.760742005698566,8,11.0,4411
9.760880010111174,1,4.0,5628
9.761029228451086,8,3.0,5308
9.761327796659916,1,1.0,5629
9.761433645594476,7,14.0,4015
9.761900598388245,9,8.0,906
9.762057570936415,6,5.0,4853
9.76221050061952,7,44.0,2084
9.76235179156276,7,9.0,3468
9.762479591780203,6,5.0,4912
9.762700635502291,6,5.0,3490
9.762742729953567,6,2.0,5207
9.76286676748638,6,5.0,2710
9.763845243762173,1,5.0,5630
9.763858777513972,8,3.0,2014
9.76400075861476,6,3.0,4260
9.764189334929897,1,11.0,5631
9.764781267492056,1,30.0,5632
9.765029733165072,6,11.0,4781
9.765050965618363,7,6.0,3820
9.765809649930434,7,2.0,1190
9.766054752893865,7,20.0,719
9.766062238517824,7,39.0,532
9.766253675813152,6,2.0,5156
9.766687893353202,1,1.0,5633
9.766753020557116,9,54.0,4423
9.7667958799987,7,8.0,3953
9.766809117306456,1,1.0,5634
9.767112345462447,6,7.0,3439
9.767119061796368,6,3.0,5407
9.767132424627642,1,11.0,5635
9.767139278681661,6,2.0,2621
9.767566971286076,1,1.0,5636
9.768358952815278,7,23.0,1496
9.768884238645139,6,2.0,4986
9.770069187243266,7,3.0,1238
9.770383654415872,6,3.0,4364
9.771822166950624,1,34.0,5637
9.771888609011542,10,39.0,4848
9.772521467474563,7,13.0,2575
9.7727402632414,7,1.0,1906
9.772983807832496,6,1.0,5305
9.773304234213679,7,5.0,4322
9.774305205653206,6,3.0,5317
9.774430315508551,7,1.0,2073
9.774531813486842,1,2.0,5638
9.775291159856133,8,2.0,5514
9.775309012312778,7,7.0,3748
9.775458898469168,7,5.0,3815
9.775633108447634,1,18.0,5639
9.775711066309135,6,1.0,2719
9.777548707589434,7,32.0,658
9.77781301944099,7,13.0,4244
9.77807054687251,6,2.0,5219
9.778105656981886,6,4.0,4352
9.778201947779403,6,1.0,4621
9.778278590817786,7,1.0,3061
9.778366905058132,1,3.0,5640
9.778422214629432,7,3.0,2797
9.778549617316973,8,49.0,3322
9.778865763416944,1,1.0,5641
9.780227517681713,6,2.0,4442
9.780385610387356,7,45.0,3685
9.780473091185305,7,1.0,3488
9.780525684998366,8,2.0,3314
9.780640675584973,7,10.0,2781
9.780937776722809,1,16.0,5642
9.781443557110139,7,2.0,4036
9.782092584367554,2,2.0,5643
9.78282584945976,1,4.0,5644
9.782920639166788,6,2.0,5314
9.783282153865553,8,7.0,3909
9.78383296897886,7,7.0,3655
9.78392605860759,6,5.0,4970
9.784255242984885,9,3.0,3121
9.784461758213576,6,6.0,4235
9.78461778327349,6,34.0,5244
9.7846526009894,6,1.0,2078
9.78467240095257,7,38.0,1823
9.784931212842165,6,15.0,4830
9.78502601008989,8,9.0,3030
9.785111019977682,7,59.0,2788
9.785345129884554,1,2.0,5645
9.785401564405943,1,3.0,5646
9.78571201058208,1,11.0,5647
9.785721992290368,7,20.0,3341
9.786069404950773,6,10.0,5077
9.786107095406507,6,7.0,5533
9.786115019980567,7,3.0,4470
9.786322973508572,1,6.0,5648
9.786369008524412,6,31.0,3878
9.7864249348156,7,2.0,1011
9.786525126143996,6,8.0,5258
9.786710002674978,9,35.0,1469
9.78682674220063,8,34.0,4075
9.78727340558131,6,41.0,4464
9.787732857401558,7,7.0,1224
9.787826511317592,6,2.0,4679
9.78790386573863,1,2.0,5649
9.788613691984505,6,1.0,4984
9.788884302961096,7,51.0,1978
9.789324988223942,7,4.0,3959
9.78938308498909,6,9.0,3621
9.789657448195653,1,3.0,5650
9.789722449182964,6,2.0,5073
9.790002588856773,7,2.0,2338
9.790530068913107,1,6.0,5651
9.790650779288397,6,21.0,3804
9.790666977425646,6,1.0,5176
9.791074960304195,6,5.0,4575
9.791709043599948,6,4.0,3677
9.791858804080464,7,2.0,2542
9.79205375200465,1,1.0,5652
9.793117345194432,7,4.0,3349
9.793615881991618,1,3.0,5653
9.793692811148835,6,8.0,4902
9.794163616537924,7,48.0,4031
9.795721824967409,7,11.0,1709
9.796695297449805,7,47.0,2318
9.796873048843091,7,4.0,4034
9.797414054933512,6,7.0,4188
9.79751563507419,1,4.0,5654
9.798233452733127,8,25.0,2086
9.798310962342276,1,1.0,5655
9.798630191050345,6,3.0,4173
9.799065246588675,7,5.0,3064
9.799067147583223,7,4.0,2662
9.799332974297986,7,18.0,3835
9.799378913578899,6,6.0,4849
9.799600632472591,6,3.0,3554
9.799968323465375,6,16.0,4929
9.800098506064025,1,2.0,5656
9.800256135644073,6,22.0,5108
9.800479638748557,1,13.0,5657
9.801075095953989,8,2.0,3231
9.801393745546495,7,12.0,4540
9.801496701156143,8,6.0,3435
9.801596470242357,6,2.0,5377
9.801791808095116,7,1.0,2806
9.801937704880887,1,6.0,5658
9.802685056763746,7,5.0,4306
9.802872303099669,7,17.0,3164
9.80287826170896,6,14.0,4818
9.80326266787451,9,5.0,1996
9.803410825903377,1,3.0,5659
9.804603863022026,8,4.0,3849
9.80462740686254,6,11.0,4537
9.804636528584012,7,49.0,458
9.804847613236381,9,3.0,2182
9.804941938804758,10,51.0,4560
9.805123942576323,8,2.0,3850
9.805311799161355,8,4.0,1598
9.80542740316481,7,9.0,2868
9.805854612114254,6,3.0,5477
9.805938476225464,9,51.0,2777
9.80627020213794,6,1.0,4958
9.806612069393678,1,1.0,5660
9.806799894412949,6,5.0,5015
9.807086264014139,6,7.0,5358
9.807145565448701,1,5.0,5661
9.807201483330752,6,2.0,2631
9.807313453905147,6,20.0,4896
9.807746049290364,7,15.0,3538
9.807858053123134,8,4.0,4735
9.807957273023067,6,17.0,2375
9.80833809204403,1,1.0,5662
9.808665613667284,7,3.0,4600
9.809058302144628,7,9.0,3499
9.809451391565592,6,1.0,5510
9.809554458510517,7,12.0,2810
9.809914763008178,7,32.0,3486
9.81040944253127,1,2.0,5663
9.81086252150581,7,10.0,3109
9.811092890857568,1,3.0,5664
9.811568338108899,6,2.0,5595
9.811717182342328,6,2.0,4833
9.81215704499078,1,2.0,5665
9.812213361768313,6,8.0,4097
9.812593395005113,6,3.0,5492
9.812818574847554,7,11.0,1852
9.814151137727556,1,5.0,5666
9.8152277839389,6,8.0,4812
9.815342710777488,1,2.0,5667
9.815517462503454,6,2.0,4534
9.815658925049386,6,1.0,5139
9.815697382472694,1,34.0,5668
9.816074293559803,6,13.0,4628
9.816283794946086,6,1.0,5165
9.816741500534217,6,2.0,3672
9.816771696818304,1,2.0,5669
9.817055667545244,1,5.0,5670
9.81715574830156,1,1.0,5671
9.81717594180603,7,28.0,2627
9.817583903363404,7,1.0,3904
9.81765591123292,7,60.0,2728
9.817689894698384,1,6.0,5672
9.817828503725977,1,5.0,5673
9.818130984679351,6,12.0,5326
9.818455748576818,1,1.0,5674
9.818470601859087,6,1.0,5351
9.818622768957225,7,1.0,4282
9.818979519874883,1,3.0,5675
9.820157803118324,8,52.0,1593
9.82027236658439,6,4.0,5572
9.820500624401367,7,58.0,1786
9.82168444411054,2,2.0,5676
9.82200768085393,6,25.0,5539
9.822628038179582,1,3.0,5677
9.823152854016827,7,3.0,2660
9.823309595344082,1,3.0,5678
9.823317287549187,6,1.0,5353
9.824727081987216,9,5.0,3961
9.825159530487195,6,3.0,3358
9.825551702524264,8,3.0,4374
9.825911728516395,1,26.0,5679
9.825975847748273,1,6.0,5680
9.8264721962273,6,1.0,5519
9.826894024973452,6,3.0,2995
9.827035008498052,1,36.0,5681
9.82720621962127,7,13.0,2799
9.82726613554286,1,1.0,5682
9.827681223393842,1,7.0,5683
9.827804032283884,6,5.0,4741
9.828148518661669,6,39.0,4536
9.828625816493519,6,5.0,5369
9.828706498283193,8,17.0,2375
9.828808330196178,7,2.0,4955
9.82922040360826,6,5.0,5457
9.829351051266102,7,53.0,3730
9.82990866613359,1,3.0,5684
9.830473904259964,6,5.0,5661
9.830516088169153,6,3.0,5316
9.83076688098509,6,1.0,3100
9.830811594411637,1,4.0,5685
9.831182735490076,8,5.0,3093
9.83124489490975,7,10.0,1490
9.831990303243835,7,4.0,3862
9.832655481841709,1,2.0,5686
9.832675403194756,9,1.0,1102
9.832737832365115,1,3.0,5687
9.833120860473665,1,3.0,5688
9.833685085961408,7,1.0,3176
9.83415593242479,9,9.0,2997
9.834626129327976,6,12.0,4133
9.834998333721627,7,36.0,2718
9.835213453526821,6,3.0,4789
9.835540198078007,6,2.0,5499
9.835730396525594,7,5.0,4003
9.835905631570226,1,5.0,5689
9.836779858602595,6,6.0,5262
9.836879451223256,1,6.0,5690
9.837305780419605,7,3.0,2776
9.83770992532976,7,2.0,4638
9.83845203098424,6,2.0,3155
9.83850557279586,7,1.0,4044
9.838865922958798,1,6.0,5691
9.838943686248893,7,2.0,4505
9.841020004132588,7,42.0,805
9.841121397053303,9,8.0,1661
9.841860627048183,6,51.0,583
9.84365210739146,8,6.0,4997
9.843707874692942,8,17.0,5364
9.843765316653608,1,5.0,5692
9.844197453491375,6,2.0,5538
9.844306602141693,7,14.0,3097
9.844550761916933,6,5.0,5413
9.844551041671483,1,1.0,5693
9.844886382467035,6,2.0,5235
9.845750035689566,7,1.0,3414
9.845924961801332,6,2.0,5577
9.846165140686262,7,1.0,387
9.846626943254122,1,1.0,5694
9.847057330173042,6,3.0,5222
9.847553429755086,1,2.0,5695
9.847801904711815,7,3.0,3480
9.84833080460284,1,2.0,5696
9.84877134991191,6,5.0,5350
9.84883667180649,1,18.0,5697
9.84941213050024,1,3.0,5698
9.849418182341216,7,36.0,2339
9.849435234944583,1,1.0,5699
9.849931796283862,1,2.0,5700
9.849945481214604,6,2.0,5397
9.85000715024308,6,6.0,5231
9.850080081416515,7,4.0,4085
9.850312510575728,1,2.0,5701
9.851360511134919,6,11.0,3724
9.852009255306314,6,3.0,4355
9.852282379885903,7,6.0,4555
9.852553575905468,9,12.0,3881
9.852707686558116,9,9.0,3925
9.85302362151015,6,5.0,5526
9.853261537595019,7,55.0,4416
9.853331123780478,9,3.0,2014
9.853642346524296,6,2.0,2685
9.854515643475313,6,2.0,5302
9.855437721306034,6,7.0,5495
9.855723163133518,6,27.0,5175
9.855872808243886,9,4.0,2080
9.856716730469246,6,43.0,5020
9.856915841969206,1,2.0,5702
9.857109840392662,1,5.0,5703
9.857401741171804,6,1.0,5402
9.858019436034127,8,37.0,3199
9.858030762256487,6,10.0,3772
9.85848941513015,7,1.0,2839
9.858556731314687,7,4.0,2000
9.858658290548236,1,2.0,5704
9.859047866531773,7,2.0,1908
9.859247649358641,6,1.0,5250
9.85975952228668,7,2.0,2950
9.859907852319846,6,6.0,2245
9.860144479443921,6,2.0,5300
9.86042797376872,7,2.0,2883
9.860500953126431,6,4.0,4753
9.860667272121928,6,4.0,5070
9.860875774004324,9,45.0,2129
9.86110471206456,9,40.0,3467
9.86115299339617,6,17.0,3941
9.861181732717313,8,7.0,5459
9.861605860713802,7,3.0,1874
9.862019930046143,1,16.0,5705
9.862283366207098,6,29.0,5365
9.862636559203208,8,8.0,4836
9.863474273897353,1,8.0,5706
9.86352583830315,6,5.0,4443
9.864365042411794,7,17.0,1812
9.864610609956337,1,8.0,5707
9.865091682973263,1,10.0,5708
9.865463252035733,1,4.0,5709
9.866078004901802,7,4.0,2739
9.866338064559734,6,2.0,4225
9.866865640760519,2,50.0,5710
9.867367393803242,7,6.0,2514
9.867367768429785,7,12.0,3357
9.867400398062701,7,10.0,1774
9.867441690804933,6,6.0,5648
9.86797715740883,1,36.0,5711
9.86827483965814,16,1.0,522
9.868458105774094,1,1.0,5712
9.868534843301514,1,1.0,5713
9.86908595997264,7,12.0,1274
9.86966197653693,7,3.0,2948
9.86970009677734,8,10.0,4074
9.869803687562714,7,6.0,4217
9.870185577881857,7,6.0,4639
9.870680834243563,1,3.0,5714
9.871382214915734,6,11.0,5631
9.871562251488676,9,33.0,1789
9.872181401397945,6,13.0,4525
9.872344768853178,7,4.0,2849
9.872395488741532,9,11.0,4411
9.872402042683488,8,3.0,4605
9.872606437315795,6,14.0,5248
9.872733774699416,9,6.0,4997
9.872797220539628,6,33.0,4938
9.872950592194497,8,51.0,583
9.87328762662626,6,25.0,5036
9.874375439158577,8,2.0,4998
9.874930782434246,6,4.0,5051
9.875740898158668,6,6.0,4784
9.87595534907582,9,6.0,4336
9.876058418040758,7,23.0,1721
9.87613364429395,6,17.0,3808
9.876270199232012,8,9.0,2860
9.876632083841711,7,22.0,3374
9.876868198010614,1,1.0,5715
9.877189443377684,9,1.0,2040
9.877375547382258,1,2.0,5716
9.877646781615677,1,5.0,5717
9.877781277784582,8,49.0,2757
9.877794556897038,6,35.0,1336
9.878731900156396,6,3.0,5687
9.879211458945882,9,59.0,2815
9.879248213374433,8,13.0,4907
9.879288994052777,6,9.0,5181
9.880203177617991,2,5.0,5718
9.880432031046906,1,5.0,5719
9.880921487853726,8,36.0,2113
9.88096215938481,6,15.0,2761
9.881490140853424,7,4.0,2439
9.881650260893236,7,17.0,4119
9.881812789575783,6,1.0,946
9.882197634390685,6,46.0,5239
9.882207497839882,8,2.0,1770
9.882623586436576,9,14.0,3907
9.88295754851435,7,7.0,4353
9.883111031813305,7,36.0,1841
9.883260356288595,7,1.0,3661
9.883654538480512,1,2.0,5720
9.88370825867819,1,6.0,5721
9.884323442783154,6,3.0,4106
9.884323698399188,8,3.0,4670
9.88444997281786,6,10.0,4939
9.884454954831517,7,49.0,2748
9.885014784686797,1,7.0,5722
9.88560777178293,9,9.0,3437
9.885684746753553,2,5.0,5723
9.885910066192531,7,1.0,1651
9.88631927914388,6,4.0,4727
9.887790024810304,7,4.0,3407
9.887940334886775,6,4.0,5586
9.888090571691748,7,7.0,2122
9.88907130288769,1,3.0,5724
9.88926365622413,1,1.0,5725
9.889551691411645,8,1.0,2952
9.890469115884612,8,2.0,4622
9.891312976567704,7,4.0,5107
9.89154643471812,7,4.0,3789
9.8920230371994,6,6.0,3812
9.892153311920554,7,2.0,3297
9.892373799762673,6,18.0,1698
9.892477611253923,7,7.0,3214
9.893044334399839,7,10.0,3814
9.893571975337862,1,1.0,5726
9.893611889318318,7,58.0,2440
9.89382721913405,7,7.0,4061
9.893870349517556,1,2.0,5727
9.894099163322055,1,2.0,5728
9.894118656186702,1,5.0,5729
9.894430192700437,8,4.0,3152
9.894473280408686,8,1.0,3207
9.89509752836625,7,3.0,4208
9.895686528835,6,2.0,5174
9.89575303488014,6,10.0,4518
9.89624779982678,6,1.0,5491
9.89675871027909,6,2.0,5591
9.897016791585278,9,2.0,3323
9.897033204660072,7,8.0,4701
9.897172567387955,8,8.0,2447
9.897645069893066,1,2.0,5730
9.897855444031755,1,9.0,5731
9.898623015950289,6,2.0,5452
9.89990404095751,7,1.0,2807
9.899915755887303,7,33.0,3569
9.900228143810878,1,2.0,5732
9.900475283077952,6,4.0,4224
9.900803673439754,7,18.0,3267
9.900879444460141,1,5.0,5733
9.90177292977011,7,6.0,3648
9.901930481625604,6,2.0,5730
9.902280243095507,7,54.0,3805
9.903258475799475,7,2.0,3551
9.903491287382149,1,8.0,5734
9.903721663171893,7,1.0,3342
9.904541516090472,7,5.0,2225
9.904690391619466,7,2.0,4343
9.90494760330855,7,11.0,4137
9.904985128276373,9,2.0,1770
9.905202554700983,1,5.0,5735
9.905312846763893,1,4.0,5736
9.906063351429163,6,5.0,5587
9.906202471120983,6,2.0,3858
9.906368212785786,7,53.0,3662
9.90644372494347,6,3.0,5461
9.906722411624918,1,1.0,5737
9.906944963905161,7,7.0,3534
9.90706755246265,1,4.0,5738
9.907292203195764,7,35.0,1646
9.907378265598044,7,37.0,2114
9.907868051520426,7,3.0,4318
9.909550309293667,8,2.0,4931
9.9095894285145,6,1.0,2778
9.909860068414808,6,2.0,5140
9.910265881736422,1,1.0,5739
9.910845998559676,7,20.0,4297
9.911660322177578,6,1.0,5202
9.911698033980294,6,6.0,3091
9.911870183640197,7,1.0,1663
9.91226431614446,6,1.0,4516
9.91271140877232,6,9.0,5291
9.913100435916583,7,6.0,2018
9.913646826687623,9,1.0,1517
9.913660188726078,6,2.0,4587
9.913673544045423,6,39.0,5011
9.914783963335083,9,6.0,3435
9.915123681243431,7,1.0,1925
9.916152485577054,8,1.0,2445
9.916553306109378,6,9.0,4730
9.916603579311387,7,5.0,3271
9.916813746639423,9,5.0,3147
9.917368798613692,1,15.0,5740
9.917899241189119,1,14.0,5741
9.917940281544965,8,4.0,4729
9.918035409537481,1,2.0,5742
9.918372499960842,1,1.0,5743
9.918404123657435,8,5.0,3367
9.918644540424522,1,2.0,5744
9.918754756866143,9,58.0,603
9.918992616154586,7,2.0,2443
9.91959742374765,7,4.0,2908
9.921281999306629,1,2.0,5745
9.922341392351091,1,2.0,5746
9.922383152218597,7,1.0,3250
9.922471672878702,7,3.0,2047
9.922685691768063,6,38.0,3312
9.922904958829026,7,3.0,3247
9.923022951620373,1,5.0,5747
9.924318192974615,1,6.0,5748
9.924386715022813,9,2.0,3264
9.92446506356161,8,11.0,3775
9.925127350979787,9,11.0,2344
9.925236798087244,1,2.0,5749
9.925628365071612,6,2.0,4515
9.925749869887907,1,8.0,5750
9.92590478243697,1,10.0,5751
9.926243990146798,6,4.0,4376
9.927368701337997,7,3.0,1504
9.927913713647285,6,1.0,5617
9.928327962902092,1,3.0,5752
9.9291241673843,7,1.0,2534
9.929147507463117,8,1.0,4405
9.929364622868482,6,16.0,5705
9.92980281102523,7,3.0,4633
9.930521331677252,7,2.0,2568
9.930580119835247,6,3.0,3892
9.930992523921525,6,30.0,5584
9.931054104734592,1,12.0,5753
9.931235785235184,7,2.0,3188
9.931511314782647,6,4.0,5433
9.931708794485754,1,1.0,5754
9.931964142846976,7,2.0,3359
9.932007476865733,1,1.0,5755
9.932067663914596,1,1.0,5756
9.9321703904918,1,4.0,5757
9.933253830509356,7,5.0,3542
9.933253830509356,16,5.0,3542
9.93338059336078,7,19.0,3395
9.933387842703436,7,59.0,1992
9.933842236797819,7,9.0,3952
9.934030358051956,6,6.0,5535
9.934992273229302,6,11.0,5635
9.935009611547352,6,5.0,4391
9.935253511870824,7,39.0,2377
9.935434426606959,9,4.0,3571
9.935621140088125,6,12.0,5613
9.93608487576652,7,5.0,3040
9.936142162551894,6,5.0,3932
9.936305166837547,6,1.0,5352
9.936668804537682,7,29.0,3983
9.936816409379674,1,29.0,5758
9.936988069311711,1,1.0,5759
9.937161108387617,6,8.0,5707
9.937193352306162,1,9.0,5760
9.938073922309435,1,4.0,5761
9.938145725211594,6,34.0,783
9.938577272527944,6,7.0,5468
9.938949646169638,1,2.0,5762
9.939062097044209,1,1.0,5763
9.939303303949396,6,3.0,5486
9.939334317652554,7,8.0,3085
9.939619183712743,1,1.0,5764
9.939667969716638,7,4.0,3831
9.940152344952542,7,2.0,2793
9.940465376180441,6,9.0,3012
9.940468518333573,1,6.0,5765
9.940850890567958,1,1.0,5766
9.941106691041151,6,10.0,5233
9.941149613438805,7,3.0,2879
9.941179371912876,7,2.0,2817
9.941193607965937,1,11.0,5767
9.941545476431616,1,2.0,5768
9.942165553376057,7,34.0,2321
9.942197741153041,1,20.0,5769
9.942243177583924,7,6.0,2933
9.942292960309395,2,4.0,5770
9.942505283331197,9,9.0,2576
9.943213191334348,7,18.0,3473
9.943491291484875,7,1.0,2834
9.943996863762935,8,10.0,4777
9.94402292452427,6,2.0,5745
9.944169057291544,1,5.0,5771
9.944980741084624,6,1.0,5496
9.945458900665479,7,30.0,2826
9.945969118046248,7,56.0,4154
9.946216428219563,1,2.0,5772
9.946232166366393,9,4.0,3617
9.947091144489987,6,1.0,4881
9.947237762170671,1,3.0,5773
9.94832982687647,7,6.0,4916
9.948368322774144,8,46.0,3882
9.948415110404351,7,3.0,3557
9.94858463609465,6,13.0,4574
9.94901184656495,7,23.0,4199
9.949121630155565,1,2.0,5774
9.949314069072896,7,34.0,4249
9.949475633035824,7,31.0,3723
9.949899497695457,7,4.0,3073
9.949913160430214,10,48.0,5404
9.95037593809881,8,11.0,3375
9.95043142833239,9,2.0,4931
9.950919011380728,9,7.0,2824
9.950939709732424,6,2.0,4071
9.951448886389047,6,5.0,5733
9.951835159102995,9,8.0,3504
9.952392118290799,7,28.0,1072
9.953128541527734,1,1.0,5775
9.953474497982105,1,4.0,5776
9.95446466148552,6,22.0,3755
9.954661237557113,7,7.0,3203
9.954785200052434,7,16.0,1408
9.955146958812197,6,6.0,4319
9.95517333613151,1,15.0,5777
9.9570384673393,1,4.0,5778
9.957924684218595,6,9.0,4903
9.958908998050926,7,30.0,3432
9.958930037234648,6,2.0,5339
9.95954832789495,7,9.0,3196
9.95954832789495,16,9.0,3196
9.959771660806673,7,3.0,2682
9.960645714224086,1,4.0,5779
9.961322295629653,10,53.0,2974
9.961432960418705,6,4.0,3001
9.96155632443999,7,4.0,3987
9.96155632443999,16,4.0,3987
9.961897093521376,6,1.0,4892
9.962419677225357,7,38.0,779
9.962419677225357,16,38.0,779
9.96244355493823,1,6.0,5780
9.962719970635042,8,1.0,5120
9.96272835560551,1,2.0,5781
9.96340619709113,6,2.0,5568
9.963683797070136,6,2.0,5768
9.963841792889443,6,3.0,3284
9.964254647001702,7,5.0,4883
9.964574153206236,8,32.0,4817
9.964996645655022,6,8.0,3285
9.96637365820163,6,7.0,4851
9.966401540550184,8,3.0,4403
9.966796705305264,7,19.0,2296
9.967412748855567,1,19.0,5782
9.96753085129751,7,54.0,1969
9.968492979934751,6,6.0,5155
9.968908232744544,7,17.0,1798
9.96891831873087,7,15.0,2209
9.969368631817893,1,3.0,5783
9.969708155036566,1,1.0,5784
9.969844075997681,6,3.0,3703
9.970262976569748,6,1.0,5599
9.970794972685091,8,4.0,4461
9.971491490435819,6,2.0,4728
9.971547452364637,1,6.0,5785
9.974057810061637,7,5.0,4101
9.974415801748693,9,1.0,3207
9.975004295278769,9,2.0,4992
9.975194432674533,6,2.0,5645
9.975354391766404,6,3.0,5118
9.97538355027662,1,7.0,5786
9.975520850903917,6,1.0,5458
9.975646091659163,7,5.0,1780
9.976164983420986,6,3.0,5331
9.976528464015708,6,1.0,5471
9.977191346453361,7,40.0,2667
9.977354455750122,1,53.0,5787
9.977438046885014,1,4.0,5788
9.977559636513591,6,2.0,3759
9.978857359415052,7,13.0,3015
9.978889132358836,9,13.0,3844
9.9791786364759,7,4.0,3726
9.97951256030321,1,1.0,5789
9.979774844472535,8,3.0,4624
9.980044517224847,1,1.0,5790
9.980377028263016,6,15.0,5295
9.980631620092401,6,6.0,3576
9.980707149816224,6,3.0,5146
9.9807209746625,6,38.0,3396
9.981772724135784,7,42.0,4573
9.9820840154911,1,3.0,5791
9.982494290689099,1,12.0,5792
9.98286383952147,1,3.0,5793
9.984178959753883,7,3.0,3318
9.984277635346169,8,2.0,2420
9.9847753353535,7,1.0,1944
9.984857140401111,1,2.0,5794
9.985175025246633,1,7.0,5795
9.985395500934526,1,7.0,5796
9.985414264054059,1,6.0,5797
9.98542012062968,6,2.0,3802
9.985440999065865,1,6.0,5798
9.98576024370394,9,2.0,1401
9.985806791483714,9,9.0,3217
9.986003002176252,6,11.0,5149
9.986561968874287,7,14.0,4799
9.987003816583398,8,1.0,3855
9.98728886795726,6,7.0,5503
9.987739080069314,7,3.0,2006
9.987823871332285,6,52.0,5278
9.988451293446484,7,36.0,945
9.988572522897297,1,1.0,5799
9.989263517028785,9,2.0,1302
9.990014205944954,6,25.0,5272
9.990117768748362,7,2.0,3847
9.990345616315437,6,1.0,5462
9.99081802129932,8,4.0,4528
9.99127528004372,9,1.0,3707
9.99149022131997,6,1.0,5789
9.991938534956281,7,10.0,2039
9.993024213868514,1,7.0,5800
9.99344823326492,7,3.0,4076
9.994374638041348,7,9.0,1530
9.99465505702412,7,4.0,3445
9.995396493651867,7,2.0,3330
9.995588158426193,9,11.0,3304
9.99571476414087,1,3.0,5801
9.995827035651079,1,9.0,5802
9.995880500531658,7,8.0,3917
9.996030258101472,1,3.0,5803
9.997110276564335,7,5.0,3968
9.997174084941602,6,3.0,5405
9.997268470452315,6,2.0,4864
9.997387679856093,6,12.0,5753
9.998148647854727,8,26.0,1284
9.998263895720008,9,1.0,5159
9.998778238255325,1,5.0,5804
9.999079131431422,7,10.0,1792
9.999208729892262,1,3.0,5805
10.000133600367683,7,1.0,2754
10.000241134568405,13,1.0,-1009
10.000345408244957,18,,0
10.000398801594475,6,2.0,5213
10.000553943953438,102,30.0,5806
10.00055491189722,18,,0
10.000566890384254,101,2.0,5807
10.000620285775373,13,7.0,-864
10.000670663436035,1,7.0,5808
10.000674430250617,18,,0
10.000682420959755,7,4.0,3592
10.000866877068335,101,18.0,5809
10.00091464501183,18,,0
10.001085842623993,18,,0
10.001088992248167,101,1.0,5810
10.001389788938887,101,30.0,5811
10.001662794707688,13,4.0,-428
10.001949915132956,6,1.0,3870
10.002446466098903,6,1.0,5592
10.002887553516157,6,3.0,5650
10.002986280972483,1,6.0,5812
10.003457809001745,13,1.0,-731
10.003475375971549,13,6.0,-992
10.003587329808308,1,1.0,5813
10.003755745487389,1,4.0,5814
10.004291109165493,13,22.0,-801
10.004425179945887,7,3.0,2099
10.005231390267197,7,6.0,3665
10.005752718652984,6,5.0,5218
10.007160203341371,13,5.0,-193
10.007261508820987,14,4.0,-1022
10.00733239126684,18,,0
10.00733533185031,101,1.0,5815
10.007448922199215,7,9.0,3977
10.007624247898843,9,3.0,2657
10.00813048491881,5,4.0,0
10.008281719318974,7,56.0,3682
10.008855515299784,14,3.0,-287
10.009125125035862,7,45.0,1897
10.009330166099994,1,1.0,5816
10.009385792665782,13,2.0,-206
10.00957974026751,7,6.0,4214
10.009595376368168,5,1.0,0
10.009823117825166,5,1.0,0
10.010344375432492,13,1.0,-517
10.011003211558263,6,2.0,4473
10.01128669296299,7,3.0,2205
10.011390360605336,8,1.0,5030
10.011429836968007,9,3.0,3922
10.01153915973236,18,,0
10.011588516137781,14,3.0,-136
10.011621719847005,101,3.0,5817
10.011890680849389,9,33.0,3205
10.012184411556872,6,3.0,5117
10.012274184476627,6,2.0,4990
10.012660681585238,6,3.0,5299
10.012715715557883,5,1.0,0
10.012733084540296,7,2.0,3908
10.012766822512914,9,2.0,1263
10.012857494300604,13,1.0,-211
10.012870087732846,1,1.0,5818
10.01288501890283,14,2.0,-807
10.014329344864263,14,3.0,-494
10.014586069678625,13,1.0,-91
10.01493308630328,14,1.0,-208
10.015276382810125,5,5.0,0
10.015531879896718,7,16.0,3095
10.015566563498059,18,,0
10.015571763629216,101,11.0,5819
10.015985618088747,6,2.0,5762
10.016027602795168,13,1.0,-664
10.016331073166524,7,48.0,1327
10.017374742649515,13,1.0,-137
10.017491760508692,7,4.0,2837
10.017955248190184,18,,0
10.01806524221227,101,6.0,5820
10.01865428294383,7,9.0,4202
10.019170544292098,9,1.0,3326
10.019869149116534,1,2.0,5821
10.019947962330027,7,31.0,2782
10.020016204396404,13,2.0,-82
10.020340726805687,6,6.0,3638
10.020450893728539,18,,0
10.020452012988939,101,3.0,5822
10.020575209497824,6,10.0,5751
10.020629789178978,7,6.0,2720
10.02085225756175,6,1.0,4402
10.021096156127303,14,1.0,-179
10.021101423045897,18,,0
10.021427428634508,101,5.0,5823
10.021592678530592,2,7.0,5824
10.021599012524252,5,3.0,0
10.021879931840791,1,3.0,5825
10.022591805074205,13,5.0,-157
10.023808734111565,8,2.0,5480
10.02382530894323,6,1.0,5171
10.023865821084119,14,13.0,-95
10.023868224396839,13,1.0,-257
10.024050790765473,6,2.0,5696
10.02464504704974,6,5.0,5398
10.024734123209877,6,5.0,5537
10.024932376936873,6,2.0,5446
10.024947268588098,1,2.0,5826
10.02498920686446,13,4.0,-324
10.02543817029007,1,3.0,5827
10.025738324236842,7,24.0,3428
10.02604243620688,1,3.0,5828
10.026439838161833,6,13.0,5381
10.026760320110935,7,3.0,3513
10.027272601738447,9,1.0,3404
10.02755821555998,5,2.0,0
10.028276984330038,14,1.0,-886
10.02830058778892,9,47.0,2790
10.028346961463415,7,3.0,1441
10.028358227931337,8,5.0,4983
10.028544839558759,9,40.0,3376
10.028678548260316,7,12.0,3072
10.028970625140493,5,3.0,0
10.02903507668443,13,2.0,-802
10.02908540872812,18,,0
10.029222543246371,101,2.0,5829
10.0296645270292,6,11.0,5525
10.030382725710824,7,17.0,3590
10.030520992359758,18,,0
10.030703917956917,101,1.0,5830
10.030853897899288,7,2.0,2277
10.031118426666382,7,54.0,2202
10.031141791547785,6,4.0,3785
10.031315121574348,7,2.0,5101
10.03141489732613,18,,0
10.031621397741528,13,2.0,-279
10.031668311438496,101,5.0,5831
10.032108109146149,1,2.0,5832
10.032251206231296,6,5.0,5666
10.032443941957562,1,1.0,5833
10.032588710896727,6,2.0,4655
10.032687649411978,7,3.0,3380
10.032898921522959,6,5.0,5630
10.033263959605577,9,8.0,4204
10.033343584753363,6,1.0,5508
10.03337572158071,7,59.0,2038
10.03352497295874,1,13.0,5834
10.034070950962603,1,4.0,5835
10.03418913175857,6,4.0,3720
10.034473182198191,1,26.0,5836
10.03458386371944,14,4.0,-686
10.034824216850442,6,17.0,5274
10.035195949257574,13,1.0,-178
10.035282812100988,5,1.0,0
10.035413029542209,13,1.0,-1012
10.035578076084798,1,11.0,5837
10.035669389565593,13,1.0,-230
10.035885506223666,14,1.0,-647
10.036098390753919,14,1.0,-358
10.036107928798753,18,,0
10.036112349710962,101,9.0,5838
10.036944742091414,8,22.0,4507
10.037246178684036,1,2.0,5839
10.037254959207052,7,2.0,4187
10.037408330872573,13,1.0,-1043
10.037612870030975,8,7.0,2945
10.037775821511742,1,2.0,5840
10.037921538744364,6,7.0,5601
10.03795503406431,9,6.0,979
10.038794187964578,7,1.0,2920
10.038881356442191,12,51.0,4560
10.039066570435308,6,6.0,4238
10.039121037557237,1,1.0,5841
10.039291182519454,6,4.0,4897
10.039332650666205,1,4.0,5842
10.039584403543214,5,14.0,0
10.039694467280693,6,25.0,4298
10.039856803639868,13,1.0,-321
10.040095084244198,6,36.0,5711
10.040112037388017,1,2.0,5843
10.040241448982172,7,12.0,4023
10.040291286406802,14,2.0,-306
10.04043265778086,1,12.0,5844
10.040671929981448,6,5.0,5703
10.040730449874177,6,11.0,4602
10.041104890906514,18,,0
10.041195430928619,101,3.0,5845
10.041888255827473,6,1.0,4845
10.042285551503698,9,1.0,4148
10.042588645326285,13,1.0,-439
10.04259705843525,8,7.0,4397
10.042852038472164,1,6.0,5846
10.042852571802715,2,3.0,5847
10.04321204450671,5,2.0,0
10.043244166010501,8,2.0,4961
10.043432801532287,7,4.0,2905
10.043744367792806,14,1.0,-574
10.044168033576536,6,3.0,5225
10.044182764190147,13,1.0,-113
10.044475201643479,6,10.0,5611
10.044707631909112,9,3.0,1730
10.04475721708169,18,,0
10.04476010711452,101,5.0,5848
10.044777667742334,7,3.0,4426
10.04486532297213,5,2.0,0
10.045151368465964,7,1.0,4145
10.045332897076543,18,,0
10.045375567416269,101,1.0,5849
10.045545627231526,1,1.0,5850
10.045549288803915,7,42.0,3024
10.04593073279617,5,2.0,0
10.04626263356009,7,3.0,5098
10.046567725324374,13,5.0,-913
10.046897006140068,6,2.0,5667
10.047106997746873,13,2.0,-986
10.047160026075574,14,6.0,-888
10.047339491509769,7,4.0,3786
10.047663463145154,13,1.0,-762
10.047770369788925,7,29.0,4676
10.048269520740057,6,48.0,3039
10.048387463153409,1,2.0,5851
10.048682964134576,8,11.0,3735
10.048726991694569,5,1.0,0
10.048746834327487,6,7.0,5796
10.048885132911849,6,9.0,5423
10.049078388004792,8,5.0,3307
10.049425879108643,6,2.0,4904
10.049439720077862,13,1.0,-826
10.049626674418736,6,10.0,5513
10.050278933625897,5,4.0,0
10.05044407770998,13,1.0,-910
10.05080808806494,5,3.0,0
10.051323542637546,5,1.0,0
10.051348916203656,5,6.0,0
10.052112866992307,1,11.0,5852
10.052154014908968,13,1.0,-549
10.052360204155585,1,2.0,5853
10.052453809453528,7,8.0,4024
10.052527816953262,1,5.0,5854
10.05253227690843,6,18.0,5697
10.052928670718616,13,1.0,-434
10.053051992693367,7,6.0,1907
10.053064719381146,7,25.0,2958
10.05335246078294,6,2.0,2917
10.054829120052696,5,4.0,0
10.055323964558673,9,2.0,2642
10.055395445103384,5,3.0,0
10.055443241044424,6,6.0,5280
10.05564121932989,1,2.0,5855
10.056260368851266,7,1.0,4384
10.056338479438532,14,1.0,-493
10.056459393545342,7,5.0,3077
10.056523635282318,7,4.0,4434
10.056562233277948,6,5.0,5307
10.056694087956062,7,36.0,2293
10.056735176281725,7,6.0,4135
10.056795299143241,7,1.0,3125
10.056851417517578,5,1.0,0
10.05696024591903,113,42.0,-450
10.057763207829241,5,2.0,0
10.057953601154221,6,7.0,4965
10.058014509789325,14,31.0,-132
10.05816429350897,1,15.0,5856
10.058175994961665,6,5.0,4700
10.058258080057886,6,8.0,5001
10.058522226731457,14,3.0,-135
10.058608133500886,13,2.0,-189
10.058667456465464,13,1.0,-512
10.058698965733958,1,7.0,5857
10.05914949985239,5,3.0,0
10.059250222350133,6,3.0,504
10.05963925983799,7,36.0,4354
10.060400878926473,13,12.0,-374
10.060454656919147,13,6.0,-553
10.060697464088069,5,8.0,0
10.060892369018731,14,1.0,-727
10.061279253583837,6,2.0,4755
10.061348907618264,6,2.0,5448
10.0613825666948,6,6.0,5104
10.061456398853835,7,6.0,1777
10.061589317841346,5,5.0,0
10.061720334199798,6,4.0,3992
10.06241854774228,6,1.0,3511
10.062570562103557,13,4.0,-916
10.062581326712605,1,19.0,5858
10.062835353901649,6,5.0,3867
10.06303587185385,14,1.0,-854
10.063096397606909,7,7.0,4010
10.063525708995114,1,3.0,5859
10.063547904504157,6,11.0,4828
10.063572244116653,1,10.0,5860
10.063855879026056,14,4.0,-660
10.063914460413123,13,6.0,-915
10.064120755532906,10,38.0,5109
10.064187240890254,1,3.0,5861
10.064788331585591,7,19.0,3062
10.0650378494506,13,4.0,-224
10.065241413414826,13,2.0,-744
10.06554092295261,14,2.0,-292
10.06555699622065,6,2.0,5746
10.065641818168313,6,6.0,5145
10.065641923958184,8,1.0,4881
10.065902210568431,16,47.0,697
10.06590270159381,7,6.0,3501
10.066047996565752,7,4.0,3457
10.066588788603443,13,2.0,-813
10.066897726772604,7,7.0,3452
10.066916589716529,5,4.0,0
10.067432432067772,13,1.0,-143
10.067926186978953,6,1.0,5573
10.067942693308812,13,11.0,-635
10.068036537064716,1,7.0,5862
10.068080424121554,7,1.0,3278
10.068301678265067,1,1.0,5863
10.068344159622878,6,5.0,5438
10.068789295777384,13,2.0,-404
10.068906503110957,5,3.0,0
10.069062252587331,6,19.0,5237
10.06912013444759,6,3.0,5714
10.069390767573935,13,3.0,-991
10.069419901511603,13,11.0,-550
10.069441225320693,14,3.0,-183
10.070410584997108,1,8.0,5864
10.0704704868618,1,6.0,5865
10.070487804597029,9,6.0,3714
10.07097377840124,14,3.0,-611
10.071086090888707,1,4.0,5866
10.071208738507107,13,13.0,-698
10.071284354661879,7,2.0,3633
10.071366845201506,5,2.0,0
10.071672715007518,5,13.0,0
10.071805042642435,7,4.0,3657
10.071951585864065,13,3.0,-576
10.07196901256691,7,12.0,2393
10.072284495086777,1,12.0,5867
10.072381231560229,1,3.0,5868
10.07246197784297,1,5.0,5869
10.073033283850588,8,3.0,5817
10.073635751321769,7,2.0,2310
10.073643703989042,7,43.0,506
10.073693275687718,9,12.0,3451
10.073870495077639,9,1.0,3629
10.07445651410805,13,1.0,-562
10.074553514978735,6,3.0,4056
10.074956491539886,13,28.0,-455
10.074978081866835,1,10.0,5870
10.074985610701095,16,59.0,712
10.07508113793252,5,2.0,0
10.075556559405644,14,1.0,-985
10.075568881710478,7,3.0,3915
10.076084353514547,9,22.0,1579
10.076279960967925,7,52.0,3967
10.076279960967925,16,52.0,3967
10.076405550560573,14,2.0,-74
10.076514273964625,1,4.0,5871
10.077030276795394,14,7.0,-407
10.077030969223157,8,5.0,3666
10.077194976735498,13,2.0,-588
10.077216650795064,1,2.0,5872
10.077233002072065,13,38.0,-350
10.077328753453331,8,2.0,4581
10.077381660156544,14,6.0,-200
10.07759836042504,13,2.0,-49
10.07767014494955,9,49.0,2757
10.078034337744096,14,8.0,-212
10.078051216205116,1,5.0,5873
10.078069826362901,6,1.0,4882
10.078121404638148,6,3.0,4084
10.078155200786885,13,6.0,-1039
10.078319530011614,6,13.0,3671
10.07841334521042,1,2.0,5874
10.0786036317354,6,5.0,5296
10.07890865860951,6,2.0,4775
10.079345070485015,5,2.0,0
10.079526717778034,6,18.0,2226
10.07960125714516,7,8.0,1164
10.080015922728112,14,4.0,-768
10.080149898674515,14,3.0,-551
10.080288676972717,1,2.0,5875
10.080449415112419,7,5.0,4445
10.081037091477501,6,2.0,5518
10.081093523306212,1,4.0,5876
10.081127690862036,1,4.0,5877
10.081264536079994,7,3.0,2199
10.081314765442587,7,7.0,2702
10.081611078278922,13,3.0,-196
10.081711794472403,6,2.0,5695
10.08187500084222,6,4.0,5877
10.082151415455991,1,9.0,5878
10.082229891077942,13,1.0,-995
10.082663018835525,5,3.0,0
10.083075758928597,6,6.0,5341
10.083140050776136,6,4.0,5527
10.083466866536664,7,35.0,3233
10.084220197553028,14,2.0,-329
10.084510262166145,14,2.0,-29
10.08464886915333,13,1.0,-61
10.085187286704647,14,1.0,-478
10.08568101804676,7,11.0,3602
10.085707565715659,9,13.0,4019
10.08589548740007,14,2.0,-199
10.085903672113304,7,1.0,2175
10.086196184366903,13,2.0,-259
10.08642580149477,6,6.0,4837
10.08681381552052,6,4.0,5507
10.08682833320384,6,7.0,3337
10.08691792084826,5,1.0,0
10.086939798779655,6,7.0,4731
10.087038339020033,6,6.0,5301
10.087185472438847,9,5.0,1621
10.087337335675809,5,14.0,0
10.087735556347925,6,10.0,4669
10.088748502349434,13,1.0,-601
10.089492278280797,1,34.0,5879
10.090402888916296,6,6.0,5359
10.090441464999405,6,5.0,5598
10.090502602222879,6,3.0,4316
10.090530511629778,5,12.0,0
10.090675963933922,6,1.0,3854
10.091065601237354,14,55.0,-967
10.091716115421118,7,18.0,3084
10.092164280766186,6,9.0,4982
10.092275026584073,9,6.0,1534
10.092339095648292,6,5.0,5188
10.092437505980765,13,2.0,-884
10.092455224972706,7,3.0,2822
10.093103550969209,7,45.0,2564
10.093385665462332,6,12.0,5792
10.093551320625792,7,5.0,4212
10.093928552284456,8,2.0,2621
10.094129249427695,1,10.0,5880
10.0942676648891,1,2.0,5881
10.094316151281832,1,3.0,5882
10.094503264148381,8,23.0,3142
10.094613144887132,5,2.0,0
10.094804982502112,7,2.0,3949
10.095431501801578,1,8.0,5883
10.095642344357419,6,2.0,5619
10.09565697913466,7,16.0,4856
10.095726422375957,14,1.0,-65
10.09598910552156,6,5.0,4136
10.096025284454134,7,2.0,3643
10.096346375199083,7,9.0,3026
10.096471591830339,5,8.0,0
10.096665149311429,13,1.0,-242
10.096666083642202,1,10.0,5884
10.09749401799025,14,1.0,-714
10.098546968580285,1,2.0,5885
10.098631710541877,6,1.0,5756
10.098654451509034,7,6.0,3839
10.099130238221733,6,11.0,2771
10.099421912027177,7,38.0,1156
10.09972415588397,6,4.0,5579
10.099886066580703,8,2.0,5619
10.099956382026422,6,2.0,5872
10.10000807670666,9,58.0,2751
10.100586048897062,6,2.0,5720
10.1007614498324,6,3.0,5294
10.100764880765144,13,25.0,-64
10.101276394074704,1,1.0,5886
10.101562216769782,8,3.0,5021
10.102009491470447,13,4.0,-480
10.102062852879712,13,3.0,-870
10.102515210792003,13,9.0,-728
10.103059076981301,6,1.0,5390
10.103279499334835,1,3.0,5887
10.103292061107094,1,2.0,5888
10.103450285315725,7,5.0,2207
10.10350224048182,1,2.0,5889
10.104128362822491,13,1.0,-657
10.104181267118522,7,38.0,3712
10.104208676464145,6,3.0,5223
10.104631347569113,5,1.0,0
10.104634291466397,6,4.0,3852
10.104833659822473,6,2.0,4330
10.105021947054471,6,1.0,5693
10.105073004035582,1,9.0,5890
10.105372784906267,14,3.0,-320
10.105555615110001,6,5.0,5689
10.106409703432382,13,4.0,-111
10.106493239400342,13,1.0,-923
10.106829710470828,8,7.0,5057
10.106924860360145,13,3.0,-147
10.106999718012263,8,2.0,5829
10.107456823676355,7,2.0,4657
10.107833055995199,6,3.0,5675
10.108035114617214,1,3.0,5891
10.108042245999675,5,2.0,0
10.108073165700755,6,7.0,4527
10.108266462421016,6,3.0,5773
10.108352145413281,1,1.0,5892
10.108797152361598,6,6.0,5797
10.108810644974305,6,4.0,5002
10.108821242428245,1,2.0,5893
10.109090842714744,9,10.0,76
10.10969231828079,1,2.0,5894
10.109901584055645,6,1.0,5345
10.110170800840299,13,7.0,-652
10.110323345151944,1,1.0,5895
10.11051528248231,8,1.0,5022
10.110598455169976,5,1.0,0
10.11067902850539,5,3.0,0
10.110764437842757,6,6.0,4246
10.110930643852225,7,32.0,1606
10.111034888437217,5,8.0,0
10.111399206978097,14,3.0,-216
10.111406963504399,1,3.0,5896
10.111614354672822,9,3.0,3580
10.111691022758178,1,3.0,5897
10.11195178779804,1,2.0,5898
10.112023515402777,13,1.0,-93
10.112023515402777,17,1.0,-93
10.112251456227057,6,1.0,5346
10.11239101518257,13,3.0,-495
10.11239101518257,17,3.0,-495
10.112527696726662,13,5.0,-100
10.11269622451669,6,2.0,5583
10.11273240459536,6,3.0,4757
10.113118209026448,7,2.0,5081
10.113380533641159,5,1.0,0
10.11361267021085,13,1.0,-1048
10.11391007064654,7,1.0,5430
10.114020743720605,6,2.0,5744
10.11412411431579,7,38.0,2350
10.11412411431579,16,38.0,2350
10.114465596297938,8,3.0,3937
10.114641451379324,9,1.0,3938
10.114689473252234,8,3.0,4030
10.114798710092883,8,4.0,2362
10.11503995397329,13,2.0,-772
10.115104705701054,6,7.0,2228
10.11521316579968,14,50.0,-181
10.11521316579968,17,50.0,-181
10.115594597578209,6,6.0,4329
10.115670160341814,8,1.0,2954
10.115842805473337,13,2.0,-901
10.115842805473337,17,2.0,-901
10.115987149994611,6,1.0,4360
10.116107021137394,14,4.0,-53
10.116140580599858,6,8.0,5216
10.116455897900845,1,1.0,5899
10.11646099230177,6,6.0,5391
10.116598119790934,6,5.0,5095
10.116634536754022,7,5.0,4861
10.116954569557548,6,5.0,5747
10.117031796955569,8,2.0,5028
10.117060439091095,7,9.0,2925
10.117182272296514,6,4.0,4835
10.117184294574725,6,1.0,4620
10.117216998092017,8,6.0,4448
10.117383050853958,6,6.0,3447
10.117407081576403,9,1.0,3161
10.11752529369753,13,2.0,-22
10.117615322124001,5,1.0,0
10.117678014056285,6,8.0,5384
10.117686412884776,7,48.0,2303
10.117743500686668,1,1.0,5900
10.117841848872683,13,3.0,-109
10.117841848872683,17,3.0,-109
10.117852944483898,7,1.0,3170
10.117873434053251,13,54.0,-932
10.117874428760857,13,1.0,-685
10.117874428760857,17,1.0,-685
10.118300761701903,6,7.0,4720
10.118332168870129,13,2.0,-499
10.118486607815118,6,2.0,3552
10.118762805383602,13,1.0,-852
10.11937749154427,6,3.0,4307
10.11944280565882,7,3.0,3636
10.119451668994335,1,3.0,5901
10.119502894127617,9,50.0,860
10.120178399739135,5,2.0,0
10.120441771914807,13,2.0,-829
10.120441771914807,17,2.0,-829
10.120560109508544,1,1.0,5902
10.120966901792066,14,2.0,-1047
10.121092771527616,7,43.0,4535
10.121328587582532,7,6.0,2323
10.12134520601109,1,2.0,5903
10.121564804476685,9,2.0,4595
10.12159136688215,14,5.0,-978
10.12217075892367,1,2.0,5904
10.122174806732493,6,8.0,5211
10.122221499105697,13,2.0,-658
10.122226896593371,1,7.0,5905
10.122473153657587,5,9.0,0
10.12261788830418,13,3.0,-285
10.12267110545095,6,8.0,5441
10.123019193230704,9,34.0,919
10.123384343355987,7,11.0,2641
10.123392719112832,7,1.0,1268
10.12371074960924,7,44.0,2333
10.123846970424285,7,6.0,2593
10.123981443001876,6,5.0,5253
10.124341615230797,1,6.0,5906
10.124743304847028,13,1.0,-21
10.124840302949929,13,7.0,-672
10.124840302949929,17,7.0,-672
10.12491684037005,1,9.0,5907
10.125037521269277,7,2.0,2524
10.125654459815042,7,8.0,3136
10.12578105600354,13,1.0,-215
10.126454514226742,1,11.0,5908
10.126483057244513,7,2.0,2267
10.126889476698341,13,6.0,-938
10.127647718348994,6,18.0,4496
10.127679437124486,7,3.0,3078
10.128604775869626,14,1.0,-389
10.12883542832179,5,5.0,0
10.129391174376195,6,3.0,5232
10.129542005422332,1,1.0,5909
10.129544149778702,1,2.0,5910
10.129937374797041,9,14.0,4599
10.129937374797041,16,14.0,4599
10.130235867734548,1,8.0,5911
10.130277366671539,16,5.0,810
10.130395690614966,13,1.0,-87
10.130483551057242,6,3.0,4852
10.1305485935858,5,6.0,0
10.130664976114637,7,2.0,4508
10.130684769025628,7,6.0,4807
10.13074365967325,6,3.0,5664
10.130754428519502,1,1.0,5912
10.13154608358563,7,3.0,1866
10.131708228096937,7,2.0,3868
10.131791180173783,8,12.0,5418
10.13179157680883,6,7.0,5905
10.131940305087568,1,33.0,5913
10.132890068419858,13,1.0,-629
10.132890068419858,17,1.0,-629
10.132959233668759,13,14.0,-406
10.132959233668759,17,14.0,-406
10.132965410093906,14,3.0,-748
10.133039189411074,14,8.0,-567
10.133144226161072,6,3.0,4690
10.133183287142677,6,1.0,4742
10.133230470215535,14,2.0,-381
10.133322649827512,6,3.0,5752
10.133426878894323,13,3.0,-1004
10.133632821568307,1,2.0,5914
10.133834075056257,9,15.0,3528
10.133855855046068,7,13.0,3464
10.13423988075159,8,25.0,4933
10.134364709834994,5,10.0,0
10.135478672414976,1,2.0,5915
10.135643055986186,6,3.0,5411
10.13564937372153,13,1.0,-335
10.135818883873618,1,26.0,5916
10.135900219473509,6,34.0,5166
10.135964391346796,6,2.0,5700
10.136017291293106,5,1.0,0
10.136106715857327,13,1.0,-1018
10.136127457985475,7,9.0,3023
10.13620370351821,7,1.0,4444
10.136889847233004,7,28.0,4127
10.137105962025133,6,47.0,3536
10.13800957090083,14,8.0,-707
10.13800957090083,17,8.0,-707
10.138165142967587,1,4.0,5917
10.138287401105462,14,19.0,-582
10.138294406453541,5,1.0,0
10.13863416331368,7,32.0,4156
10.138750142168938,6,10.0,4170
10.139273507951193,7,3.0,4287
10.139318475009912,6,24.0,5268
10.139330702699148,13,4.0,-777
10.13936741231175,7,15.0,1535
10.139618022639832,7,1.0,4678
10.140126323758931,13,7.0,-447
10.140981625281704,7,26.0,5137
10.14107458794025,16,58.0,645
10.141391984148878,7,1.0,3836
10.141900077397166,13,1.0,-734
10.141900077397166,17,1.0,-734
10.142116796799474,6,12.0,5867
10.142153058103228,1,2.0,5918
10.142170690274913,5,3.0,0
10.142673654146478,9,4.0,4725
10.142762965395814,14,1.0,-33
10.142762965395814,17,1.0,-33
10.142903311677944,7,4.0,3846
10.14306846051819,7,1.0,3581
10.143264281474355,9,42.0,2552
10.143434220877593,7,6.0,3861
10.143518576884361,13,2.0,-1001
10.143518576884361,17,2.0,-1001
10.143694969248314,1,2.0,5919
10.14372826110151,1,1.0,5920
10.143897816212123,13,1.0,-340
10.144589217503688,5,2.0,0
10.14461799599486,7,1.0,4683
10.144657879986793,13,19.0,-1040
10.144827303779465,6,4.0,5078
10.14505008400917,6,34.0,5150
10.145251247968092,7,1.0,3885
10.145560835661378,7,8.0,3193
10.145603679178565,6,25.0,4860
10.146132839036207,9,19.0,3615
10.14648392654902,13,3.0,-1050
10.146542324859128,5,6.0,0
10.146598607741979,1,2.0,5921
10.146610779439266,7,5.0,4190
10.14688488998889,14,4.0,-175
10.147008554298175,1,6.0,5922
10.147505853729037,7,2.0,4424
10.148042082361208,7,1.0,2011
10.148119073907713,13,1.0,-51
10.148645083088617,14,3.0,-724
10.149285962138496,8,11.0,5819
10.149370558633262,14,5.0,-370
10.149535408539785,1,2.0,5923
10.14981616682442,9,3.0,3936
10.149850606893734,1,4.0,5924
10.149937743414885,6,2.0,4854
10.150494790519852,1,2.0,5925
10.150888194625926,6,16.0,4128
10.151374298929131,13,3.0,-130
10.151516747067229,7,7.0,3792
10.152150378437742,6,6.0,5721
10.15231962252884,7,7.0,3053
10.153152660693488,8,1.0,4531
10.153235693891405,6,15.0,4563
10.1538134271137,6,53.0,5787
10.154110426056114,7,6.0,4266
10.154517912087591,1,2.0,5926
10.154534294881731,1,9.0,5927
10.154771350200665,8,3.0,5822
10.154773981233578,13,44.0,-366
10.15542123023874,7,8.0,5208
10.155494971548725,6,6.0,5063
10.155528947615096,6,7.0,5542
10.155701177328174,9,2.0,2941
10.156070802288633,6,6.0,5765
10.156072577779929,13,1.0,-776
10.156167719166666,1,3.0,5928
10.156474567089353,5,1.0,0
10.157870705436103,6,7.0,4763
10.15848041524666,13,6.0,-897
10.158691657205551,7,19.0,4613
10.158909175855745,1,1.0,5929
10.159033674763922,7,6.0,4134
10.1592593933401,9,49.0,2699
10.15962456011205,6,4.0,4838
10.15977273546364,6,3.0,5328
10.15991433790145,5,4.0,0
10.1599955737559,5,7.0,0
10.160178896856214,9,7.0,966
10.160280338974902,1,1.0,5930
10.160421905418664,14,4.0,-1044
10.160653827342635,5,5.0,0
10.161329800747549,6,1.0,5102
10.161351017896576,13,1.0,-862
10.161541843650124,13,1.0,-545
10.162566329848124,1,4.0,5931
10.162654443112089,1,2.0,5932
10.163196034139943,7,40.0,1324
10.163292387523631,6,4.0,5757
10.163321871508813,1,5.0,5933
10.163688827809608,6,51.0,4787
10.163769866705877,13,2.0,-850
10.163896100090037,13,2.0,-304
10.163896100090037,17,2.0,-304
10.163913177642119,8,8.0,5344
10.163926895698623,8,7.0,1443
10.165201278103257,7,2.0,1993
10.165308229814675,7,23.0,2055
10.166096836128105,6,1.0,5636
10.167027377835366,13,14.0,-1036
10.167071693184367,13,2.0,-593
10.167268401519598,5,7.0,0
10.167487246367662,6,11.0,5541
10.167686527548357,1,12.0,5934
10.168301803495174,7,54.0,3739
10.16838343836755,13,15.0,-929
10.168400610779026,6,7.0,5862
10.168445574871749,7,59.0,2967
10.168774902295707,13,1.0,-253
10.168841244532345,1,3.0,5935
10.16918614226408,6,34.0,5668
10.169324837120493,7,2.0,1677
10.169455797672123,1,6.0,5936
10.170071944118083,1,12.0,5937
10.170776777478203,5,1.0,0
10.170790653327087,9,4.0,4729
10.171452095882126,13,1.0,-405
10.171764262801668,7,6.0,2414
10.171872692641177,9,4.0,3849
10.171955308422644,1,1.0,5938
10.172603603386863,8,49.0,3684
10.172819123220645,7,11.0,3544
10.173028145389704,7,17.0,1739
10.173474657140162,13,1.0,-343
10.173488818885982,1,12.0,5939
10.173518875711338,6,2.0,2669
10.173559682202573,6,1.0,4432
10.17365641099968,1,4.0,5940
10.173693460268357,6,6.0,4736
10.17417322819517,5,2.0,0
10.174384803335542,13,2.0,-885
10.1745376280602,13,22.0,-252
10.1745376280602,17,22.0,-252
10.175180877597155,7,42.0,1987
10.175252831143727,9,47.0,3596
10.175261970630533,6,5.0,5574
10.175314278828422,13,4.0,-308
10.175375098509429,7,3.0,3235
10.175584989880305,7,8.0,4310
10.175597049965223,6,31.0,5522
10.175828688144705,1,2.0,5941
10.17628967695838,13,1.0,-346
10.176823790674472,13,3.0,-694
10.176852008808874,1,1.0,5942
10.17686322188393,13,4.0,-164
10.177078914808138,13,2.0,-78
10.177078914808138,17,2.0,-78
10.177104218096002,14,17.0,-569
10.177246909626936,5,2.0,0
10.177324667637015,6,3.0,4808
10.177440573039302,13,1.0,-820
10.177581714274968,5,3.0,0
10.177902913209094,1,4.0,5943
10.178177800715192,13,1.0,-833
10.178233219988261,5,3.0,0
10.17890231986207,1,19.0,5944
10.179136471886636,7,2.0,2213
10.179204493833222,6,2.0,5686
10.179300505480203,6,4.0,4985
10.179387569640976,6,1.0,3516
10.179490160851815,1,4.0,5945
10.179780374535211,6,12.0,4840
10.180057589576492,14,4.0,-712
10.180063510637119,1,10.0,5946
10.180165667459175,7,5.0,3796
10.180251605020892,1,3.0,5947
10.180338309863458,5,4.0,0
10.180349649769306,9,48.0,1749
10.181164147633847,13,4.0,-241
10.181164147633847,17,4.0,-241
10.181189998062091,6,3.0,5724
10.181415885775602,7,5.0,4484
10.181687886558553,1,5.0,5948
10.181926039754421,1,1.0,5949
10.182531355648692,13,2.0,-142
10.182574707837095,6,2.0,5649
10.182650131470895,9,60.0,964
10.182863653804274,1,7.0,5950
10.182992462430798,6,3.0,5608
10.183408890730458,7,16.0,4732
10.18362417958434,6,8.0,5412
10.183850634120311,6,3.0,5801
10.183894136923914,14,2.0,-438
10.183945568331792,13,2.0,-957
10.184452543414114,14,1.0,-380
10.184671054192364,7,7.0,4144
10.184817436865861,5,11.0,0
10.18485152377115,13,1.0,-401
10.18485152377115,17,1.0,-401
10.184930777904832,8,3.0,4355
10.185006609423217,7,1.0,4125
10.185214381108462,13,8.0,-1023
10.185315222626244,9,1.0,4247
10.18559574464256,6,5.0,1985
10.186945688213116,14,4.0,-1029
10.186945688213116,17,4.0,-1029
10.187157741546,9,19.0,4436
10.187203184442398,7,2.0,3631
10.187518518812128,1,1.0,5951
10.187737676428965,8,2.0,5093
10.187964673035436,6,2.0,4358
10.188078453056605,6,6.0,4975
10.188578091792955,1,3.0,5952
10.18871964027797,7,32.0,1715
10.189213963951039,5,1.0,0
10.189331038458842,13,1.0,-96
10.189331038458842,17,1.0,-96
10.189379519379521,1,2.0,5953
10.189611149150645,16,48.0,824
10.189670558968198,6,5.0,5110
10.189981434077263,1,6.0,5954
10.190069337095377,5,8.0,0
10.190468237519589,5,14.0,0
10.190513126285651,7,29.0,2993
10.190757066122877,7,3.0,2639
10.190783330042867,1,4.0,5955
10.190975346092683,7,3.0,2676
10.191243826836123,14,3.0,-607
10.191517428210135,8,2.0,5297
10.19176360015516,6,15.0,2193
10.191869841427929,6,3.0,5417
10.191930164345129,9,59.0,3916
10.192293303778243,6,5.0,4774
10.19259178789974,5,24.0,0
10.19276845527337,9,8.0,2447
10.192993109746679,5,6.0,0
10.193307438494298,7,37.0,3914
10.193341045031705,6,5.0,5717
10.193667740948001,9,51.0,3079
10.193719276972796,8,2.0,3865
10.193764072079782,9,25.0,3108
10.194409156602465,13,1.0,-1027
10.194600445811995,8,10.0,4634
10.194755453226634,14,2.0,-449
10.194755453226634,17,2.0,-449
10.194930417794737,5,6.0,0
10.195322137570939,1,1.0,5956
10.195638701590333,7,25.0,2580
10.19606199091913,7,26.0,3574
10.196135594459252,1,7.0,5957
10.196684105378187,7,2.0,2926
10.196701904833956,6,3.0,5103
10.197023041123582,13,1.0,-984
10.197118392495367,7,24.0,4345
10.197285544046085,1,3.0,5958
10.197531722920024,13,10.0,-513
10.197531722920024,17,10.0,-513
10.197826238933551,7,3.0,4963
10.19796692818426,7,39.0,1803
10.198145342768333,13,2.0,-803
10.198153069128558,13,3.0,-696
10.198195551169452,13,2.0,-469
10.198417690468164,6,4.0,5709
10.198532840622015,7,2.0,1782
10.198848903949056,1,2.0,5959
10.199016922354634,1,14.0,5960
10.199779979955393,14,23.0,-1007
10.199846923638146,7,49.0,3669
10.200306986750212,1,5.0,5961
10.200544215764435,1,7.0,5962
10.20054836318033,6,16.0,3619
10.20081079749744,14,1.0,-197
10.200870918459437,9,5.0,2714
10.201165167617479,6,12.0,5553
10.201521523988575,13,1.0,-771
10.201929405039797,14,4.0,-372
10.202079057311018,1,10.0,5963
10.202302749301552,7,2.0,2352
10.202659423448386,14,3.0,-757
10.202659423448386,17,3.0,-757
10.2027339420267,7,2.0,931
10.202809940406107,1,1.0,5964
10.203045736644064,13,3.0,-63
10.203096003520262,5,6.0,0
10.20354515485938,1,1.0,5965
10.20371065852139,7,3.0,2629
10.204091598685556,8,2.0,4071
10.205152179429387,6,4.0,5738
10.20599444405468,1,3.0,5966
10.206124392734626,7,46.0,2093
10.206530056646882,13,2.0,-255
10.20671292689826,1,2.0,5967
10.20676968841679,5,13.0,0
10.207196928989818,7,3.0,4348
10.207284922457312,5,1.0,0
10.207397736724733,13,2.0,-726
10.208614917091683,8,5.0,5123
10.20875622001134,13,2.0,-799
10.20875622001134,17,2.0,-799
10.208848516623984,7,16.0,2959
10.208857984954358,5,8.0,0
10.208895957937857,1,8.0,5968
10.209494321031745,5,9.0,0
10.209974252404741,13,6.0,-907
10.209974252404741,17,6.0,-907
10.210436400082003,1,2.0,5969
10.210631908563936,13,1.0,-783
10.21067722267049,6,10.0,5860
10.211323415644378,5,2.0,0
10.211342289678537,9,2.0,2284
10.211509232792544,7,4.0,3301
10.211983296824984,13,2.0,-1010
10.212030872074438,7,3.0,2931
10.212196644972266,6,4.0,5940
10.212702530026107,14,1.0,-648
10.212702530026107,17,1.0,-648
10.21326386530648,13,5.0,-993
10.213633427140442,1,2.0,5970
10.21431110425624,6,7.0,5293
10.214463496828522,1,12.0,5971
10.214805403340982,7,18.0,4022
10.215038350628669,9,1.0,3027
10.21545523075274,6,4.0,5943
10.215537640368181,7,1.0,3750
10.215628086029591,8,1.0,4146
10.21571294693252,7,12.0,3107
10.215783063268,6,18.0,5639
10.215840519678641,6,5.0,5338
10.215886914355192,7,26.0,1799
10.216112710167922,8,1.0,4839
10.21667990356444,1,1.0,5972
10.216787532535816,6,5.0,5427
10.216815098617644,9,1.0,2495
10.216917094714942,7,5.0,3660
10.217030218340147,6,1.0,4213
10.217155255885313,5,6.0,0
10.217245628857194,3,34.0,5973
10.217354350887003,9,6.0,1699
10.217786183763758,13,2.0,-806
10.217818500470829,7,2.0,2864
10.218840545380809,7,1.0,3641
10.219272495683951,14,4.0,-42
10.219567304621611,13,1.0,-472
10.219613546827377,14,7.0,-747
10.219762808598388,1,39.0,5974
10.219767303625893,13,1.0,-195
10.220032032390506,1,5.0,5975
10.220464071397076,5,18.0,0
10.220923059707465,6,2.0,5623
10.221449280645924,6,2.0,3583
10.22185050154728,7,5.0,3117
10.221924581244984,7,1.0,3951
10.222605994730543,6,6.0,5906
10.223092994994486,7,9.0,2770
10.223115175795078,1,1.0,5976
10.223645592413519,6,11.0,5837
10.223787472836676,1,1.0,5977
10.22411939624697,13,1.0,-265
10.22411939624697,17,1.0,-265
10.224555399630185,1,2.0,5978
10.22538719926124,7,34.0,2537
10.225596717438199,14,26.0,-57
10.22565425677711,8,13.0,3945
10.225869408412578,8,5.0,5823
10.22592322025378,1,8.0,5979
10.226082940635358,13,1.0,-280
10.226093820502388,7,43.0,1563
10.226405671826376,1,17.0,5980
10.226538742523527,13,10.0,-602
10.226622439109226,7,5.0,3066
10.226681073111353,6,1.0,5378
10.226771074174318,16,7.0,35
10.22701448149377,6,10.0,4667
10.227742961165724,6,6.0,3119
10.227743727024297,7,8.0,4055
10.22798203257004,14,3.0,-765
10.22798203257004,17,3.0,-765
10.227996805388075,7,4.0,4255
10.228066277437492,7,2.0,2848
10.228079574989014,5,20.0,0
10.228120159933301,14,1.0,-311
10.228289259966191,7,1.0,4561
10.228949514178758,7,19.0,4719
10.22920130505973,5,9.0,0
10.229202715870152,6,14.0,5741
10.22942600908607,7,1.0,3390
10.229813494585432,13,3.0,-990
10.229943007069476,7,3.0,3298
10.229979980518918,7,1.0,2179
10.230304702468088,14,6.0,-336
10.230347171261938,7,17.0,3101
10.230538494007499,113,47.0,-556
10.230682120881047,1,1.0,5981
10.230876221365936,5,3.0,0
10.231154809314376,8,5.0,5338
10.231162146579212,13,1.0,-453
10.231595741271885,5,1.0,0
10.231733460770574,7,9.0,2885
10.231753779446974,6,1.0,5421
10.231878108559883,8,2.0,4755
10.232071616132746,13,18.0,-408
10.232071616132746,17,18.0,-408
10.232410062405942,3,5.0,5982
10.232444728962939,13,1.0,-903
10.232609321178458,7,1.0,1044
10.232896825660383,5,4.0,0
10.233002847016733,7,7.0,1506
10.233661421792545,14,4.0,-693
10.234098055606593,1,3.0,5983
10.23449565037305,14,4.0,-563
10.234520317220909,1,14.0,5984
10.234806717598872,14,1.0,-77
10.234897281512518,7,5.0,4721
10.235431824673197,5,4.0,0
10.235773152445846,6,1.0,5892
10.23591427983684,13,2.0,-94
10.236295574605782,6,2.0,4847
10.23638764499163,8,3.0,1884
10.236482940104688,16,22.0,1395
10.236559757897414,13,1.0,-1034
10.236559757897414,17,1.0,-1034
10.236693225610402,8,1.0,4935
10.236699146833885,1,5.0,5985
10.23692863574525,6,1.0,5743
10.23699719724832,13,1.0,-873
10.237142258617729,6,1.0,4668
10.237270698970587,13,1.0,-925
10.237341435135964,6,11.0,4456
10.237416282120774,1,6.0,5986
10.237532337159363,1,2.0,5987
10.23753741717676,6,30.0,5632
10.23831125512324,1,1.0,5988
10.238539142843495,6,2.0,4259
10.238677143544656,6,4.0,3260
10.238873896063634,6,1.0,5205
10.23946540648999,14,1.0,-443
10.239700954206594,13,3.0,-310
10.239950181744472,6,4.0,3744
10.24022513688284,7,1.0,4291
10.240441170954822,6,5.0,5312
10.240595933191566,13,1.0,-921
10.241586323110173,7,3.0,2678
10.241844473781075,1,2.0,5989
10.24231545827813,1,5.0,5990
10.242444667467366,13,1.0,-1008
10.242503909030143,13,1.0,-537
10.242503909030143,17,1.0,-537
10.242742670477677,14,3.0,-227
10.242742670477677,17,3.0,-227
10.242847931576023,13,14.0,-430
10.242966696159908,13,5.0,-890
10.24310825250982,6,1.0,5909
10.243195393462232,13,2.0,-264
10.243396554004336,13,2.0,-738
10.243436253799548,13,2.0,-843
10.243436253799548,17,2.0,-843
10.24410440434007,8,3.0,5096
10.244249355957798,5,3.0,0
10.24469176456789,14,2.0,-239
10.244844429215778,6,6.0,5309
10.245057535353288,13,2.0,-220
10.245370043578625,7,25.0,3876
10.245395803791316,5,3.0,0
10.247084893508179,14,1.0,-14
10.247222348517774,7,33.0,3964
10.247226305214923,7,2.0,1237
10.247415724608787,7,3.0,4441
10.247555551100534,5,4.0,0
10.247993697414385,14,4.0,-539
10.247993697414385,17,4.0,-539
10.2480201748996,7,11.0,4052
10.248224701794353,6,5.0,5434
10.24871911895861,7,23.0,2862
10.249330595910195,6,1.0,2661
10.249467038315277,6,2.0,4889
10.24952219198125,13,1.0,-263
10.249732899768393,5,3.0,0
10.249912108239926,1,2.0,5991
10.250152966839075,8,2.0,4587
10.250279806706239,9,42.0,3520
10.25028837915949,6,2.0,5180
10.250361297905302,14,4.0,-928
10.251327071988209,9,51.0,3351
10.251438549411883,7,52.0,2153
10.251446833462063,14,1.0,-533
10.251543261524034,6,4.0,5558
10.251799824944204,8,5.0,3294
10.252037709505522,1,1.0,5992
10.252153653281763,13,2.0,-926
10.252193034812514,5,3.0,0
10.252505270207172,1,1.0,5993
10.252617535958255,9,1.0,5022
10.252656454232001,7,11.0,3114
10.252739701353724,7,4.0,1807
10.253138387254216,9,6.0,3742
10.25337195517487,13,2.0,-705
10.25337195517487,17,2.0,-705
10.25365523629753,14,4.0,-911
10.253952951856242,9,15.0,2619
10.253981455126569,7,2.0,3232
10.254582578462031,6,4.0,4497
10.254855165063438,6,4.0,5871
10.254997578702786,8,4.0,5215
10.255003540313933,6,1.0,5833
10.25502614775183,6,1.0,5956
10.256617721338051,6,1.0,5759
10.256864636899753,7,12.0,2743
10.25733317738015,14,2.0,-840
10.257392895604177,7,47.0,869
10.257624369412516,5,4.0,0
10.257636849491364,6,2.0,4954
10.257836997974113,1,3.0,5994
10.257907088184268,7,41.0,1525
10.258002051522537,6,1.0,5938
10.258152587220234,8,1.0,3912
10.25818595450469,13,9.0,-665
10.258317443263087,13,1.0,-417
10.258471658494727,13,1.0,-387
10.259017878907544,14,10.0,-385
10.259017878907544,17,10.0,-385
10.259179734400895,6,1.0,4823
10.259248696705995,13,1.0,-444
10.25940559853436,13,2.0,-316
10.259438810278434,5,2.0,0
10.259461880895614,7,2.0,1718
10.259721480711995,7,2.0,4281
10.259853678289659,113,42.0,-1015
10.259890357304373,7,5.0,3950
10.260321137355803,6,42.0,2855
10.260651250165687,6,16.0,5589
10.26109516234574,1,4.0,5995
10.26121183514795,7,26.0,3461
10.261510413221572,8,12.0,3369
10.261539898391007,5,3.0,0
10.261553572040333,8,2.0,3645
10.261713139213217,6,5.0,2496
10.26175708661997,5,4.0,0
10.261904647783304,6,1.0,5566
10.262083215879786,13,1.0,-399
10.26287709628513,9,12.0,2503
10.262887011640395,13,1.0,-898
10.262966232737362,7,3.0,3783
10.263195893707039,7,6.0,4193
10.263327770527775,6,4.0,4827
10.26386313365173,9,9.0,1656
10.264004960724938,1,55.0,5996
10.264124374659987,6,13.0,4428
10.265178722256081,1,3.0,5997
10.26524917775579,5,4.0,0
10.265310905200412,6,2.0,5874
10.265397192894131,14,1.0,-983
10.265409476982581,1,7.0,5998
10.265491201042757,7,36.0,2107
10.265805662023745,1,4.0,5999
10.26583903468343,6,3.0,1470
10.266024409519112,9,5.0,4002
10.26633192287401,5,3.0,0
10.26634355974891,8,5.0,3167
10.266510537974687,13,3.0,-587
10.266540177971722,5,4.0,0
10.266596930088323,13,3.0,-754
10.266636187229448,6,1.0,4804
10.266656897862278,14,12.0,-169
10.266689908836424,14,3.0,-927
10.26692030642671,1,5.0,6000
10.26741121320244,7,49.0,2398
10.268081047935834,6,4.0,5835
10.268673474021009,14,3.0,-860
10.268912020252287,13,6.0,-979
10.268912020252287,17,6.0,-979
10.268936605497156,1,3.0,6001
10.268963732045297,9,3.0,2707
10.269271857666496,6,5.0,5673
10.269500191458805,1,1.0,6002
10.269502062523681,6,3.0,4786
10.26982251808818,7,51.0,1300
10.27027930186134,6,1.0,5203
10.270332478536641,5,2.0,0
10.270457327194132,5,5.0,0
10.270674822902322,6,5.0,5771
10.270712063303531,6,5.0,5565
10.270829760920623,6,4.0,5644
10.271160655719852,1,1.0,6003
10.271198215791783,13,6.0,-418
10.271445632489916,7,1.0,3368
10.271870315231048,13,1.0,-254
10.273684397283574,9,3.0,4670
10.273780322164464,5,1.0,0
10.274305757444955,9,3.0,3715
10.274478470251264,7,7.0,4254
10.27494811105899,5,1.0,0
10.275093667154067,1,8.0,6004
10.275238218924333,5,5.0,0
10.276033563744717,1,1.0,6005
10.276521556598404,6,2.0,5969
10.277340171330565,3,58.0,6006
10.277358872731574,8,1.0,4230
10.27747032439419,7,2.0,884
10.277528980692203,1,1.0,6007
10.277531519747505,7,5.0,2457
10.27763242256151,1,3.0,6008
10.278577051676265,1,14.0,6009
10.279047569817886,5,1.0,0
10.279267961063846,6,1.0,5240
10.27960098223194,14,1.0,-1041
10.279825877653229,14,3.0,-166
10.279825877653229,17,3.0,-166
10.279857617555788,14,6.0,-720
10.279857617555788,17,6.0,-720
10.279948952309141,7,10.0,4447
10.28018033335618,7,15.0,4870
10.280339588230632,6,9.0,5802
10.280347559887577,7,7.0,4723
10.281339368464808,13,1.0,-43
10.28140876324014,13,12.0,-650
10.28140876324014,17,12.0,-650
10.281803993668735,1,2.0,6010
10.282413930194277,14,1.0,-167
10.282554868895478,13,1.0,-816
10.282554868895478,17,1.0,-816
10.282586351501957,1,21.0,6011
10.282729786460713,6,16.0,5642
10.28332535966187,7,1.0,2691
10.283361848410648,6,3.0,2937
10.28376579907071,6,7.0,5466
10.283977938733253,6,1.0,3955
10.283983996613815,6,4.0,3722
10.284150562047522,5,3.0,0
10.284325799513471,7,6.0,2328
10.284881144920346,5,1.0,0
10.285038462701952,5,3.0,0
10.285597032363484,13,6.0,-120
10.286664421519376,14,1.0,-637
10.2870799625407,5,2.0,0
10.287100328358093,13,6.0,-998
10.287208181742972,6,21.0,5432
10.28741902509375,6,1.0,5981
10.287523398464891,1,1.0,6012
10.287674470818084,7,2.0,1724
10.287710880088762,13,10.0,-133
10.287710880088762,17,10.0,-133
10.288527692010756,14,1.0,-981
10.288530495220487,2,7.0,6013
10.288677420630085,1,2.0,6014
10.28869943613438,6,2.0,4567
10.288932988247762,6,1.0,4588
10.289191151354002,13,1.0,-122
10.289191151354002,17,1.0,-122
10.289408785994292,1,2.0,6015
10.289663976691937,13,6.0,-165
10.289663976691937,17,6.0,-165
10.289680546246023,8,4.0,5877
10.28977246398531,14,10.0,-25
10.289946350262634,14,8.0,-580
10.289992360818026,1,24.0,6016
10.290186072199495,2,9.0,6017
10.290699544656237,6,2.0,5663
10.29080643901128,1,3.0,6018
10.291009454252386,14,1.0,-541
10.291376135736401,7,11.0,2582
10.291419671937021,6,4.0,3613
10.291429574147731,8,5.0,5537
10.291618232655278,6,19.0,5782
10.291634006547362,13,3.0,-631
10.291678244969022,9,2.0,2873
10.291765878917358,1,2.0,6019
10.29210655026207,7,2.0,4237
10.29229743830754,9,46.0,2600
10.293018613611546,6,1.0,5445
10.293019994863629,6,2.0,4251
10.29311861686689,1,2.0,6020
10.293406912253023,14,1.0,-261
10.293406912253023,17,1.0,-261
10.293471008551066,13,5.0,-600
10.293471008551066,17,5.0,-600
10.293832924403269,7,41.0,2181
10.294001988013454,1,3.0,6021
10.294243015386861,6,3.0,5600
10.294787896506666,8,1.0,5402
10.295082417072907,6,11.0,5647
10.295570841075294,7,4.0,4878
10.295850501026477,6,3.0,5891
10.295913104953225,1,10.0,6022
10.296283477655466,5,6.0,0
10.296299212567808,6,3.0,6001
10.296671329445452,1,1.0,6023
10.296716279885786,1,1.0,6024
10.296880685941389,6,27.0,5424
10.297003708120881,1,3.0,6025
10.297717806694752,5,2.0,0
10.298018051321836,6,1.0,5992
10.2980190366246,7,12.0,4169
10.298127692054408,14,3.0,-710
10.298134750792393,7,11.0,3929
10.298489471133715,14,4.0,-851
10.298817732086427,14,5.0,-144
10.299055357469035,1,11.0,6026
10.299097222723262,7,5.0,4252
10.2991167721076,5,1.0,0
10.299283877296977,1,1.0,6027
10.29992439665827,6,22.0,4542
10.300124069680239,6,4.0,5512
10.300537678459403,9,3.0,4605
10.300787235553475,7,52.0,3384
10.300911841844758,8,2.0,3350
10.301157012582628,7,1.0,4640
10.301240360382739,7,3.0,4759
10.301457060411732,8,2.0,3884
10.301614814728289,13,9.0,-40
10.30174281889578,5,1.0,0
10.302116233265474,8,35.0,4579
10.302142638677992,7,3.0,4016
10.302145958969104,6,6.0,5357
10.302204198814648,5,14.0,0
10.302280213204183,1,1.0,6028
10.302404902615693,7,4.0,4578
10.303129725481398,13,46.0,-515
10.303443654112495,7,9.0,4558
10.303492734449547,7,13.0,1947
10.303527862043474,6,3.0,5896
10.303649859464116,7,5.0,3605
10.303828910960966,6,6.0,5515
10.303902773934606,10,34.0,5973
10.304015453309226,6,1.0,5929
10.304174662251327,7,1.0,3122
10.304760817725617,5,1.0,0
10.304760937227943,1,5.0,6029
10.305839051155324,7,7.0,3422
10.306268049879648,1,2.0,6030
10.306292422548266,1,2.0,6031
10.307157965763267,7,59.0,2963
10.308371264780478,7,30.0,2421
10.30870959604957,13,6.0,-509
10.308738158106685,5,3.0,0
10.309578164604146,6,7.0,5857
10.309662371676074,4,6.0,6032
10.30968591631753,14,7.0,-88
10.310275442114113,1,2.0,6033
10.310764359840203,7,55.0,2408
10.310801698099613,7,54.0,2188
10.311022349112015,5,2.0,0
10.311086634955727,5,2.0,0
10.3114228417733,13,1.0,-954
10.31143654971647,6,3.0,4475
10.312086583531766,5,3.0,0
10.312368521218087,9,3.0,1413
10.313044851795793,14,1.0,-764
10.313044851795793,17,1.0,-764
10.31312281488165,14,1.0,-198
10.31312281488165,17,1.0,-198
10.313441414264128,1,3.0,6034
10.313546051260248,13,1.0,-485
10.313986552864671,6,10.0,5014
10.314008629240622,6,2.0,5888
10.314155779192946,7,5.0,3089
10.314581580628518,5,3.0,0
10.314721005430552,7,7.0,3976
10.315049439524842,14,3.0,-89
10.315235827115092,7,10.0,3355
10.315820774552895,9,34.0,4545
10.316013088097886,5,6.0,0
10.3160762338087,13,2.0,-303
10.316320588179204,13,1.0,-946
10.316353043240339,6,5.0,5554
10.316702030747654,7,4.0,4261
10.316757844692136,5,3.0,0
10.316890930013045,6,5.0,5439
10.31756539847094,6,2.0,4825
10.317610895043876,6,2.0,6033
10.317724821800859,6,4.0,5450
10.318344094186003,7,7.0,1523
10.31849641687592,7,1.0,1439
10.318643257121977,7,3.0,4797
10.318947033269103,6,1.0,5942
10.319102153512803,6,1.0,5863
10.319593348352374,1,3.0,6035
10.31976862674217,7,36.0,3252
10.31984156201415,13,7.0,-186
10.319851459736253,5,4.0,0
10.320005883588593,13,1.0,-972
10.32043253186267,13,1.0,-786
10.320915896086163,13,1.0,-129
10.321354666286474,13,1.0,-134
10.32163460041997,1,2.0,6036
10.321985907790214,1,2.0,6037
10.32205261896852,1,7.0,6038
10.322118821668893,7,1.0,3116
10.3221313810993,13,6.0,-123
10.322133399938524,14,9.0,-414
10.322265151739423,14,4.0,-618
10.322265151739423,17,4.0,-618
10.322648310850251,6,6.0,5505
10.322949502038393,14,8.0,-482
10.322954685212071,7,56.0,3476
10.323076071867447,6,6.0,5551
10.323305170700076,7,4.0,4118
10.323337265423733,5,5.0,0
10.323777536116337,6,3.0,3228
10.323965464932975,13,1.0,-101
10.324113784150285,1,19.0,6039
10.324584144575796,6,4.0,5685
10.324804514805132,1,4.0,6040
10.325048156851508,6,4.0,4485
10.325140575800996,6,3.0,5325
10.32528183616197,7,4.0,3843
10.325753446212333,14,1.0,-805
10.325923515083492,7,52.0,3224
10.32599053870465,6,5.0,5419
10.326065777867418,1,4.0,6041
10.326197913949791,7,15.0,3930
10.32621249389359,6,3.0,5056
10.326272724923554,6,7.0,5456
10.326295646718537,6,1.0,5157
10.326393563620359,6,1.0,5134
10.326479043775098,6,3.0,5653
10.326763593373586,13,6.0,-141
10.326763593373586,17,6.0,-141
10.326816631525636,7,31.0,2648
10.327240296223744,1,6.0,6042
10.328494162501379,6,39.0,5974
10.328689331675953,7,3.0,1949
10.32880128857737,14,2.0,-819
10.32880128857737,17,2.0,-819
10.329472426147337,8,3.0,504
10.32969022116772,6,5.0,5442
10.32992994918554,14,13.0,-709
10.3303148493562,1,4.0,6043
10.330509874484118,1,3.0,6044
10.330537916495198,7,5.0,4038
10.330578260095084,7,3.0,3716
10.330601175627782,6,14.0,4769
10.330822830478892,6,7.0,5683
10.331406902024037,6,3.0,3900
10.331964261016298,5,36.0,0
10.332019341268182,7,3.0,1840
10.332260541921753,1,9.0,6045
10.332443971524972,9,26.0,1284
10.3330618372034,6,1.0,5084
10.333650700346984,5,2.0,0
10.333997438823756,5,3.0,0
10.334705270864593,1,1.0,6046
10.33488499234501,7,5.0,3943
10.335146480408032,9,4.0,2325
10.335398184855219,8,28.0,4687
10.335603585838712,7,5.0,2280
10.335915088535161,7,42.0,2416
10.33595346386912,1,5.0,6047
10.3364160947319,9,5.0,3666
10.336670925904201,13,1.0,-6
10.336670925904201,17,1.0,-6
10.3368037109061,6,4.0,5776
10.33719258448756,14,2.0,-835
10.33719258448756,17,2.0,-835
10.337747012803842,14,3.0,-798
10.337747012803842,17,3.0,-798
10.337799078050864,1,1.0,6048
10.338376923347703,7,6.0,925
10.338647997182452,5,4.0,0
10.338818849552052,6,3.0,5170
10.338891452223287,6,1.0,5790
10.339432534884375,6,3.0,6025
10.339471726661708,5,1.0,0
10.339621073793404,8,3.0,5724
10.339665973290886,1,2.0,6049
10.339727225775512,7,2.0,4927
10.339833668747502,14,2.0,-337
10.339992914699813,7,17.0,3458
10.34036557439811,6,2.0,2486
10.340566440041421,13,26.0,-883
10.340801966216125,13,1.0,-363
10.340801966216125,17,1.0,-363
10.340860166498725,6,1.0,3766
10.341122591799172,13,7.0,-788
10.341667102436226,14,1.0,-345
10.342180411151542,13,1.0,-622
10.342530491780341,7,9.0,3303
10.342849391902732,1,36.0,6050
10.343372978468242,13,3.0,-68
10.343402664224943,9,6.0,3265
10.344641210593675,6,4.0,5917
10.344819949481352,7,15.0,3450
10.3452889447594,9,2.0,3727
10.34584394149919,1,4.0,6051
10.345991270373135,5,2.0,0
10.346247765937992,13,3.0,-988
10.34680390252007,5,4.0,0
10.347242795516882,9,8.0,3874
10.347471301045019,7,2.0,4380
10.347657033338322,6,57.0,1639
10.347675719072893,5,1.0,0
10.347989234477097,9,7.0,3302
10.34831602571478,13,5.0,-317
10.348921099557526,13,1.0,-507
10.349075046813683,13,1.0,-644
10.34930456483335,1,21.0,6052
10.349725554261962,14,3.0,-531
10.350024848757624,5,1.0,0
10.350221553725534,7,3.0,2953
10.350312988949193,9,25.0,2200
10.350588047086255,7,1.0,3978
10.35073912667038,7,4.0,1466
10.350821490042614,13,2.0,-832
10.35199386941639,13,2.0,-282
10.35199386941639,17,2.0,-282
10.352131179206221,6,6.0,5500
10.35237434052559,13,1.0,-756
10.352386171163483,13,1.0,-809
10.352386171163483,17,1.0,-809
10.352570695758157,6,1.0,5816
10.35357138172412,13,1.0,-564
10.3538628269322,6,2.0,5898
10.353895326601084,13,5.0,-236
10.353999099177356,9,41.0,2871
10.354104896181315,14,1.0,-795
10.3541231422827,9,5.0,3093
10.354130319113878,7,3.0,3853
10.35434021768183,7,4.0,3363
10.354706487576063,1,7.0,6053
10.35502562124061,6,1.0,4773
10.355077808296885,13,1.0,-456
10.355080375601466,1,5.0,6054
10.355122807270646,6,1.0,4776
10.355163794809616,6,2.0,5332
10.35520255702944,5,1.0,0
10.355210902093862,6,4.0,5814
10.355295695734121,6,2.0,6049
10.356393742706805,5,2.0,0
10.357058059821476,13,2.0,-20
10.357058059821476,17,2.0,-20
10.357122843647954,7,5.0,1261
10.357201094244893,6,1.0,5964
10.357479241922418,5,2.0,0
10.358220000166279,6,6.0,4792
10.358231278005036,7,13.0,784
10.358231278005036,16,13.0,784
10.358341813969151,5,1.0,0
10.359367421383366,13,3.0,-177
10.35946369767652,7,8.0,3338
10.359582405612748,6,4.0,3041
10.35965312038983,5,11.0,0
10.359904589990164,13,4.0,-92
10.359947503833693,6,2.0,5903
10.359975827473185,6,2.0,5616
10.360196734766419,7,2.0,3517
10.360240165488005,13,17.0,-849
10.360672923696375,6,3.0,5343
10.361137570931515,6,2.0,5643
10.361239382054073,7,2.0,3948
10.361377458867747,13,2.0,-848
10.361377458867747,17,2.0,-848
10.361540372482274,14,3.0,-413
10.36186987093872,7,2.0,2843
10.362168901268529,7,1.0,3610
10.36219613598005,13,1.0,-460
10.362325289460323,5,6.0,0
10.362721369804186,6,3.0,5310
10.362813266269677,7,20.0,3158
10.36308185861805,7,3.0,4877
10.36313501081218,6,3.0,5684
10.363612791203018,14,1.0,-362
10.364132903620902,13,2.0,-794
10.364161346826393,1,3.0,6055
10.364218927861915,1,2.0,6056
10.364237045532855,13,1.0,-1017
10.364245063516258,14,1.0,-44
10.364245063516258,17,1.0,-44
10.365583565571384,13,2.0,-825
10.366034516861019,13,1.0,-552
10.366034516861019,17,1.0,-552
10.366142539531428,7,11.0,2068
10.366499575125484,9,3.0,3460
10.366891952233802,7,3.0,3918
10.367058321417042,13,3.0,-246
10.367075506459518,8,60.0,5009
10.367192159540853,5,3.0,0
10.367516344531367,5,4.0,0
10.367516429411502,6,1.0,6003
10.367527259717923,7,1.0,4296
10.36758907530509,9,1.0,3912
10.367783152549848,9,2.0,3124
10.367830850723822,7,3.0,1619
10.367872513769775,7,8.0,3539
10.368013238700463,5,11.0,0
10.368016796919049,13,1.0,-625
10.368143074601964,5,4.0,0
10.368293607328038,7,10.0,4705
10.369321411369391,7,58.0,4139
10.36955634605281,7,27.0,4163
10.369660582580751,1,1.0,6057
10.370447851761714,7,4.0,3681
10.370764308245484,6,32.0,4617
10.371139695920187,1,4.0,6058
10.371167493632107,7,1.0,2632
10.371266755676666,7,9.0,1819
10.371620901141721,5,3.0,0
10.371627025913876,13,2.0,-857
10.371706623147137,7,37.0,2173
10.372074341778749,6,37.0,4898
10.372622753394019,14,4.0,-571
10.372953550500782,8,5.0,5848
10.373519343447768,8,3.0,5146
10.373532745538323,13,1.0,-411
10.373919053301696,8,1.0,2435
10.374091063415365,6,2.0,6036
10.374203515816527,9,1.0,2914
10.374234005448585,6,3.0,5861
10.374314862067123,7,7.0,3401
10.374520570708876,13,2.0,-218
10.375362876809756,13,2.0,-781
10.375362876809756,17,2.0,-781
10.375840019501517,1,7.0,6059
10.375874052430685,5,6.0,0
10.375907333858793,7,7.0,2903
10.37692232261964,9,5.0,4660
10.377573902987715,5,5.0,0
10.377772496630914,14,9.0,-276
10.377829385780501,1,2.0,6060
10.37808314942672,13,1.0,-410
10.378147609180774,13,35.0,-1045
10.378292815533609,7,4.0,3834
10.378449632809167,13,2.0,-185
10.379028313011233,14,2.0,-575
10.379028313011233,17,2.0,-575
10.379305638551852,14,2.0,-272
10.379305638551852,17,2.0,-272
10.379334545044156,6,1.0,5674
10.379338432659491,13,2.0,-844
10.379383920765742,14,4.0,-941
10.379383920765742,17,4.0,-941
10.379388515154064,1,6.0,6061
10.379455260904487,13,4.0,-32
10.379487954351559,13,13.0,-90
10.379487954351559,17,13.0,-90
10.37960815427229,14,3.0,-245
10.379662385388647,7,4.0,3541
10.380252372140413,5,1.0,0
10.380687505387941,1,12.0,6062
10.380782765197283,1,3.0,6063
10.380973495016589,9,12.0,2283
10.380980350334836,7,3.0,2698
10.381505353649434,5,1.0,0
10.38160523569643,9,3.0,2247
10.38165549954332,6,2.0,5368
10.381925613409802,13,3.0,-670
10.381986157352141,13,4.0,-37
10.381986157352141,17,4.0,-37
10.381998966807231,1,3.0,6064
10.382009352654032,6,1.0,5614
10.382467495598611,9,17.0,4418
10.382827694452704,14,4.0,-46
10.38318986116526,9,1.0,4147
10.383374162233114,14,13.0,-461
10.38367369553439,14,3.0,-502
10.38435132252499,13,1.0,-298
10.384688505699879,7,1.0,4431
10.38473512287689,13,1.0,-579
10.384797378082942,6,6.0,5463
10.38487054033474,1,5.0,6065
10.385314191984584,5,11.0,0
10.385465967582,5,1.0,0
10.385466441296114,6,6.0,3485
10.385643637770647,5,3.0,0
10.385928308166303,113,59.0,-856
10.386012277239962,6,3.0,4785
10.387669875760666,13,1.0,-56
10.387755475304843,8,2.0,5452
10.387903049416503,13,5.0,-760
10.387978576078114,8,12.0,4750
10.388179152003625,14,5.0,-419
10.388593701505084,14,7.0,-715
10.388776714069193,5,3.0,0
10.38929725470139,13,4.0,-429
10.389341110088413,13,1.0,-309
10.389507754019558,14,10.0,-375
10.389857910408006,14,3.0,-526
10.389864695389862,5,2.0,0
10.390303113148407,2,1.0,6066
10.39081027088813,13,2.0,-721
10.391015013441018,5,4.0,0
10.391033405744848,13,1.0,-656
10.391126037153366,9,20.0,310
10.391132440957591,8,6.0,3423
10.391200397656712,1,3.0,6067
10.391355627304646,6,7.0,4901
10.391592925229347,6,3.0,6067
10.391648040720927,5,2.0,0
10.391732834694306,9,2.0,4581
10.392153251743652,13,1.0,-35
10.392403027665535,13,2.0,-619
10.39247246883854,13,2.0,-360
10.39247246883854,17,2.0,-360
10.392536205138406,7,8.0,3495
10.392641760327152,1,3.0,6068
10.393330812157593,1,9.0,6069
10.393566749717928,13,1.0,-558
10.39400128121842,14,2.0,-397
10.3942946638703,13,1.0,-543
10.394594610706726,14,3.0,-221
10.394711134727327,14,7.0,-774
10.394711134727327,17,7.0,-774
10.394834550412227,14,11.0,-338
10.394861531355657,1,4.0,6070
10.39500102670177,6,3.0,6055
10.395129662111,6,7.0,5800
10.395233010529685,6,4.0,5575
10.395888902396724,13,2.0,-62
10.396119205929402,14,1.0,-231
10.396193072963293,5,8.0,0
10.396213222937977,13,3.0,-561
10.396213222937977,17,3.0,-561
10.396473182781355,1,11.0,6071
10.39678608047263,8,23.0,2221
10.396864904742536,5,1.0,0
10.396964977608727,7,4.0,4487
10.397165960290378,13,2.0,-789
10.397165960290378,17,2.0,-789
10.397493092022518,14,7.0,-384
10.397520038997929,1,2.0,6072
10.397698968421402,1,2.0,6073
10.397775483283196,7,5.0,4577
10.398061017674372,7,3.0,3305
10.399724168760192,7,6.0,4813
10.399726233293654,1,18.0,6074
10.400264025804363,13,4.0,-286
10.400376628862794,8,24.0,1960
10.401105729239784,1,7.0,6075
10.401239489801796,13,2.0,-296
10.401668389025046,5,1.0,0
10.401681257944412,13,52.0,-691
10.401778974763703,13,1.0,-459
10.401879591547285,7,50.0,2549
10.402073713674675,14,4.0,-31
10.402441147809448,7,5.0,4498
10.402585411877622,6,2.0,5918
10.40268235921165,7,17.0,2275
10.402997521574125,1,4.0,6076
10.403028943237295,6,4.0,5995
10.40339565215685,13,3.0,-1011
10.404293235964298,6,8.0,4816
10.40473063192261,13,1.0,-559
10.40485411402095,14,5.0,-72
10.404878387868708,13,2.0,-352
10.404914806524392,13,6.0,-612
10.404916775065308,7,6.0,1068
10.405089033205742,1,3.0,6077
10.405108228521017,5,2.0,0
10.405117844054221,7,1.0,1956
10.405236730526848,13,2.0,-947
10.40536587324308,8,2.0,5012
10.405877027304197,6,9.0,4309
10.406407177385717,7,4.0,990
10.406824706909003,7,7.0,5106
10.407838819383674,1,22.0,6078
10.408874990707695,13,2.0,-695
10.408958610889535,13,2.0,-214
10.408958610889535,17,2.0,-214
10.409010899508722,8,1.0,425
10.409378313109976,8,2.0,5180
10.40964695559906,13,1.0,-457
10.410412563429396,7,6.0,1976
10.410437623835907,7,4.0,4625
10.41044593165464,5,3.0,0
10.410679803893693,1,1.0,6079
10.41074238127624,6,6.0,5846
10.410870677020277,6,15.0,3325
10.411180632004738,6,23.0,3565
10.411329559587498,1,5.0,6080
10.411445060433017,13,1.0,-759
10.411445060433017,17,1.0,-759
10.411739148026061,7,1.0,2827
10.411865179149089,13,4.0,-24
10.411961662619914,8,2.0,3155
10.412046213650953,6,8.0,5414
10.41212233943801,7,5.0,5313
10.412780661600134,6,5.0,3809
10.413003963052986,8,3.0,4056
10.413329945566142,1,2.0,6081
10.41392117619416,7,19.0,1951
10.41445803435983,6,4.0,4972
10.414619326968214,7,9.0,3586
10.41519247224427,7,33.0,4241
10.41606319513404,1,4.0,6082
10.416233355322806,6,4.0,5135
10.416270790017125,13,57.0,-138
10.416270790017125,17,57.0,-138
10.416440803846251,1,3.0,6083
10.41648516383311,7,11.0,4781
10.416579671799674,7,14.0,2522
10.416903128342575,1,1.0,6084
10.416981544027117,13,1.0,-341
10.41763480000065,13,1.0,-917
10.41763480000065,17,1.0,-917
10.417758991525263,7,9.0,2513
10.417867828362526,1,18.0,6085
10.417910831122597,9,6.0,1307
10.418668444788361,6,6.0,5936
10.418727661001732,14,3.0,-204
10.419820427263602,9,52.0,3434
10.419821409455395,6,8.0,4547
10.41993666670086,1,14.0,6086
10.420292376393437,6,40.0,2304
10.420779343057335,13,6.0,-8
10.420779343057335,17,6.0,-8
10.421132226651105,13,1.0,-446
10.421132226651105,17,1.0,-446
10.421458173552477,7,3.0,4789
10.421729284831411,7,59.0,2373
10.422321073700324,13,2.0,-893
10.422321073700324,17,2.0,-893
10.42245244715323,13,1.0,-528
10.422520347494421,13,1.0,-54
10.42264848975831,5,3.0,0
10.422861581230135,6,6.0,5865
10.422984665819907,13,13.0,-238
10.423345776095243,13,1.0,-1024
10.423565580894978,6,2.0,5275
10.42363935059492,8,5.0,3211
10.42388323727392,5,1.0,0
10.424012245184896,1,7.0,6087
10.424061617300936,6,2.0,5665
10.42419264032197,8,47.0,3433
10.424244695264106,8,1.0,4021
10.42435979272007,14,2.0,-1049
10.425172653089243,9,6.0,3749
10.42536095738976,7,6.0,4205
10.42541593671247,13,2.0,-845
10.42541593671247,17,2.0,-845
10.425744265377308,1,3.0,6088
10.425759440739816,14,2.0,-229
10.426307377836487,13,2.0,-1020
10.426642652065153,7,3.0,1995
10.42725051391766,7,1.0,5528
10.427652349863493,9,42.0,2730
10.428212034415852,1,3.0,6089
10.428459697887192,1,7.0,6090
10.428497786132636,7,4.0,3373
10.428567900152215,113,57.0,-861
10.428940991845044,6,50.0,5710
10.429337548141952,7,9.0,1380
10.429535911889488,14,8.0,-822
10.429554208125507,6,2.0,5987
10.42971013027128,13,1.0,-504
10.429749824495202,5,4.0,0
10.429968217369078,6,9.0,5731
10.430009240936716,5,1.0,0
10.430303346044552,9,2.0,4887
10.430393412136121,1,14.0,6091
10.43092440540843,6,1.0,6048
10.431037357384474,1,3.0,6092
10.432044149757974,7,5.0,1778
10.43235880652948,6,3.0,5236
10.432390551418047,5,2.0,0
10.432449782405666,7,8.0,4257
10.432929237440145,14,2.0,-445
10.433216333873473,1,1.0,6093
10.43402679978909,8,1.0,5815
10.434137048519066,1,5.0,6094
10.434528550612724,7,2.0,4940
10.434530556323507,1,3.0,6095
10.434572078828598,6,2.0,6037
10.43458470039977,1,3.0,6096
10.434615578398185,5,3.0,0
10.434783116653831,14,2.0,-839
10.435235782342478,13,3.0,-45
10.435546554591944,7,3.0,2985
10.435648898523898,9,34.0,2119
10.43577504221266,5,8.0,0
10.437322818831063,9,24.0,3056
10.437400090347587,9,3.0,1138
10.437442181406125,9,55.0,3408
10.437780746492619,1,5.0,6097
10.438269683465524,7,2.0,4186
10.43828815157108,13,2.0,-150
10.439152927633465,13,25.0,-117
10.439695035010896,6,1.0,5899
10.439733701301385,5,4.0,0
10.439766276216124,1,52.0,6098
10.440649969000773,13,2.0,-484
10.440869862360296,14,4.0,-722
10.441248561029047,8,1.0,3489
10.441539879737503,5,1.0,0
10.44170770436708,6,2.0,5220
10.442199150012119,1,9.0,6099
10.442696059411274,7,4.0,2791
10.442787220125819,1,3.0,6100
10.443126472154642,5,1.0,0
10.443208950458146,1,10.0,6101
10.443465928068614,14,3.0,-750
10.443552603292842,7,2.0,4950
10.443587495699887,7,1.0,5074
10.443892475332355,7,5.0,5042
10.443923151379208,14,1.0,-780
10.443923151379208,17,1.0,-780
10.443975284690408,7,1.0,1374
10.444697710934745,13,2.0,-937
10.44538606045614,6,7.0,1499
10.445626827813612,1,2.0,6102
10.445731092621095,13,8.0,-85
10.445767079930025,2,6.0,6103
10.44621027499868,13,1.0,-503
10.44633340691328,7,8.0,5094
10.446556888435168,13,1.0,-743
10.447353312734606,5,2.0,0
10.44753760036045,1,3.0,6104
10.448038871475152,9,1.0,2954
10.448684547760758,7,4.0,3624
10.448874611532673,14,3.0,-871
10.44888320788083,13,3.0,-1028
10.44960924137863,6,1.0,5682
10.45032183516025,6,12.0,5158
10.45037102631021,6,4.0,5945
10.45038955700848,14,3.0,-595
10.45038955700848,17,3.0,-595
10.451132216277452,13,6.0,-945
10.451409169087842,6,2.0,5265
10.451574311437428,5,5.0,0
10.451650924022658,13,1.0,-761
10.451932315760983,8,8.0,3241
10.452289890511327,14,5.0,-959
10.452352137256979,1,2.0,6105
10.452593656602447,7,7.0,1994
10.452636298925754,7,12.0,3628
10.452726337824265,13,3.0,-821
10.452908883125842,8,2.0,6049
10.452922389549956,5,3.0,0
10.453005913034952,5,1.0,0
10.453021805425562,1,21.0,6106
10.453065774304857,1,1.0,6107
10.453280680412245,1,1.0,6108
10.45349490917894,7,4.0,4372
10.45359009411902,9,25.0,4933
10.453700586158645,7,42.0,2152
10.454409749077689,5,2.0,0
10.454542782638054,7,2.0,4949
10.45488967952917,1,7.0,6109
10.455031017651814,8,5.0,4606
10.455044874010968,13,2.0,-184
10.455173573130041,6,6.0,3984
10.455260686043298,1,2.0,6110
10.455590398664798,13,1.0,-256
10.455590398664798,17,1.0,-256
10.45590410211684,7,27.0,840
10.455970532484784,16,4.0,3530
10.45622151122134,7,2.0,4012
10.456294444642783,6,8.0,5132
10.456904599173132,6,29.0,4315
10.45739062949577,8,14.0,5099
10.457455862109521,6,3.0,6064
10.457825575860747,8,8.0,5258
10.45799088990292,7,59.0,242
10.45823297234858,1,2.0,6111
10.458538402916224,7,3.0,2208
10.458974632798089,13,1.0,-420
10.458974632798089,17,1.0,-420
10.459598490736546,6,2.0,5472
10.459840122249004,14,10.0,-75
10.459840122249004,17,10.0,-75
10.459858556274801,7,2.0,3543
10.460164247744576,6,3.0,5659
10.460395016420483,6,5.0,6029
10.46098710046111,6,4.0,4591
10.46102278091546,13,10.0,-594
10.461141360330554,14,23.0,-454
10.461141360330554,17,23.0,-454
10.461311487448977,7,3.0,589
10.461803534097898,13,1.0,-675
10.461803534097898,17,1.0,-675
10.462460973453515,7,47.0,4357
10.46253977015102,6,52.0,6098
10.462768677422064,1,23.0,6112
10.462898957513001,5,2.0,0
10.462904337827323,5,11.0,0
10.463103600101723,1,1.0,6113
10.463139864127717,1,8.0,6114
10.463165703666455,8,8.0,5441
10.463265901020886,13,7.0,-566
10.463580710007072,6,1.0,5370
10.463620891172763,6,6.0,5416
10.463714018001339,6,1.0,5763
10.464336068332816,13,17.0,-639
10.464336068332816,17,17.0,-639
10.464409385416374,7,12.0,3913
10.464445227696508,5,5.0,0
10.464662390880754,5,2.0,0
10.464680353288818,1,5.0,6115
10.464855694192327,7,8.0,1234
10.464900764143538,14,1.0,-540
10.464900764143538,17,1.0,-540
10.465075409542882,6,3.0,5827
10.465983715385795,1,1.0,6116
10.466046873626503,14,1.0,-505
10.466230479428646,14,2.0,-583
10.466259607324892,1,3.0,6117
10.466291489549272,14,8.0,-148
10.466489076113058,5,2.0,0
10.46651190756705,14,4.0,-159
10.46651190756705,17,4.0,-159
10.466775154577636,14,2.0,-15
10.466857721630777,6,3.0,4422
10.467472064606723,8,2.0,3019
10.467605660465443,6,5.0,6094
10.467968306208032,6,13.0,3143
10.468128642603887,14,3.0,-103
10.46839596118872,7,14.0,5248
10.468714491677726,14,14.0,-1037
10.468994678168889,2,19.0,6118
10.46934760240753,5,4.0,0
10.469679494310062,8,2.0,5768
10.469689777925588,5,4.0,0
10.469693556425337,1,2.0,6119
10.469714583386997,6,8.0,5564
10.469794655229705,13,3.0,-674
10.469869322997324,7,6.0,2415
10.469874474534537,7,5.0,4506
10.470160542514932,6,4.0,6076
10.470372196142527,13,2.0,-125
10.470373601711401,13,2.0,-433
10.470431807049971,1,6.0,6120
10.47054968259048,6,3.0,5290
10.471547485939663,1,8.0,6121
10.471596011544726,1,3.0,6122
10.471989613823277,5,10.0,0
10.472207143930179,13,3.0,-463
10.472334614717244,13,2.0,-804
10.472641909468518,5,1.0,0
10.4729124383245,7,26.0,2888
10.472955964552549,6,4.0,5779
10.47347959906244,7,29.0,4973
10.474032339338793,10,58.0,6006
10.474582321565046,13,1.0,-2
10.475171449636012,6,1.0,5766
10.475179236719985,1,3.0,6123
10.47526599997929,1,2.0,6124
10.475531768811438,6,1.0,5993
10.475653866474289,7,2.0,2422
10.476184290699079,13,4.0,-645
10.47639938853234,1,4.0,6125
10.47645748319691,7,2.0,2143
10.476682478001687,5,6.0,0
10.47678975792252,1,15.0,6126
10.477013583828795,6,3.0,5805
10.477061615228529,13,1.0,-477
10.477061615228529,17,1.0,-477
10.47719620471626,6,3.0,6089
10.477650897353145,7,8.0,4302
10.478076727925096,1,4.0,6127
10.478385785780251,7,1.0,1474
10.47840789010883,1,2.0,6128
10.478581828022884,4,23.0,6129
10.478602330889,8,1.0,2987
10.478609947056189,9,41.0,4672
10.47895746087062,7,5.0,4922
10.479281151373415,7,2.0,5283
10.479855888047354,14,10.0,-831
10.479855888047354,17,10.0,-831
10.479938600671233,1,17.0,6130
10.480112303963676,13,1.0,-758
10.480210339767705,13,33.0,-987
10.480574319994956,5,1.0,0
10.480884049295055,7,5.0,4762
10.481048434977916,1,2.0,6131
10.48154066951404,13,9.0,-1006
10.48154066951404,17,9.0,-1006
10.48208565688345,7,16.0,4142
10.48215562610364,5,4.0,0
10.48218869210319,6,3.0,5678
10.482437650673022,9,6.0,3891
10.48326504513163,13,2.0,-474
10.48326504513163,17,2.0,-474
10.483359433354966,1,2.0,6132
10.483445020954305,1,4.0,6133
10.483854128227074,6,1.0,5449
10.484050031968618,7,55.0,4014
10.48553008403293,13,1.0,-605
10.485675060458856,6,10.0,5130
10.485912436051361,14,2.0,-881
10.486050845817745,16,2.0,2276
10.486308790415583,6,3.0,5928
10.486388851330965,1,2.0,6134
10.487611128350993,5,1.0,0
10.487877940135311,7,15.0,3156
10.48799055472841,5,4.0,0
10.488186458044249,1,5.0,6135
10.489276257232573,5,4.0,0
10.48958822518807,5,2.0,0
10.489860095929497,13,2.0,-390
10.490137573731484,7,52.0,3191
10.490251533315986,7,37.0,2515
10.490370654529972,1,2.0,6136
10.490619732112746,14,1.0,-661
10.49064610542801,7,5.0,4663
10.491413638619322,7,19.0,2316
10.49159076290448,8,3.0,5801
10.49223571676097,1,1.0,6137
10.4925534319976,13,2.0,-18
10.492572116563906,9,6.0,1578
10.492975304796065,5,10.0,0
10.492995430793753,5,3.0,0
10.493231411978952,6,13.0,4399
10.493250413411022,1,21.0,6138
10.493783818602163,1,18.0,6139
10.493998267908923,14,1.0,-855
10.49407592690538,7,10.0,2893
10.494371254731574,5,10.0,0
10.494669696582756,14,6.0,-104
10.49490028890007,9,1.0,5120
10.494999412179908,14,2.0,-275
10.49517950886495,6,3.0,4495
10.495595150033605,7,2.0,4953
10.496150439121113,5,2.0,0
10.496318573162089,6,3.0,5868
10.496362267418426,7,12.0,5326
10.497404249784566,13,1.0,-943
10.497426784149502,6,5.0,5324
10.497613349140615,6,1.0,4651
10.498369911720793,8,2.0,3552
10.49841508766072,5,7.0,0
10.498468839183564,6,4.0,6058
10.499034618153095,5,3.0,0
10.49909490328354,7,13.0,2082
10.499202717998362,6,3.0,2750
10.499328453991996,13,3.0,-702
10.499573379038887,8,2.0,4102
10.499574615825074,8,3.0,2032
10.499596972949455,9,28.0,4687
10.499803338666373,13,1.0,-1038
10.499803338666373,17,1.0,-1038
10.49995182314256,13,8.0,-899
10.500056282202877,8,19.0,2102
10.500123389464626,6,3.0,5646
10.50023363112635,13,1.0,-441
10.50023363112635,17,1.0,-441
10.500432497663969,1,2.0,6140
10.500547745760818,13,1.0,-880
10.500559535367811,7,3.0,4692
10.50090447493678,1,5.0,6141
10.500981062946089,1,6.0,6142
10.501053583954597,5,3.0,0
10.5010854753769,13,6.0,-846
10.50154809830514,1,5.0,6143
10.501882254806644,7,3.0,2585
10.502527517150671,14,4.0,-568
10.502527517150671,17,4.0,-568
10.502592563541036,9,57.0,1558
10.502721425820127,1,5.0,6144
10.502753626471993,7,10.0,3765
10.503506670318986,9,36.0,2113
10.503634262981844,1,7.0,6145
10.504393976269096,6,7.0,3392
10.504585668370177,6,7.0,5962
10.504924307401632,4,7.0,6146
10.50519138744946,13,2.0,-228
10.505933129769746,13,5.0,-353
10.505940576259224,6,1.0,4234
10.506035022234592,6,5.0,5362
10.506215285023055,5,1.0,0
10.506254337989683,5,4.0,0
10.506474461902064,9,2.0,3314
10.506885598481412,7,3.0,5388
10.507308501580873,7,3.0,5060
10.507544946222271,1,11.0,6147
10.507577027972069,7,5.0,4945
10.507967985277762,5,5.0,0
10.508040825436302,6,1.0,5977
10.50831746613477,13,1.0,-466
10.50831830276089,1,2.0,6148
10.508483826512194,13,15.0,-333
10.508714353684562,13,3.0,-863
10.50873318924599,6,3.0,6021
10.508790724242143,14,5.0,-422
10.508989866151937,6,1.0,5988
10.509175103764825,6,5.0,3547
10.509213957537147,6,6.0,5690
10.509529753657448,7,1.0,2112
10.509571289335632,5,14.0,0
10.509577106643,5,2.0,0
10.50982229743123,5,4.0,0
10.509880987082987,6,5.0,5136
10.509926140304417,1,2.0,6149
10.510050832656551,7,1.0,4465
10.510757261814907,1,3.0,6150
10.510891013763764,7,5.0,2779
10.511108882181151,14,1.0,-791
10.511224310165327,6,2.0,5669
10.511856966197012,1,5.0,6151
10.512036217579789,7,10.0,2476
10.512661597049686,7,30.0,4703
10.513821813942666,7,2.0,3393
10.51405217333909,13,2.0,-1014
10.514347155796024,13,8.0,-202
10.514585909858901,14,3.0,-171
10.51463563340369,13,2.0,-679
10.514684551742892,13,3.0,-128
10.514840007774959,14,1.0,-437
10.514840007774959,17,1.0,-437
10.514942018102278,14,5.0,-161
10.516445902490032,1,5.0,6152
10.516972877028465,13,1.0,-682
10.517099934619539,6,2.0,5749
10.517198456117697,8,3.0,4549
10.51725178706084,5,2.0,0
10.517575668123575,7,6.0,4499
10.51770631284798,5,28.0,0
10.517715600740694,1,24.0,6153
10.517941358342602,5,2.0,0
10.518187626545346,16,36.0,2517
10.518618817795907,13,1.0,-491
10.518762598208944,7,11.0,4009
10.519051977904796,9,4.0,3515
10.519970824444304,9,4.0,3130
10.519983752659787,9,4.0,5221
10.520177045943694,7,6.0,4238
10.5203680849623,1,1.0,6154
10.52039621055627,13,2.0,-483
10.520453188662769,1,1.0,6155
10.520839016501919,7,1.0,3386
10.520909616321571,6,2.0,5843
10.521223324630975,7,49.0,1279
10.521437297540796,6,5.0,5064
10.52193450122846,2,4.0,6156
10.525266292344845,1,3.0,6157
10.525944658126072,8,6.0,3668
10.526721790513157,7,6.0,4338
10.526926743437869,6,2.0,5379
10.526935886847202,8,7.0,4720
10.526977912782398,14,2.0,-532
10.527337332934486,5,1.0,0
10.527465120876968,6,1.0,5972
10.527518742645654,6,1.0,5195
10.527808631767927,6,4.0,6156
10.52785756796539,13,5.0,-818
10.52796129815325,7,3.0,2609
10.528068634019531,7,1.0,3879
10.528303745466518,13,2.0,-673
10.52837330870115,13,5.0,-70
10.52850372745685,5,13.0,0
10.528908679716077,5,2.0,0
10.52895726349653,6,3.0,4476
10.529010806729557,5,1.0,0
10.52940771676754,8,27.0,3287
10.529412261639528,1,5.0,6158
10.529470014931452,13,1.0,-867
10.52950246456151,9,1.0,5030
10.529891243864938,1,3.0,6159
10.530379296854788,13,4.0,-621
10.530531914622511,7,11.0,1735
10.531238219115131,14,3.0,-226
10.531625543367507,5,5.0,0
10.53163815124495,5,4.0,0
10.531699169445922,7,1.0,4082
10.531859633389427,6,22.0,4875
10.531971590057532,1,10.0,6160
10.53207037027934,5,2.0,0
10.532136515445247,6,1.0,6057
10.532735495347493,8,30.0,2596
10.532873153402877,5,3.0,0
10.53313040379008,1,3.0,6161
10.5332807406845,1,4.0,6162
10.534610508486606,1,19.0,6163
10.534805636799927,5,3.0,0
10.535329949979113,6,1.0,5629
10.535865210780843,8,2.0,3281
10.536194877600174,8,8.0,4383
10.53648138745611,13,1.0,-950
10.53648138745611,17,1.0,-950
10.536627622126252,7,4.0,2936
10.537337088909121,1,2.0,6164
10.537353232477345,9,34.0,4075
10.537528297881096,6,21.0,6106
10.537861244208605,1,9.0,6165
10.538347530343241,13,3.0,-331
10.538598145700472,9,3.0,1884
10.538713515785272,8,1.0,4324
10.53873564677792,6,22.0,6078
10.538746129782766,9,35.0,449
10.538829247293053,7,9.0,2772
10.539748674615874,6,1.0,5930
10.539900873126884,8,3.0,5343
10.540037622929395,5,4.0,0
10.540058370317793,7,9.0,547
10.540133568775968,8,6.0,5500
10.540483329782434,6,1.0,5347
10.541015022350896,14,9.0,-782
10.541219527784751,9,12.0,1382
10.54155827868227,6,50.0,1397
10.541733254201066,6,3.0,5571
10.541965042225241,1,2.0,6166
10.542103656194382,13,5.0,-155
10.542324058722093,8,2.0,5518
10.542832809832463,13,1.0,-269
10.542832809832463,17,1.0,-269
10.54287128891166,6,1.0,5400
10.543509631801767,1,4.0,6167
10.543603194205712,5,4.0,0
10.543685043659341,1,3.0,6168
10.543750806413067,9,2.0,3475
10.54400942127213,5,2.0,0
10.544137932709075,7,8.0,4846
10.544221643644367,7,3.0,4711
10.5442935764405,9,2.0,2674
10.544313112189043,6,15.0,4571
10.544702082798613,1,1.0,6169
10.544845602327463,13,1.0,-423
10.544921263145328,1,14.0,6170
10.545476592323666,7,1.0,2091
10.545561398724391,10,23.0,6129
10.54582383114238,7,2.0,4458
10.546029227082498,14,9.0,-535
10.546042107434843,7,3.0,4250
10.546266731425073,13,3.0,-980
10.546304795855255,6,3.0,4923
10.546667960764632,14,2.0,-232
10.546869712426197,13,1.0,-968
10.546869712426197,17,1.0,-968
10.54714330584431,6,2.0,5953
10.54723021983545,113,38.0,-163
10.547366525921914,13,1.0,-312
10.547385054610388,6,5.0,6144
10.547574247294767,7,7.0,2978
10.548589017080062,6,9.0,6045
10.549333246233276,1,2.0,6171
10.549346161070439,6,6.0,5005
10.54956738408903,14,6.0,-627
10.549733985098335,1,3.0,6172
10.549915096768396,7,5.0,5241
10.550122206775015,8,6.0,5505
10.550562752550611,5,4.0,0
10.550581978998324,7,31.0,4132
10.550857548505183,8,1.0,4373
10.551742255882601,13,11.0,-270
10.551933117263566,14,2.0,-853
10.552041793098892,14,1.0,-112
10.55204227413374,9,2.0,3926
10.552142963657412,7,3.0,2401
10.552156864789419,9,55.0,3010
10.552162126662289,7,40.0,2745
10.552507680656694,5,2.0,0
10.552517995968312,9,12.0,3369
10.55263277476458,5,1.0,0
10.553480237698777,5,4.0,0
10.554106264474775,6,41.0,2874
10.554313279606587,7,7.0,1165
10.554841783838404,6,19.0,5858
10.555272536815757,1,16.0,6173
10.555325635612007,1,1.0,6174
10.555325775753552,13,1.0,-948
10.555430440243436,6,8.0,5968
10.555534654275949,6,3.0,3625
10.555556126795574,1,4.0,6175
10.55584916193128,13,11.0,-396
10.55584916193128,17,11.0,-396
10.556761038849277,13,7.0,-956
10.557580225308238,6,1.0,5154
10.557652944734185,13,4.0,-930
10.557746751191912,7,46.0,3273
10.558042935559806,6,1.0,6113
10.558591897660289,6,6.0,5392
10.558921181608511,1,6.0,6176
10.559113970900277,9,8.0,3186
10.55947953852422,13,2.0,-961
10.559669448261193,6,20.0,3828
10.560120747537644,5,2.0,0
10.560431322263437,6,4.0,5494
10.560684380175246,9,27.0,2704
10.560800828925162,14,1.0,-598
10.561035257553318,1,1.0,6177
10.561169186592197,7,22.0,2009
10.561234182913921,1,1.0,6178
10.561670422458388,6,45.0,5546
10.561807607889456,13,1.0,-604
10.561942443659335,1,1.0,6179
10.562764949182084,7,46.0,3398
10.563038120238657,1,5.0,6180
10.563154117914674,5,1.0,0
10.563307288012847,6,6.0,5604
10.563524840836612,5,2.0,0
10.564007111922145,9,21.0,592
10.564191134395509,6,1.0,4522
10.56429119909913,7,20.0,5209
10.56439577385767,1,41.0,6181
10.564489673818787,7,41.0,2835
10.564491387637506,1,3.0,6182
10.56457856014273,1,1.0,6183
10.565374030772146,6,4.0,5540
10.565484725089028,8,16.0,4128
10.566104036221867,1,10.0,6184
10.566324176817758,1,2.0,6185
10.566685225707404,5,1.0,0
10.566823351178714,1,4.0,6186
10.566847760088702,1,3.0,6187
10.566898585465013,13,1.0,-347
10.56690015367025,1,2.0,6188
10.567371864811715,5,29.0,0
10.56756791986683,1,6.0,6189
10.567571308449178,7,5.0,2488
10.568178736831008,8,14.0,4517
10.568376659880949,1,1.0,6190
10.568571391850742,13,1.0,-865
10.56883666931045,13,1.0,-140
10.569379076503704,7,5.0,2767
10.569401255250641,7,57.0,773
10.56946708759765,9,4.0,1292
10.56946708759765,16,4.0,1292
10.569572918129747,5,2.0,0
10.5695818072862,5,1.0,0
10.569619975148973,13,3.0,-302
10.569650184297068,1,14.0,6191
10.56976814508502,6,1.0,6007
10.569791001507163,7,11.0,3944
10.570016887583005,7,1.0,3996
10.570093901199282,1,16.0,6192
10.570615749389589,6,2.0,3833
10.571437757187784,6,2.0,4967
10.571472802632332,5,2.0,0
10.571757452089832,14,3.0,-250
10.571757452089832,17,3.0,-250
10.571776673193492,9,7.0,1443
10.571873456572488,14,2.0,-73
10.572062031321954,6,2.0,4457
10.572443123225403,7,8.0,2555
10.572689503992494,6,1.0,6107
10.573063449664845,13,9.0,-247
10.573910225796867,13,2.0,-742
10.574144418503277,10,56.0,5454
10.574493492705201,6,5.0,4500
10.57491299185021,14,3.0,-479
10.575369729170408,7,3.0,3497
10.575412202902234,1,9.0,6193
10.575430298622145,7,2.0,5086
10.57559241955405,13,7.0,-354
10.575612301764671,6,1.0,4114
10.575695719572115,13,1.0,-909
10.575892517935522,9,31.0,3478
10.575934803116638,6,2.0,6019
10.57602789246145,5,4.0,0
10.576171676542398,13,10.0,-859
10.576180944592627,7,1.0,4984
10.576411925059002,7,2.0,3128
10.576476454139737,13,1.0,-905
10.576476454139737,17,1.0,-905
10.576647138891762,8,9.0,1384
10.576692524358645,1,3.0,6194
10.576829855601849,7,1.0,2493
10.576863264132037,7,45.0,3790
10.57704286080626,1,2.0,6195
10.577078447222018,6,1.0,5547
10.577139921129064,7,2.0,2656
10.577505551449445,8,3.0,2617
10.57795260962495,14,3.0,-882
10.57795260962495,17,3.0,-882
10.578607646816502,7,1.0,3163
10.57861751388122,6,59.0,4996
10.57893550618596,13,1.0,-149
10.579030290207381,6,1.0,6005
10.579112016300178,7,9.0,4264
10.579668013480925,7,10.0,3257
10.579921482949322,13,11.0,-378
10.581142146594999,1,1.0,6196
10.582387295811571,14,1.0,-592
10.582783335147244,13,1.0,-369
10.583412533749273,14,1.0,-26
10.584519826032034,14,1.0,-878
10.584578310033216,13,10.0,-869
10.584713725980363,6,60.0,4027
10.584828415103795,13,2.0,-613
10.58493602283983,6,17.0,5374
10.585055686861612,7,10.0,5288
10.585406597287433,13,3.0,-180
10.585807976526464,6,6.0,5812
10.585849528771893,6,46.0,2204
10.585947686661253,13,1.0,-784
10.585947686661253,17,1.0,-784
10.58619596552881,5,3.0,0
10.58633419417129,9,31.0,3197
10.586453633821765,1,2.0,6197
10.586593748478808,7,1.0,4968
10.586668788489169,1,1.0,6198
10.586994851177323,6,4.0,4095
10.587172429864172,16,1.0,2372
10.587217040750986,6,15.0,5740
10.587546758458789,9,3.0,5026
10.587667596700248,7,2.0,3584
10.587675364664367,6,3.0,4404
10.587984192293057,6,2.0,6105
10.588223007668029,7,1.0,3022
10.588714833126218,1,2.0,6199
10.58887375413522,14,4.0,-176
10.588875810490736,13,1.0,-895
10.588875810490736,17,1.0,-895
10.589009843125693,6,3.0,5072
10.589311467671559,13,1.0,-364
10.589404908651451,13,4.0,-17
10.589404908651451,17,4.0,-17
10.589652063457697,7,31.0,4013
10.589882524423999,6,9.0,5760
10.589989348519783,6,5.0,6135
10.590068948686179,11,48.0,5404
10.590178565953638,5,4.0,0
10.590602856396487,6,2.0,5915
10.5912145786692,14,2.0,-646
10.59123099360769,13,1.0,-973
10.591611890602541,13,6.0,-896
10.591799555233493,8,2.0,4225
10.591891983373126,13,1.0,-203
10.591891983373126,17,1.0,-203
10.592076197372071,13,3.0,-578
10.592113416812309,14,4.0,-841
10.592588982759205,7,3.0,2716
10.592703965939277,6,2.0,6185
10.59303789340075,1,3.0,6200
10.593606096253367,8,2.0,2468
10.593645171964548,13,2.0,-718
10.594095545176797,8,39.0,4536
10.59443127506203,9,1.0,4935
10.594747068222572,6,14.0,5984
10.595223662742635,6,32.0,4539
10.595548796863284,6,3.0,2940
10.595561616504138,13,5.0,-868
10.596227972650002,6,1.0,5562
10.59631580708024,14,1.0,-69
10.59698277424132,6,3.0,5606
10.597031156344709,6,10.0,4821
10.597629546506347,8,1.0,5972
10.598073516347634,14,8.0,-415
10.598152892825334,7,5.0,2693
10.598160880156499,13,1.0,-834
10.598181017746406,13,1.0,-785
10.598897487139931,1,4.0,6201
10.599120870938687,13,2.0,-213
10.599201767687097,13,2.0,-344
10.599250175253946,6,7.0,5284
10.599334991968881,14,3.0,-80
10.599596681017005,6,33.0,5465
10.600205404937412,5,1.0,0
10.600586928741919,7,7.0,4760
10.600715379246013,7,6.0,3764
10.601434633748777,7,4.0,2269
10.601454200392418,7,19.0,2550
10.601704321746508,13,8.0,-514
10.601790999761812,13,1.0,-192
10.602382622775155,1,2.0,6202
10.602918626991167,1,2.0,6203
10.60319297145626,7,1.0,3377
10.603382185985705,13,5.0,-534
10.603673109278917,6,1.0,5699
10.603853060213826,6,1.0,5251
10.604507726076578,5,7.0,0
10.604700618694348,1,6.0,6204
10.60484879901897,7,6.0,2878
10.60493761644641,1,10.0,6205
10.605082988691523,6,2.0,4880
10.605268494774483,6,3.0,5560
10.605499143916147,16,13.0,338
10.605744851578024,7,2.0,4361
10.605917228530751,6,2.0,5704
10.606224431159193,7,7.0,5495
10.606992632570773,5,4.0,0
10.60718453593375,5,2.0,0
10.607242244246518,9,47.0,2391
10.607245652429821,7,8.0,3038
10.607607178350483,14,2.0,-262
10.607607178350483,17,2.0,-262
10.607663286538264,13,1.0,-300
10.60775232950247,6,2.0,6014
10.60782555361849,7,9.0,3540
10.608213865218381,7,8.0,2677
10.608370581534134,7,5.0,2539
10.608473227792459,5,7.0,0
10.608596385962983,1,1.0,6206
10.608854831783214,1,2.0,6207
10.609642083722829,6,13.0,2077
10.609984734144087,6,6.0,6204
10.610545038061439,6,1.0,6206
10.610610742615076,14,1.0,-305
10.61078644107455,1,1.0,6208
10.611107200768721,7,4.0,4618
10.61149409992232,6,1.0,5671
10.611598273346127,5,3.0,0
10.612005347510973,9,3.0,3362
10.612415726491536,7,16.0,2282
10.612676471105312,1,3.0,6209
10.612771466022732,6,5.0,6180
10.612930885941697,6,3.0,4665
10.613005105531848,6,56.0,2880
10.613208247491098,6,1.0,5949
10.614231906776192,14,1.0,-244
10.614231906776192,17,1.0,-244
10.614342756614752,13,8.0,-139
10.61434462793165,9,7.0,3311
10.61437214487512,7,54.0,3531
10.614702490432927,8,2.0,5156
10.614951684027362,13,4.0,-60
10.615102917109919,13,1.0,-751
10.615284368073297,6,53.0,1417
10.615298175887647,5,2.0,0
10.615319978451257,5,8.0,0
10.615745528098536,7,15.0,3372
10.615759312185261,8,5.0,5554
10.615783644737837,13,6.0,-732
10.615849542430494,6,2.0,5727
10.61604457989076,6,1.0,6154
10.616652186467727,7,53.0,3321
10.616672664042255,7,3.0,5224
10.617202148680358,6,2.0,5602
10.617222656272956,5,3.0,0
10.617329176420832,5,3.0,0
10.61756259924319,14,2.0,-188
10.618081570628682,6,5.0,5585
10.618093346806006,13,4.0,-630
10.619109875007444,4,10.0,6210
10.619419808936163,6,2.0,5894
10.619660707341799,14,2.0,-172
10.620065819078018,7,4.0,3746
10.620209876924664,8,1.0,3383
10.620586050243745,7,4.0,1075
10.620978327065437,8,1.0,5810
10.621200629602898,6,15.0,5286
10.621522886460053,7,42.0,1212
10.621988479701933,6,2.0,5701
10.622684426123197,7,4.0,4131
10.623558741780577,10,10.0,6210
10.623898743127981,7,6.0,4632
10.623904094534318,9,6.0,2798
10.624194719436701,7,3.0,2753
10.624355193910954,1,9.0,6211
10.62525430719243,7,1.0,4331
10.625364326347862,7,5.0,3555
10.625596437069365,5,1.0,0
10.625658357216192,6,4.0,6175
10.625798481085601,1,6.0,6212
10.62580745005304,1,5.0,6213
10.625878614431057,1,1.0,6214
10.626368606120206,6,4.0,5736
10.626551765379189,13,19.0,-168
10.626551765379189,17,19.0,-168
10.62665539600931,6,4.0,6082
10.62667811598284,7,5.0,5193
10.626816059888702,1,1.0,6215
10.62685975903863,14,1.0,-733
10.626904479733076,1,37.0,6216
10.627004627981687,13,11.0,-792
10.627205372497611,1,6.0,6217
10.627371077157875,13,3.0,-555
10.627792347964075,8,4.0,5814
10.627943729435362,6,6.0,6061
10.628425757028655,8,22.0,4722
10.628475853484762,7,1.0,1251
10.629867813357107,13,3.0,-942
10.629919133271926,7,1.0,3612
10.630189333482228,6,14.0,6191
10.630733179039865,7,5.0,4070
10.631509458127274,8,6.0,4370
10.631614337976508,6,8.0,5395
10.63174765223493,1,1.0,6218
10.632109550940669,12,39.0,4848
10.632495538068387,7,8.0,2789
10.632564997637983,13,1.0,-487
10.632596763100295,8,6.0,5090
10.633317453688498,13,1.0,-866
10.633469273322662,13,3.0,-527
10.633522706469368,13,1.0,-906
10.63361449995717,14,4.0,-842
10.633784914444432,13,2.0,-773
10.633815822499537,14,3.0,-680
10.634296059992636,13,2.0,-506
10.634330538682535,5,3.0,0
10.634578309197279,5,1.0,0
10.63473240718703,5,3.0,0
10.634793015991745,1,1.0,6219
10.634967373618215,13,4.0,-704
10.635262081697244,13,3.0,-624
10.635517538001798,7,2.0,3381
10.635544321138653,6,5.0,5985
10.635723603700223,9,9.0,4184
10.635769546020564,9,35.0,4579
10.635790299160965,9,2.0,5012
10.635802776427935,13,2.0,-431
10.63580867769624,1,3.0,6220
10.636157450487742,7,10.0,4939
10.636374048229364,14,1.0,-260
10.637087474778014,6,8.0,5706
10.63717997825608,13,3.0,-297
10.63717997825608,17,3.0,-297
10.637309307857485,7,3.0,2357
10.637398194767604,8,1.0,5830
10.637436924591244,7,2.0,3759
10.637467605803806,13,8.0,-669
10.637544430459343,7,3.0,2125
10.63840623153663,6,1.0,5481
10.63844287446215,14,1.0,-623
10.638593234729562,5,13.0,0
10.638648886067179,113,47.0,-739
10.638872305354091,14,2.0,-581
10.639129980174442,9,5.0,5554
10.639310413740253,1,1.0,6221
10.639426065779267,13,3.0,-1016
10.639650799656748,6,5.0,5247
10.639706518941601,7,2.0,3573
10.639804637668327,13,2.0,-207
10.639860427605761,14,1.0,-38
10.639860427605761,17,1.0,-38
10.640217281148786,8,8.0,4123
10.640444053198385,5,4.0,0
10.640556609804838,13,2.0,-716
10.641181886694724,7,4.0,5078
10.64128849607734,1,6.0,6222
10.641448378894749,7,2.0,2917
10.641513303731323,6,5.0,5961
10.64205319982472,1,5.0,6223
10.642303136392632,5,2.0,0
10.642396396178356,1,1.0,6224
10.642438613150935,6,3.0,5114
10.64271306658093,7,16.0,3558
10.64325380465843,7,12.0,3736
10.643314602087747,14,5.0,-763
10.643477001979104,1,2.0,6225
10.643604235969269,1,1.0,6226
10.643639695017084,13,4.0,-382
10.64412295517149,7,1.0,4390
10.644186472314763,5,4.0,0
10.644364236961893,14,3.0,-458
10.644761052941833,7,4.0,3677
10.644891556831597,5,3.0,0
10.645050084671713,7,6.0,4240
10.645057733550594,6,5.0,3309
10.645383931318865,6,1.0,6093
10.645534846158677,1,6.0,6227
10.64554779008035,6,1.0,2763
10.645650593125302,5,17.0,0
10.646337682342446,6,49.0,4616
10.646362940597967,9,4.0,3880
10.646485445301744,1,2.0,6228
10.64669792319027,6,3.0,6123
10.647822266688536,7,7.0,617
10.648237664740549,7,11.0,4115
10.648662642610192,6,5.0,5256
10.64879934670337,5,2.0,0
10.649083501905444,7,14.0,4164
10.649090054245159,13,14.0,-544
10.64930176711424,13,3.0,-395
10.64930176711424,17,3.0,-395
10.649786175396464,5,3.0,0
10.649862335127203,14,5.0,-989
10.649862335127203,17,5.0,-989
10.649895411207416,8,13.0,3706
10.650035503579794,9,4.0,2598
10.650146300537893,6,1.0,5185
10.65030447579153,7,3.0,5029
10.65088643081543,14,4.0,-86
10.651193136656222,5,10.0,0
10.651498080903174,5,4.0,0
10.65159834512648,1,2.0,6229
10.65184855334549,6,2.0,6229
10.652356427555187,1,3.0,6230
10.652446792909377,14,4.0,-793
10.653208652970642,14,4.0,-982
10.65343724670486,1,4.0,6231
10.653546456391624,6,1.0,5660
10.653645833384713,8,6.0,5820
10.653764147977114,1,7.0,6232
10.653877221510227,7,3.0,5141
10.654044082745838,7,25.0,3725
10.65426793735496,7,35.0,2530
10.654378136498913,7,9.0,1769
10.654456921766023,6,4.0,5924
10.654459424319443,6,10.0,5018
10.654463578103737,7,9.0,3279
10.654563880421666,14,10.0,-488
10.654648742775143,5,1.0,0
10.65476539184705,5,1.0,0
10.654854815217359,7,5.0,4501
10.655005928060177,14,2.0,-251
10.65521185946027,1,1.0,6233
10.655411638764711,1,3.0,6234
10.655671636235581,7,2.0,4087
10.65585070775841,14,1.0,-837
10.656921757517438,5,1.0,0
10.656956724170138,8,2.0,5300
10.656973156563557,1,8.0,6235
10.657411092712975,13,1.0,-875
10.65769682204012,7,2.0,2322
10.658018509749546,7,28.0,3933
10.658404697310779,7,1.0,4481
10.65893131230481,9,7.0,4378
10.659031758517063,7,43.0,2655
10.659123088420593,5,3.0,0
10.659225426030801,7,5.0,3762
10.659245686706406,1,7.0,6236
10.659259636382838,4,3.0,6237
10.659364087780222,6,2.0,6149
10.65948988788021,14,1.0,-974
10.659522579201749,1,7.0,6238
10.659632438596827,5,3.0,0
10.659764403934266,13,1.0,-233
10.660207978010481,7,34.0,783
10.660429154777448,13,8.0,-339
10.661174227914007,7,1.0,2364
10.661266046576856,5,3.0,0
10.661280017497631,13,3.0,-700
10.661280017497631,17,3.0,-700
10.66138491650754,5,1.0,0
10.66144653370296,13,1.0,-638
10.661671785754274,1,1.0,6239
10.661923946355483,6,4.0,5027
10.662114951604472,7,4.0,3006
10.662194050770125,1,2.0,6240
10.662216500578758,13,1.0,-383
10.662224747956476,7,43.0,2901
10.662303395555371,13,3.0,-965
10.662379551891004,13,1.0,-778
10.662379551891004,17,1.0,-778
10.662605684582067,14,3.0,-1030
10.6628505725183,5,1.0,0
10.662853855271214,14,1.0,-655
10.66329941935957,13,1.0,-546
10.663414152053909,7,25.0,2306
10.663501269376791,6,47.0,4279
10.663513332421953,14,5.0,-182
10.66453075163009,7,1.0,5981
10.665558071834205,9,1.0,4165
10.665615848554165,113,44.0,-620
10.665766583987365,6,4.0,5788
10.66580238030848,7,10.0,5751
10.665815149943096,7,43.0,1147
10.66582714048569,13,3.0,-248
10.66582714048569,17,3.0,-248
10.665964670137015,5,5.0,0
10.666036739131615,7,4.0,5006
10.666048520297979,1,8.0,6241
10.666084868839377,6,30.0,696
10.666549168094917,7,1.0,3068
10.666840032657447,6,5.0,2994
10.667037492019062,6,7.0,5622
10.667151786132305,7,38.0,2932
10.667488374110134,6,5.0,5990
10.667531147756,7,1.0,4467
10.667593489035898,13,1.0,-717
10.668150579597109,7,44.0,3254
10.668232478284402,6,3.0,5581
10.66841470906439,7,4.0,3591
10.66871178685189,6,1.0,4342
10.668711881999442,7,5.0,4337
10.668761320107144,6,10.0,4714
10.669598375467626,7,9.0,4398
10.670358889989409,7,8.0,4321
10.670448747806516,6,3.0,4554
10.670547097443382,13,1.0,-949
10.671011930243127,7,1.0,3481
10.671102349204272,7,1.0,4958
10.671102349204272,16,1.0,4958
10.67114425381044,6,6.0,6212
10.671512585014678,7,35.0,3784
10.67172706124648,13,2.0,-376
10.67202728483293,8,2.0,5142
10.672321663770813,13,1.0,-28
10.672329479785434,1,40.0,6242
10.672553452359027,6,16.0,6173
10.672639612882284,5,2.0,0
10.672853019582659,13,1.0,-471
10.67309748124828,5,1.0,0
10.673168170391476,5,9.0,0
10.673671799290817,13,7.0,-328
10.673753651503887,7,7.0,4761
10.674194563505289,13,3.0,-628
10.67476812691895,13,8.0,-105
10.67480973176762,7,33.0,4028
10.674810386243076,6,15.0,6126
10.675189207010336,6,10.0,6160
10.675960179990359,6,1.0,5043
10.676125957202313,1,1.0,6243
10.676597712042497,5,2.0,0
10.676999839960235,14,3.0,-640
10.676999839960235,17,3.0,-640
10.677093334677929,6,2.0,6134
10.67714342085313,6,3.0,3397
10.677177799790867,6,6.0,5615
10.677367995343655,1,3.0,6244
10.677643506267817,5,5.0,0
10.677710694522643,5,1.0,0
10.678074321836064,7,1.0,4239
10.678382280840243,7,3.0,4175
10.678524295673492,14,29.0,-379
10.678797053679983,8,1.0,5849
10.679205585707303,7,10.0,5127
10.679364403393045,1,55.0,6245
10.679423471209502,7,19.0,3807
10.679970677266923,13,1.0,-939
10.680342763241898,1,6.0,6246
10.68062744305148,13,10.0,-994
10.680836063039637,7,3.0,4962
10.681092091546413,1,2.0,6247
10.68147756274378,7,1.0,4151
10.681479502948658,7,2.0,3262
10.681683952742222,13,1.0,-952
10.681683952742222,17,1.0,-952
10.681968031003304,6,5.0,5804
10.682006969207368,13,2.0,-767
10.682044703396151,7,7.0,611
10.683048703994126,11,49.0,4326
10.683535563860152,14,1.0,-194
10.684027468751843,13,2.0,-318
10.684158844375533,5,2.0,0
10.68456930701653,1,5.0,6248
10.684772132696045,6,8.0,5883
10.685087658666346,7,10.0,3364
10.68509593493549,6,3.0,3166
10.685145336329683,7,4.0,5133
10.685209676545648,14,4.0,-510
10.685451492009612,14,4.0,-301
10.685781178375109,13,1.0,-663
10.686016788028715,6,12.0,5939
10.686136618719729,8,3.0,4393
10.686351138659996,6,6.0,5422
10.686394832362996,9,5.0,3367
10.686512428597885,1,3.0,6249
10.68712462010366,5,7.0,0
10.687140635278547,7,3.0,3588
10.687798851868596,113,57.0,-67
10.688391102025594,13,9.0,-920
10.688700768318673,9,1.0,4439
10.688707510256277,7,3.0,5482
10.688972042819163,5,3.0,0
10.689356444969428,13,1.0,-386
10.689356444969428,17,1.0,-386
10.689574988144843,7,2.0,5645
10.690476367178029,14,1.0,-633
10.690481581479084,7,6.0,3180
10.690540992152332,1,2.0,6250
10.691083157084233,7,54.0,3493
10.691703164978295,6,1.0,5712
10.691954477527496,6,9.0,4468
10.692592802356414,13,39.0,-173
10.692682455684757,7,3.0,4065
10.69277595392519,9,8.0,4123
10.692871471062448,6,1.0,4615
10.693047148545569,8,47.0,5242
10.693088179994579,13,1.0,-914
10.693707637941191,11,56.0,5041
10.694339640327987,14,6.0,-30
10.694488639547176,6,18.0,6085
10.694592143847164,13,1.0,-632
10.694905514227834,6,8.0,5079
10.695678822908562,6,44.0,4946
10.695777029473824,5,1.0,0
10.696010031211642,6,7.0,5045
10.69659440614517,7,24.0,4993
10.697082131982032,6,4.0,4231
10.697084479862173,6,6.0,6222
10.697564224475583,9,4.0,1598
10.697829493058466,13,3.0,-492
10.698186354292865,7,25.0,1472
10.698241231729265,1,23.0,6251
10.698371718743315,9,19.0,2102
10.698551596896605,1,11.0,6252
10.698645189973204,7,30.0,3333
10.698666381037901,13,3.0,-976
10.698691224036207,7,2.0,5153
10.699178922058556,13,5.0,-424
10.699744921955089,5,4.0,0
10.700160526755514,7,4.0,4064
10.70018296520471,4,18.0,6253
10.700611442205936,13,1.0,-71
10.700635244079903,13,2.0,-237
10.700955875592904,6,10.0,5963
10.701034791165934,7,5.0,5733
10.701375131802939,1,6.0,6254
10.701397152041512,13,6.0,-931
10.701397152041512,17,6.0,-931
10.702032801708512,13,1.0,-102
10.702093932077727,2,5.0,6255
10.70213166083899,6,2.0,5989
10.70220861467261,13,34.0,-735
10.70220861467261,17,34.0,-735
10.702668491981935,12,23.0,6129
10.702840660389583,7,4.0,3379
10.702901463548576,13,1.0,-497
10.703164280384634,6,53.0,5172
10.703236451393078,6,23.0,6112
10.703305298832856,1,9.0,6256
10.70360158219991,13,6.0,-690
10.70360158219991,17,6.0,-690
10.703617033243974,14,2.0,-609
10.703617033243974,17,2.0,-609
10.703942263483889,6,2.0,6110
10.704112925393781,6,23.0,6251
10.704453579705486,13,1.0,-922
10.704453579705486,17,1.0,-922
10.704785972407677,12,58.0,6006
10.705108869553287,9,25.0,2086
10.705297994989094,8,39.0,1096
10.705347980842367,14,8.0,-775
10.705401322627639,7,37.0,3803
10.705842534611632,8,1.0,5816
10.706279153846427,13,2.0,-223
10.706497901824159,14,1.0,-12
10.70659021594555,14,3.0,-951
10.707009164140198,14,2.0,-966
10.707327503511298,5,2.0,0
10.707359322213472,5,2.0,0
10.707961468184015,5,3.0,0
10.708391322445168,14,5.0,-425
10.708713186313974,6,4.0,5152
10.708805868228996,1,7.0,6257
10.708986649386357,1,34.0,6258
10.709556218769958,13,1.0,-770
10.709556218769958,17,1.0,-770
10.710103703687178,6,1.0,4256
10.710133166750726,9,2.0,2468
10.710275013690602,113,55.0,-99
10.710351177725412,14,4.0,-349
10.710351177725412,17,4.0,-349
10.710354275270157,9,1.0,2510
10.710564816247453,7,9.0,3986
10.710736572653287,5,4.0,0
10.710926427979553,13,1.0,-110
10.710926427979553,17,1.0,-110
10.71105918350926,5,5.0,0
10.71116811524964,6,19.0,6039
10.712244831943908,7,1.0,3663
10.712319871165704,14,7.0,-48
10.712319871165704,17,7.0,-48
10.712511138221533,5,14.0,0
10.713059728217857,13,1.0,-271
10.713415286048628,14,2.0,-1013
10.713428546501863,13,3.0,-115
10.713602897264268,6,6.0,5532
10.713810700850779,8,15.0,6126
10.713915584251575,6,15.0,5856
10.713946768191763,5,3.0,0
10.713955737262818,5,2.0,0
10.713991537572975,13,1.0,-584
10.71401979715029,13,2.0,-293
10.714168206169486,1,11.0,6259
10.714403341342473,7,3.0,2164
10.714728878154698,6,30.0,1970
10.714737225484084,9,1.0,3269
10.715029198718685,6,1.0,4018
10.715726542998208,1,2.0,6260
10.71587722153969,14,3.0,-217
10.71587722153969,17,3.0,-217
10.716407957377632,6,8.0,3527
10.716522388895186,7,7.0,3388
10.716711653086401,7,11.0,5635
10.717032834488995,13,5.0,-11
10.717314469538213,6,1.0,5713
10.71734522119685,13,2.0,-467
10.717507419218046,6,5.0,5873
10.71765604637535,7,8.0,3988
10.717845592799577,7,4.0,4394
10.717854006311212,14,4.0,-299
10.718365003418157,10,18.0,4482
10.718843023433616,6,6.0,4694
10.718903073098474,6,7.0,6038
10.719267975839603,6,5.0,5229
10.719574145017095,6,6.0,5596
10.719932299349416,14,2.0,-489
10.720441703807504,13,1.0,-879
10.720882760915233,6,2.0,6202
10.721459431599946,5,4.0,0
10.721853710341357,5,5.0,0
10.722131637674602,5,2.0,0
10.722395737480056,6,5.0,5735
10.723427950318353,7,7.0,2830
10.72363009817253,6,3.0,5543
10.723707809851089,7,8.0,3209
10.724147985396508,6,1.0,4509
10.724154812872044,7,21.0,5004
10.724704936347248,6,5.0,5246
10.724883217904736,1,1.0,6261
10.725026028013975,6,7.0,5950
10.725376334961487,1,3.0,6262
10.725663133158324,5,2.0,0
10.725889664441826,13,1.0,-823
10.725985332280631,1,6.0,6263
10.726619320845572,8,1.0,3511
10.727231888949163,1,21.0,6264
10.72813610807191,1,7.0,6265
10.728154111625562,13,1.0,-706
10.728330010534062,9,3.0,2637
10.728346536474232,7,1.0,4072
10.728849848487627,14,1.0,-745
10.72886860950162,13,2.0,-520
10.729053832221519,1,1.0,6266
10.729238480911453,7,2.0,2851
10.729296064655266,5,19.0,0
10.729367958923127,13,3.0,-725
10.729367958923127,17,3.0,-725
10.729620553077009,6,10.0,5708
10.729879951223166,6,6.0,5780
10.730170100586381,13,1.0,-919
10.730170100586381,17,1.0,-919
10.730259236282553,1,2.0,6267
10.730359789593052,6,5.0,2566
10.730382040607937,6,5.0,6255
10.731574641291036,1,7.0,6268
10.731663487587088,7,2.0,3787
10.732176856323212,7,5.0,4771
10.732254657066505,13,3.0,-649
10.73276507158862,14,3.0,-572
10.73276507158862,17,3.0,-572
10.733151291911188,1,4.0,6269
10.733315062091684,5,1.0,0
10.733385171365548,5,9.0,0
10.7336236035184,13,1.0,-940
10.733741700917742,1,7.0,6270
10.73383713367687,1,6.0,6271
10.733837349368027,4,17.0,6272
10.733855354429526,13,1.0,-225
10.733872944356873,6,4.0,5493
10.733906859933267,8,1.0,4795
10.734201351475926,13,1.0,-421
10.734505483052619,13,2.0,-755
10.735019170786334,7,10.0,5373
10.73638963103744,6,1.0,6174
10.736799293886644,13,1.0,-313
10.736799293886644,17,1.0,-313
10.73719935236192,5,4.0,0
10.737586664665004,13,1.0,-462
10.737586664665004,17,1.0,-462
10.737668106413624,7,2.0,3195
10.737713515674061,7,49.0,2092
10.737953760170067,13,1.0,-887
10.7381750786757,7,1.0,2605
10.738721881251466,13,2.0,-971
10.738721881251466,17,2.0,-971
10.738876341251249,1,1.0,6273
10.739039712855524,1,2.0,6274
10.739050990920784,1,3.0,6275
10.739194842528999,7,14.0,1400
10.739265711349354,13,3.0,-190
10.739334816871379,14,4.0,-586
10.739782023298899,5,5.0,0
10.740022449030059,14,4.0,-1021
10.740022449030059,17,4.0,-1021
10.740490248842418,7,3.0,2872
10.740495692358083,13,4.0,-634
10.740530127035704,8,5.0,5434
10.740947908489126,1,1.0,6276
10.741019359019665,6,3.0,6249
10.74118401492905,7,2.0,4815
10.741445761447606,14,3.0,-448
10.741971016694672,1,2.0,6277
10.741972867214477,7,32.0,2583
10.742282185015618,14,1.0,-977
10.742282185015618,17,1.0,-977
10.74243191471712,7,13.0,3242
10.742797018422594,6,3.0,4566
10.743030458111305,5,3.0,0
10.743222233701296,14,3.0,-332
10.743491977253464,5,2.0,0
10.744040432774893,16,10.0,349
10.744312543060229,8,38.0,3738
10.74452984049924,14,1.0,-565
10.744573129919809,6,1.0,6108
10.745036168954838,6,2.0,5889
10.745437927589704,1,3.0,6278
10.74562006099973,7,2.0,4396
10.745656493822295,14,3.0,-769
10.746140003714165,13,3.0,-713
10.746140003714165,17,3.0,-713
10.746391684084923,7,17.0,3646
10.74669228224383,6,7.0,6059
10.746963977419583,13,1.0,-654
10.747167951444098,13,2.0,-5
10.747640290464162,14,3.0,-752
10.747640290464162,17,3.0,-752
10.748102023025488,9,56.0,539
10.74929884128471,7,5.0,3634
10.749648241142651,8,1.0,5909
10.750197858153335,7,9.0,4400
10.750320161799026,14,2.0,-351
10.751451192524158,2,9.0,6279
10.751616576240867,9,1.0,2192
10.751945692318474,5,2.0,0
10.752319908985402,1,2.0,6280
10.75293174622402,13,7.0,-815
10.753154826688453,13,1.0,-201
10.753508625897709,6,6.0,5315
10.753631201411324,13,1.0,-222
10.75375662080688,9,9.0,3182
10.754187222936313,14,4.0,-58
10.754538687479826,9,36.0,3560
10.755087568208229,6,1.0,5641
10.755379418894584,3,22.0,6281
10.755505769704897,13,4.0,-570
10.75571402625948,14,3.0,-394
10.755958013501097,8,5.0,4704
10.756173147115877,6,1.0,4333
10.756192194363715,6,2.0,6247
10.75650694943059,14,5.0,-13
10.75694856091949,14,5.0,-170
10.757010472985089,6,2.0,5638
10.757095182387939,7,29.0,2392
10.757610856225192,13,1.0,-500
10.757752084293832,13,5.0,-1026
10.757788544990913,13,1.0,-997
10.757914498677799,13,1.0,-996
10.758659106938104,8,4.0,4748
10.759465401536401,7,5.0,5717
10.759655016859051,14,1.0,-359
10.75990975086733,9,6.0,4546
10.76022877843128,10,7.0,6146
10.760292142860475,8,3.0,1942
10.760409987423403,113,30.0,-589
10.761052362210943,9,3.0,1942
10.761263938121111,9,4.0,2362
10.761289368984391,7,1.0,4740
10.7617691419797,9,24.0,3299
10.76199149634528,7,6.0,5104
10.762030739563965,1,5.0,6282
10.76287318568156,6,9.0,6017
10.763743272361594,16,2.0,256
10.76392887244928,7,43.0,579
10.764312836848978,13,34.0,-205
10.764352793579684,6,2.0,5264
10.764622823113426,5,46.0,0
10.764714979677299,7,4.0,4695
10.764757852931208,7,14.0,4818
10.7648429634757,7,3.0,2444
10.765016691238774,13,1.0,-935
10.765123265734298,13,19.0,-398
10.765123265734298,17,19.0,-398
10.765216276432785,6,3.0,5429
10.765247102086695,1,3.0,6283
10.765374531435112,6,1.0,5444
10.765495008267049,7,2.0,2610
10.766127232851407,14,25.0,-273
10.766222835082743,5,1.0,0
10.767030738005998,1,7.0,6284
10.76759302499135,6,1.0,3859
10.768207068784383,6,2.0,6031
10.768301815787707,6,1.0,6155
10.768436043595704,13,1.0,-156
10.768473867861985,7,1.0,3118
10.768753165529606,6,7.0,4924
10.768764026000484,7,1.0,2768
10.76881230212241,1,8.0,6285
10.769268479738699,6,5.0,6223
10.76939608289914,1,3.0,6286
10.769707341329958,9,2.0,3884
10.769964981746757,7,2.0,2689
10.770089037516462,6,2.0,6277
10.770885831255846,11,36.0,4910
10.77096796337161,1,3.0,6287
10.771059286166185,7,3.0,2349
10.771399946627476,6,1.0,6233
10.771418425079636,5,5.0,0
10.771850607669405,5,2.0,0
10.771972043803226,6,3.0,6092
10.772050232400593,14,2.0,-322
10.772105898135072,14,9.0,-291
10.772105898135072,17,9.0,-291
10.772112584336107,5,1.0,0
10.772740224705625,14,1.0,-496
10.772909264189556,5,1.0,0
10.77322857276913,1,2.0,6288
10.773233038506492,13,2.0,-963
10.773273628179195,13,2.0,-524
10.773327611907474,13,10.0,-240
10.774050352106302,6,2.0,5853
10.774059652357268,6,1.0,5965
10.77448850197733,13,3.0,-800
10.774618565169892,8,6.0,5391
10.774678072293426,6,7.0,3275
10.774860563473707,14,4.0,-617
10.774883591336557,1,31.0,6289
10.774922368592676,14,4.0,-361
10.775425350427232,13,1.0,-368
10.775766128281068,13,2.0,-127
10.775917143927199,13,1.0,-323
10.77636171300326,6,50.0,5403
10.776375801793385,6,3.0,5783
10.776577313852059,7,2.0,4382
10.77697744240919,5,6.0,0
10.777145170648662,7,17.0,3688
10.777644642363203,7,1.0,4221
10.777768484359738,13,1.0,-403
10.777768484359738,17,1.0,-403
10.777825627172897,13,3.0,-836
10.778054340285196,6,1.0,5726
10.778515809936218,6,1.0,5410
10.778558983374369,5,7.0,0
10.778684417285945,13,1.0,-701
10.778886002041935,1,1.0,6290
10.779098411500874,1,13.0,6291
10.779103034688806,1,1.0,6292
10.7792509153362,5,6.0,0
10.779281371144515,1,7.0,6293
10.779329234791785,14,2.0,-812
10.779485379077578,5,2.0,0
10.780114881653255,6,2.0,6188
10.780376800073997,1,6.0,6294
10.780435988162797,13,2.0,-416
10.780573109531002,7,19.0,4675
10.78073078601559,7,18.0,3579
10.780965512082227,13,3.0,-891
10.7818784834528,14,2.0,-653
10.78194510023525,1,4.0,6295
10.782392461280846,14,3.0,-599
10.783048914522164,13,8.0,-557
10.78306964434941,13,4.0,-689
10.783215243764976,13,1.0,-953
10.78328710462687,7,1.0,3343
10.783333000181639,9,42.0,1187
10.78353047480763,1,11.0,6296
10.784515145485894,13,1.0,-10
10.78458705481083,13,2.0,-114
10.784593662772693,13,1.0,-615
10.784806711855861,7,3.0,5062
10.784819046094679,13,7.0,-470
10.784819046094679,17,7.0,-470
10.784836077318552,13,2.0,-1005
10.785074257240556,1,3.0,6297
10.785107192271068,14,6.0,-79
10.785363180314095,13,12.0,-577
10.785363180314095,17,12.0,-577
10.785551219452321,1,2.0,6298
10.785871806491839,7,1.0,3505
10.786521033281725,7,51.0,3218
10.78675190938828,5,6.0,0
10.786958449938009,1,2.0,6299
10.787262669619649,13,3.0,-530
10.787590861687853,7,3.0,3598
10.787639552770163,8,16.0,3713
10.787643909969658,7,2.0,4220
10.788846658540283,13,3.0,-548
10.789269799121083,9,52.0,3793
10.789591468887338,7,43.0,5020
10.789629785369668,13,27.0,-523
10.789753666045208,7,1.0,5498
10.790277363613928,6,2.0,6132
10.79040030197008,1,3.0,6300
10.79086355401531,1,32.0,6301
10.790984093305296,5,9.0,0
10.7910662064892,13,2.0,-295
10.791448148419104,13,6.0,-723
10.791448148419104,17,6.0,-723
10.791606952113167,6,2.0,6111
10.791640694111353,7,20.0,4556
10.792127428603132,9,13.0,3706
10.792364092370713,8,18.0,6085
10.792545275128326,7,5.0,4479
10.792572163436532,1,5.0,6302
10.792921065116026,6,10.0,399
10.793344249081164,1,6.0,6303
10.793534122795846,7,1.0,4086
10.793584247360785,13,5.0,-684
10.793675761523376,5,2.0,0
10.793878090613337,13,1.0,-151
10.79414714380965,6,5.0,5227
10.794777358169396,1,28.0,6304
10.794879820088415,13,1.0,-126
10.795037941007278,6,3.0,5997
10.795118986207527,7,12.0,2741
10.79570755405317,7,12.0,4979
10.795833697061017,1,2.0,6305
10.796203388434993,6,19.0,4888
10.796457318809487,13,4.0,-235
10.796648162638315,6,3.0,5803
10.797272280200824,14,2.0,-160
10.797272280200824,17,2.0,-160
10.797403685882774,13,5.0,-719
10.797403685882774,17,5.0,-719
10.79741347470431,13,1.0,-334
10.79741347470431,17,1.0,-334
10.797982321205513,13,4.0,-409
10.798113703298185,1,1.0,6306
10.798146306987734,5,4.0,0
10.798259929239183,5,5.0,0
10.79846131206311,5,4.0,0
10.798647311345693,7,2.0,5192
10.798781610389828,13,2.0,-597
10.798898495363709,9,10.0,4634
10.799002620506487,13,1.0,-687
10.799245033997837,1,1.0,6307
10.7994146595386,13,2.0,-451
10.799502058212017,8,1.0,4269
10.79958437330893,5,3.0,0
10.800223812741807,5,1.0,0
10.800379246157934,13,4.0,-516
10.80052012788701,5,3.0,0
10.800807956264523,7,13.0,3671
10.802103131510906,7,9.0,3621
10.802281529648631,5,2.0,0
10.80255521336136,14,1.0,-475
10.80258937476143,1,6.0,6308
10.80262847041812,6,3.0,4850
10.802647992405449,1,8.0,6309
10.80276102142672,13,6.0,-119
10.80276102142672,17,6.0,-119
10.803063476794783,1,5.0,6310
10.80325188846171,7,3.0,5411
10.80332381626867,7,9.0,4788
10.804188250535784,5,1.0,0
10.804261395889293,5,1.0,0
10.804296213163088,6,7.0,5808
10.80434432204518,7,25.0,2821
10.805763842211013,6,5.0,5075
10.806528399006794,9,2.0,1689
10.807362933466944,1,2.0,6311
10.807391794869954,8,2.0,5577
10.807865125886607,14,4.0,-729
10.807906907232969,1,1.0,6312
10.807972640857285,9,22.0,5162
10.80807660849814,5,2.0,0
10.80842970153152,1,1.0,6313
10.808686967597051,14,3.0,-999
10.808686967597051,17,3.0,-999
10.808756296167438,7,2.0,5073
10.808780384096716,7,2.0,2608
10.808833848106243,6,19.0,5053
10.808868601847877,8,4.0,4838
10.809180057722148,6,1.0,5920
10.809572486801454,7,3.0,4129
10.810199157012988,13,2.0,-371
10.810199157012988,17,2.0,-371
10.81022712464111,5,1.0,0
10.810329442372046,5,42.0,0
10.810404784474796,13,1.0,-377
10.810602557261843,6,2.0,4991
10.810798344078957,5,3.0,0
10.810913164431698,7,3.0,5080
10.811062013228247,13,1.0,-1051
10.81124166952403,1,11.0,6314
10.81156954200637,7,4.0,3946
10.813318835053774,7,22.0,2368
10.813367066514049,13,2.0,-23
10.813881879220636,9,14.0,4517
10.814157744200045,9,1.0,2453
10.8142382024957,13,2.0,-152
10.814407802107649,13,2.0,-838
10.814425059480628,13,2.0,-131
10.814550814694503,5,2.0,0
10.81476856790446,8,10.0,4170
10.815685842138832,13,1.0,-278
10.815813365719366,1,8.0,6315
10.815846588590688,7,2.0,5260
10.815955026588334,5,2.0,0
10.815986412702216,1,1.0,6316
10.816246160380755,13,1.0,-330
10.816246160380755,17,1.0,-330
10.816895369683737,6,1.0,2916
10.817280914467489,1,14.0,6317
10.817534272181364,14,1.0,-3
10.817580227677638,13,5.0,-677
10.817582885062233,14,1.0,-76
10.817582885062233,17,1.0,-76
10.818282696773426,8,2.0,4682
10.818517554775783,14,3.0,-944
10.81888400773184,6,7.0,6293
10.818884086908415,13,1.0,-596
10.819200101163197,6,2.0,1818
10.819444362823509,5,1.0,0
10.819528446890837,14,17.0,-426
10.819528446890837,17,17.0,-426
10.81954515758391,14,17.0,-811
10.81954515758391,17,17.0,-811
10.819765174331268,7,30.0,5584
10.820432364252515,6,6.0,6042
10.820477509250205,5,6.0,0
10.820866663421247,5,2.0,0
10.82122069338515,13,1.0,-667
10.82183409310808,13,3.0,-402
10.8219781667764,7,38.0,4253
10.822110142483496,7,4.0,4842
10.822290399609441,5,1.0,0
10.822391092944008,6,2.0,4538
10.8230197053224,13,5.0,-268
10.8230197053224,17,5.0,-268
10.823059797950034,5,7.0,0
10.823527375633237,6,1.0,6239
10.82359004154193,8,35.0,1336
10.82374193449762,1,2.0,6318
10.824327297520043,7,4.0,4697
10.82458366280924,8,2.0,4893
10.824957315049982,8,52.0,4356
10.824970753947948,7,5.0,5526
10.825324277841103,7,1.0,4432
10.825418726497466,13,1.0,-814
10.825418726497466,17,1.0,-814
10.825520778983249,7,12.0,5753
10.825852341247847,14,1.0,-737
10.826011250856123,1,7.0,6319
10.826377107420782,7,30.0,4083
10.82639235267094,13,1.0,-249
10.826711847257148,14,3.0,-787
10.826711847257148,17,3.0,-787
10.826890607660628,6,21.0,6264
10.827033852923487,1,16.0,6320
10.827144051184794,6,11.0,5908
10.827225775114634,6,2.0,5923
10.827409057558867,6,2.0,5656
10.82973220686431,13,2.0,-348
10.829755681317048,9,1.0,5849
10.830510552870024,7,55.0,3086
10.83064705575223,1,5.0,6321
10.830832316445438,7,8.0,3394
10.830933105772786,13,1.0,-367
10.830933105772786,17,1.0,-367
10.830990688362103,7,6.0,4557
10.831531622762316,5,1.0,0
10.832038673165364,1,3.0,6322
10.832715896600176,9,8.0,4519
10.833017993234439,14,1.0,-283
10.833398654309407,8,4.0,5303
10.83346831493018,7,23.0,2020
10.833612595905535,13,3.0,-145
10.834620551539283,6,14.0,5531
10.834830227612642,1,5.0,6323
10.834913640034877,7,8.0,2819
10.835209435347362,2,4.0,6324
10.835435796536572,13,2.0,-688
10.83617712025021,6,9.0,5878
10.836200495508292,5,4.0,0
10.83632018944104,6,55.0,5996
10.836503969602369,8,7.0,2469
10.836794573213279,13,2.0,-356
10.837113426011676,8,1.0,5251
10.837350933506054,6,3.0,5552
10.837481483522597,1,18.0,6325
10.837662319572269,7,6.0,1825
10.837832880518691,13,1.0,-671
10.837855563566656,14,8.0,-373
10.837859513558591,13,1.0,-234
10.838537553800176,1,3.0,6326
10.83877433203255,13,4.0,-924
10.83877433203255,17,4.0,-924
10.839143368947395,7,3.0,4236
10.839451985671344,14,3.0,-662
10.839451985671344,17,3.0,-662
10.839474922122207,13,6.0,-490
10.84005173998749,13,4.0,-464
10.8401198051687,5,2.0,0
10.840443932643872,6,27.0,5561
10.84055491234753,5,1.0,0
10.84058157702272,9,52.0,1593
10.840587849431842,6,5.0,6080
10.840653769037347,8,3.0,5117
10.84074038479849,14,1.0,-106
10.84074038479849,17,1.0,-106
10.840798756700728,13,2.0,-753
10.840829182174073,5,4.0,0
10.84113140758601,5,3.0,0
10.841520056950861,7,3.0,1539
10.841796393096393,7,5.0,2489
10.841830572897454,13,2.0,-1
10.841848483222913,7,4.0,2292
10.842079935075198,9,7.0,4899
10.84279191166469,14,4.0,-121
10.84404695367532,6,2.0,4637
10.844058170884976,14,7.0,-315
10.844350793751588,7,40.0,3444
10.844368993207848,8,15.0,4571
10.844392993068793,7,2.0,3778
10.845284167986813,13,1.0,-668
10.845284167986813,17,1.0,-668
10.846024372258693,7,1.0,3979
10.846237626276805,7,4.0,2867
10.84637245026648,1,3.0,6327
10.846416790841088,13,2.0,-830
10.84643901239578,6,3.0,4626
10.846578608538492,7,4.0,3640
10.846602485370985,1,1.0,6328
10.846748991696884,6,1.0,5976
10.846813026395523,6,3.0,5401
10.847171472004781,7,56.0,2441
10.847972538284564,7,1.0,4801
10.848613448289305,7,18.0,3761
10.848777275072953,6,10.0,3537
10.848780873587096,5,3.0,0
10.848862895145682,8,2.0,3583
10.848925926719891,14,1.0,-626
10.850094955192208,1,1.0,6329
10.85011336055256,7,13.0,4805
10.850140019167345,5,5.0,0
10.850407963148598,13,1.0,-918
10.85064971750169,5,1.0,0
10.851283702228955,14,3.0,-284
10.852317482340558,13,2.0,-614
10.852453842962777,4,12.0,6330
10.85245658314078,14,3.0,-708
10.852787833049328,1,2.0,6331
10.852949508058023,8,5.0,5831
10.853699609035914,7,3.0,5650
10.85370439828619,7,3.0,3319
10.853733692657475,5,4.0,0
10.853924411613352,14,3.0,-536
10.854064657110726,14,10.0,-83
10.854708724170623,13,2.0,-960
10.854875889375576,6,1.0,5355
10.855337922558707,6,1.0,5082
10.855436005247942,13,1.0,-27
10.855818830715345,6,22.0,4865
10.856016583387836,13,1.0,-440
10.856016583387836,17,1.0,-440
10.856231950211455,8,19.0,5782
10.85695591245453,13,5.0,-365
10.85695591245453,17,5.0,-365
10.85788625864001,5,1.0,0
10.858435635355956,14,2.0,-969
10.85855793127866,13,1.0,-452
10.858756487979408,1,2.0,6332
10.858958776335939,7,15.0,5295
10.859929920333286,6,3.0,5887
10.860326565687027,8,1.0,5347
10.860408331190712,13,1.0,-894
10.860509939766393,13,2.0,-659
10.860891334594438,6,1.0,6179
10.86117773216107,9,4.0,4078
10.861369389344727,13,3.0,-666
10.86178945606848,13,33.0,-817
10.86178945606848,17,33.0,-817
10.86184533524608,7,3.0,3564
10.863052836476728,13,1.0,-766
10.863052836476728,17,1.0,-766
10.863359161779469,13,2.0,-525
10.86344855141585,6,2.0,5855
10.86358534242715,13,2.0,-522
10.863681564307072,14,3.0,-554
10.8638058490642,6,1.0,3767
10.863909387412416,5,1.0,0
10.863970922909807,5,1.0,0
10.864144653391074,1,1.0,6333
10.864379956927229,9,2.0,130
10.864393540460656,14,1.0,-501
10.864393540460656,17,1.0,-501
10.86626008727872,6,2.0,5919
10.8664650298272,13,4.0,-736
10.867517489241088,7,50.0,2506
10.867597005996448,13,1.0,-1002
10.86795314870243,14,1.0,-427
10.868108736393404,9,48.0,2923
10.868403723740848,1,9.0,6334
10.868590573544257,9,39.0,1096
10.869557101076424,6,1.0,5593
10.869792318396913,5,2.0,0
10.869796351391441,9,2.0,3231
10.870022871625533,14,3.0,-432
10.8702367050126,6,4.0,5436
10.870239304476298,5,1.0,0
10.870918914703338,9,6.0,4370
10.871138845857146,1,9.0,6335
10.87120487440475,7,1.0,4218
10.871319164906721,6,13.0,6291
10.871714321954622,13,2.0,-676
10.87188963542476,7,3.0,4284
10.871975493152204,6,2.0,5625
10.872018899099686,9,2.0,3850
10.87208025916811,8,59.0,3120
10.872389514471799,1,8.0,6336
10.872509333199385,5,5.0,0
10.872625058451462,113,37.0,-191
10.87262649136383,7,2.0,4228
10.873065209071955,5,4.0,0
10.873929904047095,6,9.0,6256
10.874077487447295,1,2.0,6337
10.874746967250916,13,2.0,-1035
10.874820853036416,5,1.0,0
10.87519325667911,5,7.0,0
10.875239124503677,14,13.0,-210
10.875239124503677,17,13.0,-210
10.875459970672011,13,23.0,-355
10.875459970672011,17,23.0,-355
10.876698779752003,6,2.0,5168
10.87697001775385,7,2.0,3031
10.876970577195937,1,1.0,6338
10.877042037474933,9,2.0,3019
10.877203848954574,13,2.0,-393
10.877248673582624,8,1.0,4673
10.877773348656824,9,2.0,4682
10.877809537178182,8,4.0,4224
10.878215872202821,5,3.0,0
10.878411630846726,5,4.0,0
10.878461907443514,5,4.0,0
10.879159460383619,7,16.0,4569
10.879340796274587,7,6.0,2899
10.879378986484365,14,8.0,-608
10.879820744964183,13,1.0,-314
10.880047015544752,13,1.0,-1019
10.880600327123119,13,2.0,-258
10.880760886999791,7,47.0,2067
10.881246375681169,13,8.0,-529
10.881521466386163,14,6.0,-741
10.881643972847819,8,2.0,5695
10.881673931801561,7,30.0,4120
10.881776158408211,5,1.0,0
10.882093298152903,7,10.0,2075
10.882111868041429,1,11.0,6339
10.882126101243992,6,5.0,5003
10.88249428686477,7,2.0,5048
10.882735848325435,7,1.0,2666
10.882782541714803,6,4.0,5047
10.882950008348146,113,54.0,-36
10.883540123285789,1,8.0,6340
10.883831471042228,13,3.0,-590
10.884254002220635,14,5.0,-699
10.884545143631929,9,3.0,3487
10.884833057352472,5,5.0,0
10.885053329452994,6,1.0,6218
10.88542889231373,5,2.0,0
10.885676415997306,13,3.0,-391
10.885676415997306,17,3.0,-391
10.885716815789786,13,4.0,-436
10.886308597301952,7,4.0,3223
10.886830000294092,113,52.0,-730
10.887081367966072,13,3.0,-243
10.887081367966072,17,3.0,-243
10.887392374996615,6,4.0,6269
10.887443374346669,6,2.0,4198
10.88744644302126,13,2.0,-39
10.88744644302126,17,2.0,-39
10.88749307720475,13,1.0,-892
10.88749307720475,17,1.0,-892
10.887520211461625,14,1.0,-290
10.887520211461625,17,1.0,-290
10.887787721143766,7,9.0,4913
10.888023896951339,13,4.0,-796
10.888205602053162,7,1.0,4521
10.888309623760964,14,3.0,-327
10.888526948168437,1,2.0,6341
10.89028387376956,7,3.0,3760
10.890539968998068,1,1.0,6342
10.890938384210113,7,6.0,3998
10.890951002307027,9,8.0,3034
10.891764829809732,14,4.0,-55
10.891764829809732,17,4.0,-55
10.89193225918941,13,3.0,-955
10.892266491796125,6,1.0,4648
10.89242528727151,1,14.0,6343
10.892449743482459,7,14.0,3482
10.893229479738649,6,3.0,5677
10.894562173477468,6,1.0,6028
10.89498937879091,7,1.0,2518
10.895208341378886,5,1.0,0
10.89525733505148,13,6.0,-697
10.895547380587915,1,22.0,6344
10.895555693115522,1,13.0,6345
10.89559747086413,14,2.0,-616
10.895965317982593,7,39.0,5011
10.896096016005027,7,29.0,2004
10.896370325048487,5,3.0,0
10.896492845894251,7,60.0,1974
10.89700572978239,6,3.0,4493
10.897091945928365,7,3.0,5304
10.897511372645395,5,1.0,0
10.897863763086438,1,2.0,6346
10.897909966741754,7,6.0,3768
10.897909966741754,16,6.0,3768
10.89808186271233,8,18.0,4862
10.898290553731643,8,9.0,1550
10.898399398437267,5,1.0,0
10.898605527229606,1,7.0,6347
10.898631981808277,113,52.0,-209
10.89873771329869,13,1.0,-7
10.898961507555526,9,1.0,5830
10.89914436858523,9,3.0,5146
10.899367307218105,13,2.0,-325
10.899441260940312,13,14.0,-47
10.900044068516971,7,6.0,4246
10.900142781543419,1,13.0,6348
10.900175172192577,13,2.0,-908
10.900324939736898,6,7.0,6090
10.900725607040139,6,3.0,5517
10.900922624662066,13,2.0,-50
10.901305267273049,9,9.0,2706
10.90132533161804,13,2.0,-642
10.90132533161804,17,2.0,-642
10.901463754056536,1,26.0,6349
10.90151661075333,9,8.0,3133
10.901760082143749,7,1.0,2861
10.901760082143749,16,1.0,2861
10.90179126385625,7,3.0,5567
10.902171260963373,1,2.0,6350
10.902384049884068,13,3.0,-519
10.902521976927318,6,2.0,6225
10.902544911448429,13,5.0,-797
10.902592971833453,6,2.0,6318
10.902610275169616,1,5.0,6351
10.90299611786044,6,7.0,4791
10.903010372799136,7,1.0,2854
10.903175599851199,7,1.0,4782
10.903588131669807,1,2.0,6352
10.903629203463932,13,1.0,-481
10.903629203463932,17,1.0,-481
10.903998392981938,8,7.0,5862
10.904009367329806,6,9.0,4718
10.905278802992507,6,5.0,5975
10.905412709212786,6,1.0,4183
10.905494053092081,7,2.0,3856
10.905921120582247,13,1.0,-740
10.906406106274122,2,10.0,6353
10.906584973490467,7,58.0,3345
10.906944963905161,16,7.0,3534
10.906973996035552,14,5.0,-904
10.90788383771889,7,4.0,4609
10.9079065713282,7,2.0,5745
10.9079065713282,16,2.0,5745
10.908212771695936,6,4.0,6043
10.908774412146032,5,9.0,0
10.909348212876608,1,21.0,6354
10.910056703875789,14,4.0,-847
10.910558626329978,7,4.0,4914
10.910669799922852,6,2.0,6280
10.91125056773103,5,1.0,0
10.911312777897326,8,50.0,3864
10.91160751429494,13,4.0,-281
10.91162519548098,13,13.0,-274
10.911915512490145,8,2.0,5472
10.912250338256118,6,7.0,6013
10.912512684144062,1,2.0,6355
10.913357860969874,9,4.0,3934
10.913413303267115,9,51.0,4560
10.91352368068049,7,21.0,4107
10.913831105578259,9,1.0,2511
10.913860227727044,8,2.0,4772
10.914880943572205,1,2.0,6356
10.915336869169199,9,4.0,3152
10.915346195984934,7,1.0,4068
10.915362727837694,13,1.0,-779
10.915362727837694,17,1.0,-779
10.915719191991816,14,4.0,-876
10.916039576299326,6,7.0,3546
10.916359037553345,6,2.0,4724
10.916665039168088,6,11.0,4790
10.916682597121394,6,1.0,5621
10.917007412275684,14,5.0,-508
10.917104285951236,13,5.0,-187
10.917255012661926,6,18.0,6074
10.917541294939348,13,2.0,-902
10.917588110936402,5,8.0,0
10.917907713205643,13,5.0,-1031
10.91826223553773,13,1.0,-962
10.91826223553773,17,1.0,-962
10.91865936007953,13,1.0,-934
10.91865936007953,17,1.0,-934
10.91866704036225,7,2.0,3060
10.919306778797823,6,3.0,6068
10.91966422617353,6,2.0,5742
10.919831321415364,14,2.0,-970
10.919831321415364,17,2.0,-970
10.920027895126927,13,2.0,-889
10.920152890514386,13,6.0,-118
10.920437855694187,7,1.0,4576
10.920700171989289,5,2.0,0
10.920845189882279,7,12.0,5478
10.920922395764743,13,4.0,-585
10.920922395764743,17,4.0,-585
10.920953682574728,14,8.0,-678
10.92100078145901,14,3.0,-326
10.92100078145901,17,3.0,-326
10.921381132837706,14,3.0,-749
10.921677252194625,6,8.0,5128
10.922394226300247,14,8.0,-107
10.92292735352196,6,2.0,5893
10.923395518960707,6,3.0,5983
10.923864535093205,7,3.0,1821
10.923980394063447,7,3.0,4906
10.923980608333887,9,3.0,5822
10.924037194866859,7,5.0,4391
10.924347215019035,6,34.0,5637
10.92442575292288,6,3.0,6194
10.924624100505698,5,1.0,0
10.924794383678968,13,5.0,-392
10.924877562075048,6,5.0,6143
10.924920035771066,9,1.0,4795
10.924957348709814,1,7.0,6357
10.925395962696262,1,1.0,6358
10.92563507575378,6,3.0,6150
10.92574642461906,1,2.0,6359
10.92596680238851,13,2.0,-603
10.926151957749948,9,1.0,3032
10.926412118125594,9,50.0,924
10.926870305058424,1,1.0,6360
10.927347107727064,6,8.0,6309
10.92735999600251,13,10.0,-828
10.927794983133882,7,14.0,568
10.928010928085435,7,14.0,4121
10.92831856985972,6,5.0,6310
10.92849507896845,9,7.0,3115
10.928761347536023,6,19.0,5348
10.928790819235957,1,5.0,6361
10.929287498492332,7,5.0,2991
10.929719976824046,9,2.0,3901
10.92976608766197,1,8.0,6362
10.92986802792244,9,3.0,671
10.92989735148381,7,4.0,2581
10.930241307357598,13,6.0,-827
10.930271787790678,6,1.0,5895
10.930842329658864,13,1.0,-606
10.931513241244367,2,21.0,6363
10.931799633494595,6,1.0,6177
10.93183920871048,7,1.0,1424
10.932068984607222,6,55.0,6245
10.932098611985461,6,14.0,6170
10.932523494756577,6,7.0,6284
10.932615112212366,6,3.0,6234
10.932810046981157,7,5.0,3939
10.932866546354914,7,2.0,4359
10.932914834256621,1,1.0,6364
10.933485740052244,14,3.0,-476
10.933672692534655,6,7.0,6109
10.934002212284614,5,2.0,0
10.934397364804118,1,1.0,6365
10.934444166152623,1,2.0,6366
10.934679340289122,9,3.0,3630
10.934894209781936,14,2.0,-591
10.935005845045174,6,32.0,6301
10.935073123370335,9,3.0,2032
10.935209101547562,10,17.0,6272
10.935583075332694,6,6.0,5386
10.93664312913015,7,3.0,3226
10.936811697993992,14,9.0,-964
10.937168126877797,13,2.0,-711
10.938171835861977,7,5.0,1864
10.938688731482305,1,1.0,6367
10.939171479990051,7,2.0,4710
10.939289884124689,1,19.0,6368
10.939646393196893,1,16.0,6369
10.939691257273562,13,12.0,-388
10.939715815669594,1,10.0,6370
10.939925910527686,13,6.0,-319
10.939976713456579,6,7.0,5957
10.940174112197196,14,1.0,-900
10.940287628340366,5,2.0,0
10.94056605696505,13,1.0,-874
10.940696703846433,2,45.0,6371
10.941355667694491,14,4.0,-9
10.941774447658451,6,1.0,6290
10.942523780726427,8,1.0,2123
10.942614401708392,14,2.0,-538
10.942663113857787,1,8.0,6372
10.942898614731602,6,6.0,4858
10.942910475616369,1,1.0,6373
10.942913292485848,14,1.0,-936
10.943135965511242,1,5.0,6374
10.943154861128933,14,2.0,-636
10.943436717029927,11,8.0,5447
10.944040264920941,7,4.0,4062
10.944133112243005,6,1.0,5818
10.944349726844393,7,3.0,4764
10.944351969215397,7,5.0,1675
10.944379461546093,6,3.0,5563
10.94458667478995,14,3.0,-219
10.94475253945551,7,17.0,5097
10.946213052664383,6,2.0,5794
10.947093241132036,5,46.0,0
10.947273299441646,6,3.0,6283
10.947358633762967,7,23.0,4526
10.947533519899551,6,35.0,4885
10.947588654070445,1,6.0,6375
10.947715899182977,7,2.0,3601
10.947939888655572,14,1.0,-146
10.9480571172908,7,4.0,4779
10.948253240813532,6,1.0,5017
10.948270472159216,13,1.0,-162
10.948567137601394,6,11.0,5603
10.948700852804476,7,10.0,986
10.948899999080684,6,3.0,6220
10.948950314029744,13,25.0,-19
10.948950314029744,17,25.0,-19
10.948985656151068,13,15.0,-174
10.949294549775873,14,1.0,-643
10.949311857513537,7,4.0,3905
10.94935237669375,1,6.0,6376
10.949523427810297,8,3.0,4529
10.949893254801342,14,3.0,-442
10.950037377601081,5,1.0,0
10.95054608716852,7,25.0,5539
10.950928423129762,14,1.0,-108
10.951095109931444,6,5.0,5282
10.951140816264834,14,7.0,-872
10.95126349021204,9,4.0,4224
10.951352145290628,14,1.0,-412
10.951793489387338,13,1.0,-1042
10.951793489387338,17,1.0,-1042
10.952021850806752,8,3.0,5179
10.952272088205628,6,7.0,5998
10.952275941085617,5,1.0,0
10.952439595629608,7,34.0,3234
10.952687583618713,6,5.0,5624
10.953374598073943,7,49.0,3521
10.954008510422932,1,2.0,6377
10.954320169589586,5,3.0,0
10.955820687071657,13,5.0,-790
10.955820687071657,17,5.0,-790
10.955895507176596,7,2.0,4371
10.956118464197857,13,2.0,-683
10.956416423916192,7,3.0,4140
10.956450955167659,5,6.0,0
10.956469992520283,8,8.0,5001
10.956779863108032,7,1.0,2928
10.957096195197066,7,4.0,3413
10.9572709559423,13,2.0,-547
10.9572709559423,17,2.0,-547
10.957354661288624,5,6.0,0
10.957363183493037,9,2.0,5577
10.957783963347564,14,1.0,-473
10.958387983949759,14,1.0,-81
10.958387983949759,17,1.0,-81
10.958496974365051,13,6.0,-933
10.95888435850617,7,3.0,4886
10.959173716612526,13,1.0,-357
10.959173716612526,17,1.0,-357
10.959315370692673,113,51.0,-1046
10.959404975074163,5,2.0,0
10.959434552730569,14,1.0,-98
10.959577433316829,5,2.0,0
10.959770869784903,6,1.0,5850
10.959878236984839,6,7.0,4160
10.95996735877846,13,1.0,-158
10.959990196039675,13,3.0,-307
10.959990196039675,17,3.0,-307
10.961239485490722,13,22.0,-521
10.962218378223358,5,2.0,0
10.962292072145067,5,46.0,0
10.962411703196949,7,5.0,5071
10.962817798083504,6,36.0,5681
10.963112089583369,14,2.0,-1033
10.963894132356556,5,1.0,0
10.963903011101756,1,4.0,6378
10.964807751783274,9,6.0,2731
10.964845393536832,7,2.0,4283
10.965489397146628,5,3.0,0
10.96550371204941,5,8.0,0
10.96610733447968,6,1.0,5271
10.966244054550623,8,4.0,5027
10.966711598482151,7,1.0,2778
10.966787032512606,7,3.0,3799
10.966942254390615,5,4.0,0
10.967134542028779,6,8.0,6121
10.967136245508888,6,1.0,4751
10.967159169877936,13,1.0,-610
10.967546829539623,9,4.0,4748
10.96759378091861,13,2.0,-468
10.96775550497566,7,7.0,3439
10.967998365623453,1,1.0,6379
10.968107465534056,7,10.0,5151
10.968163467944695,7,3.0,5687
10.968590568978744,1,6.0,6380
10.968709732819187,14,1.0,-97
10.968913364178114,13,5.0,-877
10.968967461625493,9,12.0,4750
10.96904025588916,13,4.0,-912
10.96904025588916,17,4.0,-912
10.969174696178282,7,2.0,5446
10.969196929536128,7,10.0,4294
10.969260947053717,13,1.0,-153
10.969597744470816,1,9.0,6381
10.970177148072537,14,3.0,-692
10.970177148072537,17,3.0,-692
10.970312766498601,1,11.0,6382
10.970330675394836,7,8.0,4702
10.970635010050934,7,41.0,2645
10.970659545221775,6,1.0,6342
10.971108943009883,7,6.0,4739
10.971156018220398,1,2.0,6383
10.971494982706725,1,6.0,6384
10.971685657792564,13,3.0,-486
10.971685657792564,17,3.0,-486
10.971900873786614,13,1.0,-810
10.972024784343954,5,10.0,0
10.972222948638047,6,15.0,5777
10.972246115164475,7,14.0,2897
10.973062621347806,14,4.0,-824
10.973135961904084,6,11.0,4908
10.973466630100651,7,6.0,3921
10.974904388790108,14,3.0,-34
10.974904388790108,17,3.0,-34
10.975142225196851,7,4.0,5507
10.975297258777406,14,4.0,-59
10.975646091659163,16,5.0,1780
10.976039135820042,13,1.0,-124
10.976152290203405,7,7.0,2100
10.976964139383414,14,4.0,-342
10.977089418469065,7,2.0,3315
10.977172033066422,1,8.0,6385
10.977495803288612,8,15.0,5286
10.977645390939731,13,1.0,-154
10.97765093443079,8,5.0,2471
10.97793504379213,6,6.0,6384
10.977941551510824,5,1.0,0
10.978579137087957,1,5.0,6386
10.978753457072456,13,6.0,-465
10.978848870057373,14,3.0,-746
10.978866981368554,6,13.0,6345
10.979190341946271,6,3.0,6297
10.979385248984595,8,2.0,4699
10.979701947507632,1,1.0,6387
10.979878856038882,1,2.0,6388
10.980319296218624,6,2.0,4928
10.980558462816457,1,3.0,6389
10.980613975043482,6,2.0,4233
10.980767491632081,14,3.0,-16
10.980767491632081,17,3.0,-16
10.980970461030203,6,2.0,4414
10.981145766505412,13,6.0,-266
10.981443132463918,13,1.0,-289
10.981443132463918,17,1.0,-289
10.98144497177956,9,46.0,1390
10.981701025211422,7,6.0,4849
10.981784844866047,1,1.0,6390
10.981933858124156,13,2.0,-41
10.981976518409224,13,1.0,-1032
10.982541934909285,10,18.0,6253
10.983656342036971,14,12.0,-267
10.983656342036971,17,12.0,-267
10.983980283320852,13,3.0,-294
10.985227840272216,13,4.0,-958
10.98563559374258,9,1.0,4373
10.986140679749104,8,7.0,4901
10.986302152078654,13,9.0,-641
10.986509923726281,113,59.0,-1025
10.986531425425866,1,1.0,6391
10.98702806571087,1,2.0,6392
10.987037469915174,14,1.0,-435
10.987037469915174,17,1.0,-435
10.987339202689384,7,2.0,4229
10.987786040984057,5,4.0,0
10.987878120026977,13,2.0,-52
10.9884350108777,14,1.0,-975
10.988695820751065,13,1.0,-808
10.988821472646293,13,6.0,-116
10.989198631758319,14,10.0,-651
10.989202768689822,1,1.0,6393
10.989215939452446,6,8.0,5605
10.989260317023268,113,52.0,-518
10.989295011849585,7,5.0,5438
10.989546086943887,13,3.0,-511
10.989991652666266,13,14.0,-573
10.990130199632008,5,1.0,0
10.990183208932068,7,13.0,4628
10.990435766114851,13,46.0,-498
10.99050183782043,5,2.0,0
10.990929369799236,14,2.0,-858
10.990929369799236,17,2.0,-858
10.991236466947589,6,5.0,6374
10.991379822845875,13,3.0,-703
10.991465492324716,7,2.0,4274
10.991550895327237,7,17.0,3808
10.992399758296795,5,6.0,0
10.993009085907913,7,1.0,5112
10.99314412352906,13,4.0,-542
10.99372422391278,7,12.0,4874
10.994003578758038,5,1.0,0
10.994042982704697,7,21.0,5432
10.994071893008016,6,6.0,5922
10.99412435902054,14,4.0,-560
10.994132105386301,13,1.0,-288
10.99417418113268,1,2.0,6394
10.994415960179897,13,3.0,-84
10.994449839532942,7,1.0,4524
10.994900784717048,13,1.0,-66
10.995305218548678,1,1.0,6395
10.997013320972972,13,1.0,-681
10.99710069871234,13,1.0,-277
10.997323155637865,7,2.0,2538
10.998087115671161,113,53.0,-1003
10.998266611714559,13,1.0,-1000
10.998789787451145,6,14.0,3719
10.998981407934703,14,2.0,-400
10.999115062667961,7,3.0,3931
10.999135185124262,9,8.0,4383
10.999307607663138,1,5.0,6396
10.999422036681706,13,7.0,-4
10.999422036681706,17,7.0,-4
10.999732752332694,7,52.0,5278
11.000091699687806,13,3.0,-1790
11.000144218922165,18,,0
11.000189894342041,13,1.0,-1610
11.00020422008044,101,2.0,6397
11.00025702012238,14,4.0,-1300
11.000316191542224,6,6.0,6376
11.000478475770652,6,37.0,6216
11.00055757356715,13,2.0,-1783
11.000859577502181,6,5.0,6302
11.001082357217287,5,2.0,0
11.002674014301133,6,2.0,5839
11.002709890931856,18,,0
11.003024974911828,101,1.0,6398
11.003222758447496,9,1.0,4109
11.003382686609013,1,7.0,6399
11.003852577771447,6,1.0,3347
11.00390929185172,14,1.0,-1978
11.004005111026618,5,1.0,0
11.004485288620229,9,18.0,3524
11.004515144445586,6,21.0,6363
11.005624068638005,7,11.0,4537
11.005922529428808,8,7.0,2228
11.006174664664538,1,1.0,6400
11.006864883537453,14,6.0,-1716
11.006932989969727,6,11.0,4523
11.00708114723359,6,2.0,6305
11.007440162528486,13,1.0,-2023
11.00756480144289,1,1.0,6401
11.007923314847874,10,14.0,5509
11.00793193735542,13,3.0,-1499
11.00794401792553,8,1.0,5055
11.008353689823544,2,50.0,6402
11.008703753779054,6,2.0,1846
11.008837533656473,13,1.0,-1876
11.009155034711606,1,3.0,6403
11.00949899327283,5,17.0,0
11.009520104266263,14,4.0,-1445
11.00953819381147,6,3.0,6035
11.010118629806891,14,1.0,-1729
11.010195709201543,9,2.0,3002
11.010307994627134,13,1.0,-1777
11.010316905711345,1,4.0,6404
11.010469110499338,6,1.0,6329
11.010501965290038,5,4.0,0
11.010992794679538,5,14.0,0
11.011089725078723,14,5.0,-2031
11.011480610878124,7,9.0,5066
11.011504737265772,6,1.0,6190
11.011850701319716,6,4.0,5770
11.011998854336515,6,2.0,6355
11.012201186202748,14,4.0,-1685
11.012512217895322,6,1.0,5739
11.012699274243777,9,3.0,3352
11.013512831144237,7,43.0,1973
11.013745726876746,8,7.0,5045
11.013880198623461,14,1.0,-1505
11.013989500058745,1,6.0,6405
11.014069499736951,9,5.0,5848
11.014179527422652,13,2.0,-1327
11.014199787821548,18,,0
11.014223081571007,101,1.0,6406
11.014324948326834,5,1.0,0
11.014644903294872,1,7.0,6407
11.01488028765203,6,2.0,5826
11.015165885382082,6,6.0,6227
11.015245843109398,13,4.0,-1052
11.015249581470846,5,1.0,0
11.015328940420918,5,8.0,0
11.01535487694078,8,11.0,5837
11.015431474210729,9,1.0,2939
11.015444676191102,1,2.0,6408
11.016046640911338,14,1.0,-1163
11.016122036532414,7,4.0,3246
11.016315562611581,14,1.0,-1311
11.016350680785134,6,12.0,5844
11.01646994890173,7,2.0,4662
11.01666239809995,14,3.0,-1467
11.016680254732963,9,5.0,2594
11.01686242779449,7,1.0,2023
11.01687980906883,1,5.0,6409
11.016889458815577,1,2.0,6410
11.016895232342542,1,1.0,6411
11.017676370166203,5,4.0,0
11.018502028833444,1,6.0,6412
11.018582161581502,14,1.0,-1282
11.018635371267822,6,4.0,6040
11.018658377403334,13,2.0,-2015
11.018723522349806,5,16.0,0
11.01902458485343,9,5.0,2523
11.019282534520636,7,46.0,5239
11.019543011859097,14,1.0,-1248
11.020483553572486,18,,0
11.02049755061648,5,1.0,0
11.020540584837327,13,1.0,-1285
11.020661252513566,101,1.0,6413
11.020747307191684,9,8.0,4836
11.020786542627343,5,2.0,0
11.021181247707196,13,8.0,-1583
11.021294953062135,9,2.0,4622
11.021400538348345,14,2.0,-1064
11.021451979978607,7,8.0,4794
11.021684139387084,9,5.0,2471
11.021730674012916,5,5.0,0
11.02194498424052,6,3.0,5111
11.022026944565274,5,4.0,0
11.022254352573011,1,1.0,6414
11.02282524346238,14,2.0,-2037
11.023047842208792,1,1.0,6415
11.023240042471498,6,7.0,6053
11.023953483593063,7,25.0,5263
11.024084020032328,6,12.0,5937
11.024295680120076,13,1.0,-1603
11.02448182756674,7,5.0,4032
11.024767364750602,7,6.0,4091
11.025053330397073,13,1.0,-1269
11.025106528208171,6,10.0,6370
11.025870856999637,18,,0
11.02588834783336,101,6.0,6416
11.026257691768313,13,1.0,-1151
11.026277807657276,9,1.0,5815
11.026277807657276,16,1.0,5815
11.026327971510247,7,3.0,3626
11.026519528166265,13,11.0,-1832
11.026965669785511,18,,0
11.026995711127284,101,12.0,6417
11.027051815403777,14,24.0,-1402
11.027144770835378,7,2.0,4042
11.027408621596075,8,6.0,5529
11.028654153097248,1,2.0,6418
11.028664542563234,13,1.0,-1258
11.02869216241219,14,6.0,-1989
11.02931955875959,6,2.0,5394
11.029456759956371,6,1.0,6333
11.029480767739308,7,3.0,2995
11.029620520189875,5,1.0,0
11.029853913270017,9,46.0,3882
11.02988850773662,6,2.0,6081
11.029954161399083,1,2.0,6419
11.030101229023456,14,2.0,-2094
11.030520497001548,5,50.0,0
11.030674166650845,13,33.0,-1361
11.030911730252921,18,,0
11.031104393535244,6,5.0,6396
11.031384412470901,13,6.0,-1759
11.031556420428249,14,3.0,-1407
11.03160206147176,13,2.0,-1838
11.031651769250496,101,3.0,6420
11.032229368764671,9,3.0,4393
11.03257636789327,1,2.0,6421
11.032665563848868,13,1.0,-1326
11.03283161963566,8,4.0,6058
11.03294485389068,13,1.0,-1860
11.033058255242201,18,,0
11.033100199397202,101,3.0,6422
11.033198686208207,14,2.0,-1598
11.033389275862035,1,1.0,6423
11.033543756730937,6,2.0,5349
11.034840439214378,8,5.0,3932
11.034967651532805,1,2.0,6424
11.035214816427171,1,2.0,6425
11.035379941305195,7,1.0,2719
11.035491662162109,6,5.0,6386
11.035506260008097,7,2.0,4171
11.03557950984276,6,2.0,6015
11.035594390124722,10,12.0,6330
11.035841719395092,1,2.0,6426
11.03621411282677,6,2.0,6337
11.036325422844348,1,2.0,6427
11.036481447623121,7,6.0,5068
11.037068948257604,8,4.0,3545
11.037072603404535,13,1.0,-1888
11.037554355248831,6,7.0,6232
11.037880152005625,5,4.0,0
11.038076724870905,14,2.0,-2063
11.038106717278332,6,3.0,6034
11.038261476921434,13,1.0,-1410
11.038576447714942,5,4.0,0
11.038658215224052,14,7.0,-1299
11.03962701016353,14,7.0,-1747
11.039630885695942,8,19.0,4126
11.03965256451474,6,8.0,1431
11.039899556361206,6,3.0,6008
11.040058525754679,14,2.0,-1721
11.040264536866752,14,3.0,-1390
11.04035358153342,1,7.0,6428
11.040493456213692,7,2.0,4728
11.040835135012596,13,1.0,-1644
11.040843063566728,13,4.0,-1302
11.04088058080228,6,4.0,4483
11.040894059620134,7,7.0,5533
11.041156200086315,5,2.0,0
11.041204137199093,6,9.0,6211
11.041302799621201,6,1.0,6023
11.041545297570885,18,,0
11.041570646091204,101,7.0,6429
11.041972829948842,8,2.0,6081
11.042736231228357,13,4.0,-1218
11.04274935559549,6,2.0,6311
11.04291947302996,6,1.0,6219
11.043386668091419,13,1.0,-1057
11.04373353911494,18,,0
11.043743371721696,101,6.0,6430
11.043930627425473,6,10.0,5946
11.044205608964111,8,12.0,5158
11.044253208264488,5,2.0,0
11.044365577191057,7,3.0,4936
11.044800836775735,7,2.0,3871
11.045037305999987,14,7.0,-1409
11.045588726421874,14,2.0,-1070
11.045588726421874,17,2.0,-1070
11.045756135691837,18,,0
11.045804271526176,101,2.0,6431
11.045888412093118,13,5.0,-1367
11.045973555779144,13,13.0,-1594
11.046699603026969,9,2.0,5300
11.04682975468055,7,7.0,1909
11.046935519610447,7,34.0,5166
11.04700959873086,7,15.0,2487
11.047351878110703,13,1.0,-1815
11.047568941363389,7,56.0,1458
11.047609402937258,13,1.0,-1911
11.04764072633302,13,1.0,-2053
11.047695899408895,8,3.0,5524
11.048078930508655,7,3.0,5488
11.048514540149633,18,,0
11.048630696282686,101,4.0,6432
11.049056612497118,13,2.0,-1661
11.049546835965486,9,3.0,5179
11.04976740054225,18,,0
11.049804763370831,101,5.0,6433
11.05012793619083,14,2.0,-1580
11.050366109366358,6,13.0,5834
11.050570102460318,13,2.0,-1369
11.051728691081369,9,49.0,3684
11.051936228276668,8,30.0,5806
11.05251735310946,4,14.0,6434
11.053236033949142,1,1.0,6435
11.053423081545246,6,1.0,6414
11.053471228561504,14,9.0,-1769
11.05380904212797,13,2.0,-1799
11.05380904212797,17,2.0,-1799
11.053939254354027,14,2.0,-1955
11.054162236634447,13,11.0,-1763
11.054162236634447,17,11.0,-1763
11.054245644848239,9,6.0,1868
11.054575686294946,6,12.0,5934
11.054578817748087,7,15.0,5187
11.054887692191436,14,5.0,-1635
11.054887692191436,17,5.0,-1635
11.05527545746261,13,4.0,-1846
11.055508844825795,3,38.0,6436
11.055534092710838,13,2.0,-1234
11.055570932605702,6,2.0,6171
11.05579382824189,1,3.0,6437
11.055854492211825,6,1.0,5076
11.0558849562427,13,9.0,-1250
11.0558849562427,17,9.0,-1250
11.055955116724224,7,8.0,3863
11.056046006973977,6,2.0,6383
11.056183020767424,13,1.0,-1482
11.056183020767424,17,1.0,-1482
11.056475506555104,9,2.0,3645
11.056562894343246,5,5.0,0
11.056610207066145,5,2.0,0
11.056616021282117,13,1.0,-1122
11.056616021282117,17,1.0,-1122
11.0567276177802,6,2.0,5774
11.056857449818798,8,28.0,1999
11.056869221915102,13,1.0,-1873
11.056921823082892,7,2.0,3883
11.057057042354934,9,2.0,2686
11.057253750873471,7,5.0,2570
11.057694221679167,8,2.0,4756
11.058173520460164,7,1.0,4410
11.058906777911126,14,13.0,-1498
11.059145478784506,7,5.0,3013
11.059299696099671,13,2.0,-1373
11.059656046886175,7,10.0,4304
11.059674830787364,13,1.0,-1237
11.059932808039736,14,2.0,-1189
11.060717292584169,7,42.0,2003
11.06084395016868,6,5.0,6351
11.061319187099187,14,3.0,-1228
11.062293992681603,7,17.0,1522
11.062927202077418,7,2.0,3111
11.063026523769567,8,1.0,4988
11.063098174212989,14,4.0,-1400
11.0630989083289,13,7.0,-1239
11.063177554121355,6,37.0,5194
11.063261104692229,13,7.0,-1232
11.063261104692229,17,7.0,-1232
11.063305994202262,13,1.0,-1913
11.063533645208292,13,2.0,-2002
11.063721914606205,6,3.0,4520
11.063740614162732,9,6.0,2287
11.063903398290261,6,1.0,5655
11.06437453189228,7,3.0,4430
11.064522325221372,7,3.0,3572
11.064727933687294,8,11.0,3705
11.0649823005703,13,1.0,-1304
11.0649823005703,17,1.0,-1304
11.065847484201223,13,5.0,-2026
11.066068179720268,5,2.0,0
11.066992278491462,13,1.0,-1886
11.067079943997658,5,3.0,0
11.067491997018154,13,4.0,-1517
11.067848608300146,7,5.0,4559
11.06831781787289,7,29.0,5365
11.068471200443843,1,1.0,6438
11.069052084809115,9,35.0,3356
11.069069622634867,13,2.0,-2055
11.069069622634867,17,2.0,-2055
11.069396124339097,1,1.0,6439
11.069615042174886,7,2.0,4986
11.06968040197304,13,1.0,-1396
11.06968747087153,9,2.0,1605
11.069908476034842,6,3.0,5640
11.07028012131966,14,1.0,-1698
11.07034406959481,6,2.0,6288
11.070559329542213,1,1.0,6440
11.07071312385756,5,4.0,0
11.0708338500385,14,4.0,-1736
11.071027565023916,7,3.0,5316
11.071109058509279,1,7.0,6441
11.07143886641407,13,1.0,-1384
11.071844331151405,6,2.0,5121
11.071878662732821,13,1.0,-1948
11.071891700510324,13,1.0,-2087
11.071995459205262,1,9.0,6442
11.072034163420645,13,3.0,-1195
11.072427519600485,5,3.0,0
11.072536520094168,6,5.0,4511
11.072569516437275,7,1.0,4688
11.07265014768803,6,1.0,5549
11.073072488406453,8,5.0,5095
11.073104917388397,13,3.0,-1626
11.073104917388397,17,3.0,-1626
11.073334255867781,1,9.0,6443
11.073361583770811,9,3.0,5524
11.073361583770811,16,3.0,5524
11.073672792947898,13,34.0,-1093
11.073672792947898,17,34.0,-1093
11.073690202995133,1,3.0,6444
11.074566517572077,6,4.0,6041
11.074692077325174,7,7.0,4763
11.075129789083558,7,7.0,3153
11.075265051440676,6,2.0,4325
11.075601560185055,1,3.0,6445
11.07598640267334,13,2.0,-1216
11.07598640267334,17,2.0,-1216
11.076106745390764,9,22.0,4507
11.076106745390764,16,22.0,4507
11.076135308014175,1,2.0,6446
11.076291177105777,14,13.0,-1915
11.076329288850316,1,1.0,6447
11.076795379188392,7,7.0,2336
11.077048305103384,6,12.0,4652
11.077151086012776,6,17.0,5363
11.077323165022094,7,46.0,4514
11.077323165022094,16,46.0,4514
11.07840445604102,13,1.0,-2095
11.078520093699435,5,2.0,0
11.078579807537285,14,1.0,-1942
11.078585086641462,4,13.0,6448
11.078692991035572,5,9.0,0
11.078805546542359,1,1.0,6449
11.078873512422971,13,2.0,-1768
11.078873512422971,17,2.0,-1768
11.079036252386407,6,1.0,5912
11.079069445079403,6,1.0,5634
11.079575632584572,1,1.0,6450
11.079764376229534,7,19.0,4474
11.079846551113604,8,3.0,5845
11.08018010263071,7,1.0,4463
11.080280900398089,14,3.0,-1472
11.08038551307563,13,1.0,-1926
11.08038551307563,17,1.0,-1926
11.080965469830636,13,17.0,-1808
11.081581710133177,8,36.0,1527
11.081704445635856,7,6.0,2886
11.082154040067632,13,19.0,-1667
11.08247089212719,6,3.0,4766
11.082632643746443,7,22.0,5399
11.082768543961697,5,4.0,0
11.082794969221695,13,1.0,-1701
11.082794969221695,17,1.0,-1701
11.082854171455994,6,1.0,6084
11.083017246314657,5,1.0,0
11.083085266230798,10,38.0,6436
11.083296269302156,6,2.0,6124
11.083400964655567,1,3.0,6451
11.083438923979346,7,1.0,6003
11.08385663411669,8,9.0,3928
11.084113019997806,13,12.0,-1223
11.08416505726133,7,6.0,2971
11.08429416384592,14,2.0,-1244
11.084531255835879,14,2.0,-1124
11.084544866680172,5,4.0,0
11.084681196306109,6,8.0,6372
11.084945288959414,7,3.0,4040
11.084978480387477,5,1.0,0
11.085377824877174,14,2.0,-1557
11.08559096235352,1,3.0,6452
11.085705907089864,6,3.0,6100
11.086072054662363,13,2.0,-1953
11.086102591317239,7,3.0,3259
11.086175361603097,6,6.0,6120
11.086793073055569,14,6.0,-1359
11.087058345351664,5,4.0,0
11.087445981724256,13,6.0,-1928
11.087902195537728,14,1.0,-1980
11.087914365001376,113,49.0,-1798
11.088178219845785,13,1.0,-1253
11.088795193634333,5,1.0,0
11.088866228715611,5,8.0,0
11.088969073707537,5,3.0,0
11.089109140247036,7,3.0,4290
11.0891421101377,6,5.0,5013
11.089203406044087,7,60.0,3436
11.089653857527937,6,6.0,3887
11.089712155439878,5,2.0,0
11.089934017600612,8,10.0,6370
11.090102212754188,7,3.0,4161
11.090212630784645,7,2.0,3993
11.090264220028605,13,1.0,-1262
11.090369471928843,14,1.0,-2090
11.090711260350416,5,4.0,0
11.090796647235022,8,6.0,5865
11.090856755667838,1,7.0,6453
11.091243750035208,5,1.0,0
11.091457998930021,6,14.0,6009
11.091556442829125,1,3.0,6454
11.091887165027991,9,1.0,3927
11.09195822771733,6,2.0,5914
11.092921270136939,13,2.0,-1681
11.09308748619362,5,1.0,0
11.093558346505816,6,1.0,6364
11.094153094062634,14,3.0,-1318
11.094538425666796,9,2.0,5093
11.095221768827054,4,1.0,6455
11.0954835674301,5,2.0,0
11.095626490902474,7,9.0,3012
11.096359168507517,9,2.0,3222
11.096414814448552,5,4.0,0
11.096428630077224,7,5.0,3635
11.096462190686752,13,1.0,-1184
11.096462190686752,17,1.0,-1184
11.096649425133307,6,6.0,5520
11.096783469899302,14,51.0,-1238
11.096783469899302,17,51.0,-1238
11.096818209796869,13,1.0,-2006
11.096866630783706,1,8.0,6456
11.097065419173427,8,1.0,6023
11.097113686533767,6,1.0,6423
11.097424387285733,9,2.0,5431
11.097523284563419,7,10.0,5077
11.098450323558081,13,1.0,-1902
11.098745415228237,7,6.0,3210
11.098800699968612,8,6.0,4155
11.098819408512863,14,8.0,-1650
11.099084992204014,13,1.0,-1267
11.099146949484656,13,40.0,-2011
11.0993649977325,7,3.0,3500
11.099532413334906,7,27.0,1708
11.099577225389334,7,16.0,2943
11.099816697549509,7,2.0,2965
11.09988480669223,8,3.0,4834
11.09999998176221,6,3.0,6096
11.10050685283842,6,2.0,6421
11.101488078501607,8,7.0,3337
11.101666781129895,7,6.0,4909
11.10174356004089,7,2.0,5616
11.101875901190052,5,9.0,0
11.102133843255729,6,1.0,6312
11.102167941570361,6,5.0,3295
11.102639747906853,13,6.0,-1276
11.10278551693152,8,17.0,3248
11.10349434112287,14,3.0,-1081
11.103738283507507,7,8.0,4726
11.104008994698699,7,5.0,1076
11.104012812226117,6,1.0,6379
11.10515289913589,14,11.0,-1657
11.105399841910758,113,54.0,-1816
11.10563892876836,8,3.0,5118
11.106135078098365,7,52.0,3429
11.106171493858572,5,3.0,0
11.10640860631837,14,5.0,-1455
11.108538058609465,1,2.0,6457
11.108840806632648,13,6.0,-1194
11.108930190999558,6,9.0,6443
11.109169807395201,5,4.0,0
11.109573635560475,9,9.0,2860
11.10961471139726,5,1.0,0
11.109665397168753,10,3.0,6237
11.109997425753651,6,29.0,4122
11.11040964519342,1,5.0,6458
11.110535830055094,1,7.0,6459
11.110661135822765,5,2.0,0
11.110894718188717,14,4.0,-1094
11.111488467716654,9,18.0,4862
11.111500702720635,13,1.0,-1395
11.11154239772545,13,18.0,-1540
11.111565612797994,13,1.0,-1713
11.112105036286906,1,14.0,6460
11.112231622891667,5,2.0,0
11.112784980126465,1,2.0,6461
11.113274247949114,7,8.0,4698
11.113580976487055,13,5.0,-1695
11.113792231603782,14,2.0,-1521
11.114803310725305,7,2.0,4693
11.11491880726406,7,3.0,2063
11.115607162277609,7,8.0,792
11.11631814503097,7,1.0,5134
11.117190907485778,5,2.0,0
11.117201888498531,14,2.0,-1458
11.117215279162618,6,21.0,6138
11.11752529369753,17,2.0,-22
11.117618755242132,1,12.0,6462
11.11786233727798,7,22.0,3755
11.118177574379855,7,8.0,5412
11.118185062326587,14,15.0,-2092
11.118185062326587,17,15.0,-2092
11.118678522800485,7,1.0,4278
11.119150475164371,8,8.0,4891
11.120625713092913,7,4.0,4352
11.120970358022571,9,9.0,3928
11.121043055817486,5,2.0,0
11.121089531717994,6,6.0,6412
11.1211939853258,13,2.0,-1381
11.121637629246775,14,3.0,-1442
11.121733793346024,5,1.0,0
11.121785392454967,6,4.0,6186
11.121835593244015,6,5.0,6409
11.122352420576028,7,6.0,2229
11.12319312819121,7,20.0,4798
11.124350038923152,8,1.0,5481
11.124569801468441,6,18.0,4734
11.125009336239101,14,2.0,-1485
11.125205982919859,14,3.0,-1717
11.125205982919859,17,3.0,-1717
11.125586643819119,8,2.0,6280
11.12591047834541,13,4.0,-1084
11.126124607852105,1,4.0,6463
11.126334200356792,7,12.0,4733
11.126723148807663,7,7.0,4189
11.127816148682275,7,6.0,3897
11.128032079542757,7,12.0,4349
11.12890195546924,9,6.0,2529
11.129035141283117,7,3.0,4053
11.129238248267988,7,2.0,794
11.129390911264144,6,43.0,3821
11.129484650048928,5,2.0,0
11.129507217815956,16,6.0,918
11.129929063333165,7,3.0,4421
11.130226298288495,6,3.0,4890
11.13027881605592,1,4.0,6464
11.13030027462916,14,5.0,-1481
11.130508695091855,1,5.0,6465
11.130987600480639,14,1.0,-1076
11.130987600480639,17,1.0,-1076
11.131792791270092,13,39.0,-1766
11.131915607224327,5,3.0,0
11.13206393786153,5,4.0,0
11.132693379489451,13,2.0,-1347
11.132714404759065,7,2.0,4584
11.133335312872589,6,3.0,4884
11.13348850054774,13,5.0,-1590
11.13348850054774,17,5.0,-1590
11.133654622661275,13,3.0,-1349
11.133893982958774,14,1.0,-1295
11.134249668827685,1,6.0,6466
11.134272123045463,5,3.0,0
11.135055359919521,13,3.0,-1732
11.135299823418206,1,50.0,6467
11.135498312941996,8,7.0,6429
11.135845607754083,113,54.0,-1648
11.1366003911127,7,5.0,5483
11.137339862186879,9,8.0,3241
11.137765069704026,14,7.0,-1166
11.137765069704026,17,7.0,-1166
11.137835160187853,5,1.0,0
11.138525977983209,13,1.0,-1584
11.138898328737781,13,46.0,-1836
11.138935743451926,14,8.0,-2084
11.138998448386465,1,6.0,6468
11.13901794256291,13,1.0,-1391
11.13901794256291,17,1.0,-1391
11.139056390636783,5,3.0,0
11.139398527993395,8,1.0,4882
11.140411937754276,14,3.0,-1924
11.140480515164787,6,4.0,5267
11.140781787931433,5,9.0,0
11.141374587751622,14,5.0,-2032
11.141390896110451,5,13.0,0
11.14159159727961,113,34.0,-1722
11.141753370682776,13,4.0,-1261
11.141942425237232,13,2.0,-1419
11.141942425237232,17,2.0,-1419
11.142001677601122,9,3.0,5021
11.142789127000045,6,1.0,5504
11.143097187675574,5,9.0,0
11.143302392318986,113,34.0,-1363
11.144016056237623,13,2.0,-1536
11.144016056237623,17,2.0,-1536
11.144232431840441,7,1.0,5462
11.144413275647652,7,3.0,5225
11.14477734851055,7,27.0,5175
11.144782289692136,14,4.0,-1697
11.145290174670796,9,1.0,3276
11.145513536967659,1,3.0,6469
11.14605496912671,1,11.0,6470
11.146325400773183,6,3.0,6161
11.146331625270175,7,46.0,1457
11.146687765682477,7,2.0,4768
11.146704577419557,13,2.0,-1154
11.147247766512802,8,5.0,4611
11.14735708027092,9,7.0,1536
11.14740371847004,13,2.0,-1890
11.147608820695812,113,51.0,-1143
11.147636521561848,1,2.0,6471
11.147685804572408,9,8.0,4891
11.147839939211302,7,50.0,752
11.148406871768326,6,9.0,6279
11.149479779283764,14,2.0,-1316
11.149510990024261,9,12.0,5418
11.14957687938549,6,3.0,6437
11.149846729395117,6,1.0,6440
11.15029663485694,7,2.0,4311
11.151468754574836,13,1.0,-1205
11.15154784640103,13,2.0,-1333
11.15155709761154,13,1.0,-1256
11.1515708588134,6,2.0,5425
11.152053136429792,7,3.0,5492
11.152067827266805,7,7.0,4048
11.152264066637116,14,3.0,-1434
11.152449574347257,8,7.0,5131
11.152581905417005,13,2.0,-1399
11.152590472258009,8,1.0,6413
11.153073269117618,1,1.0,6472
11.153348886555726,7,1.0,3595
11.153819553758575,7,4.0,3611
11.15392855907894,13,1.0,-1226
11.154510220623724,7,11.0,5160
11.154961264337782,7,3.0,4460
11.155195285920048,7,5.0,2976
11.155254086237992,7,55.0,3251
11.15536588024436,6,6.0,5651
11.15570970888865,13,1.0,-1321
11.15570970888865,17,1.0,-1321
11.156075650745198,7,1.0,4814
11.156225828022967,1,3.0,6473
11.156317435593945,5,1.0,0
11.156650171239567,13,2.0,-1794
11.156809962794226,14,6.0,-1788
11.156919156983625,5,3.0,0
11.15708993056462,9,1.0,5055
11.157297790402687,7,5.0,3471
11.157585272820592,1,1.0,6474
11.157767301238543,5,1.0,0
11.157784205583042,5,2.0,0
11.158055956133294,13,5.0,-1100
11.158055956133294,17,5.0,-1100
11.158554133158015,9,1.0,4230
11.15896620690111,9,9.0,3811
11.158982088589285,6,40.0,6242
11.159123135808228,14,1.0,-1920
11.159609458836126,6,2.0,5716
11.159777696491469,1,9.0,6475
11.15986791583568,14,2.0,-1127
11.160880483650962,13,1.0,-1187
11.161013727850573,13,1.0,-1620
11.16175020268445,6,5.0,6115
11.162073455352175,6,2.0,6425
11.162294619365605,1,2.0,6476
11.162682778260615,6,1.0,5376
11.162711648001066,7,10.0,4971
11.162735625236515,13,3.0,-1828
11.163359183272394,13,1.0,-2009
11.163816359608257,6,2.0,5204
11.16423063086295,7,3.0,5486
11.164314913963132,8,3.0,2911
11.164442537422747,13,3.0,-1115
11.164442537422747,17,3.0,-1115
11.165008955528034,13,1.0,-1871
11.165042709036658,7,8.0,1471
11.165175192416504,8,1.0,5024
11.165498389703927,13,4.0,-1738
11.165799747979097,13,1.0,-1982
11.165974936754724,7,6.0,2907
11.166114574787008,13,3.0,-1117
11.166404337577552,13,10.0,-1354
11.167118723744272,113,40.0,-1727
11.167408954190982,5,7.0,0
11.167589890090158,7,7.0,5796
11.167637798306682,7,1.0,5789
11.167684220228043,13,7.0,-1314
11.167838776520098,13,6.0,-1859
11.167909138034696,1,1.0,6477
11.168487806573271,1,2.0,6478
11.171870593885204,13,3.0,-1951
11.171870593885204,17,3.0,-1951
11.172081324488714,6,1.0,6198
11.17215219682813,7,5.0,4136
11.172393658092428,7,12.0,5197
11.1725915676625,7,7.0,4851
11.173057434583745,5,2.0,0
11.173123607577212,7,1.0,5292
11.173227037289958,6,29.0,3549
11.173419985201406,7,47.0,1997
11.173509654890406,6,1.0,6261
11.173535715818316,9,2.0,3281
11.173640228197694,1,3.0,6479
11.17374049576128,6,19.0,3776
11.173881032306612,7,41.0,4464
11.174085978636263,13,3.0,-1694
11.174085978636263,17,3.0,-1694
11.174232289838356,6,2.0,5190
11.174730344820842,14,2.0,-1615
11.174958480834624,13,1.0,-1632
11.174958480834624,17,1.0,-1632
11.175314278828422,17,4.0,-308
11.176534679774532,9,1.0,3383
11.176643297827368,8,3.0,5103
11.17672869345201,7,6.0,2734
11.176823790674472,17,3.0,-694
11.176831997649993,14,3.0,-1126
11.176881167957752,7,6.0,3710
11.177099547771183,1,10.0,6480
11.177137365544985,6,1.0,5420
11.177486154575398,7,1.0,4586
11.17763565376612,9,6.0,3423
11.177925686941684,13,1.0,-1217
11.178276795037823,7,12.0,4133
11.178298012709629,7,20.0,3623
11.17839560414815,7,7.0,2438
11.178755486842213,6,2.0,6457
11.178885154786983,7,1.0,5157
11.178893873028207,14,10.0,-1346
11.178976269890642,6,1.0,6449
11.179704303247242,5,2.0,0
11.17976415202441,14,2.0,-1345
11.180045534407618,5,2.0,0
11.180260111145268,1,6.0,6481
11.180276618453854,14,4.0,-1592
11.180651386796283,13,1.0,-1309
11.180752441830633,2,60.0,6482
11.18083519570072,7,46.0,4582
11.180886840778914,14,7.0,-1554
11.181187490041387,13,2.0,-2077
11.181335485315929,14,3.0,-1242
11.181335485315929,17,3.0,-1242
11.181537528510717,6,26.0,6349
11.181686393972269,6,3.0,5793
11.181971395585146,9,8.0,2973
11.182470261300201,14,2.0,-1251
11.182470261300201,17,2.0,-1251
11.182536177872619,5,3.0,0
11.182584394146867,13,1.0,-1810
11.182851104739907,1,7.0,6483
11.18308049621201,6,3.0,5966
11.183240037042136,6,11.0,5852
11.18354774444885,6,1.0,6226
11.184631490671308,7,12.0,4138
11.184715751092815,7,2.0,6185
11.184814186718238,6,1.0,5951
11.184986098514804,13,1.0,-1393
11.185248448004643,7,2.0,4658
11.18618947532258,7,11.0,5541
11.186229601940141,8,36.0,3399
11.186466826362008,1,2.0,6484
11.18655149316135,6,3.0,6326
11.186725335567955,13,1.0,-1984
11.18730498675958,7,4.0,4932
11.187397585869904,14,3.0,-1293
11.187397585869904,17,3.0,-1293
11.187756737946625,13,1.0,-1060
11.18783111167619,9,1.0,2638
11.187953331730446,7,1.0,4937
11.188230591830722,13,5.0,-1494
11.188293181594803,7,11.0,4066
11.188863174519714,7,7.0,698
11.188915512889599,9,2.0,5028
11.189106537238981,6,14.0,6086
11.189218957779314,7,1.0,4654
11.189781122432711,7,2.0,4515
11.18980305427918,1,31.0,6485
11.189893969095086,6,3.0,5177
11.189985389475842,14,5.0,-1430
11.189985389475842,17,5.0,-1430
11.190308955930183,14,5.0,-1101
11.190576227916143,5,3.0,0
11.190657983855813,6,1.0,3029
11.191005340706724,1,1.0,6486
11.191053035502653,13,1.0,-1649
11.191385522016501,5,8.0,0
11.191462842357788,1,5.0,6487
11.191575734346408,7,3.0,4166
11.191836108458016,6,36.0,2397
11.192539301418282,13,1.0,-1553
11.192916884556139,8,5.0,5873
11.192978984118666,5,7.0,0
11.192994725123858,14,15.0,-2040
11.193156336807947,7,1.0,3424
11.19410002076526,8,1.0,4767
11.194167779227945,7,56.0,4646
11.194172858071763,5,3.0,0
11.194338460681312,7,5.0,5136
11.195176995381097,5,3.0,0
11.195366896975719,9,8.0,5344
11.195435248557574,5,5.0,0
11.195598292500264,6,5.0,3162
11.19586373942114,7,1.0,5088
11.196453528423259,5,3.0,0
11.196484574684453,1,4.0,6488
11.196530575932464,14,3.0,-2048
11.196575869125734,14,4.0,-1618
11.197023041123582,17,1.0,-984
11.197283923939445,13,2.0,-1066
11.1977380953697,14,5.0,-1504
11.19780675434296,6,50.0,6467
11.197823941925055,7,2.0,5368
11.19794568686226,7,13.0,2077
11.198224102442955,6,16.0,5548
11.198534412411485,6,5.0,4855
11.198730984343891,7,42.0,2623
11.199083727272557,1,2.0,6489
11.19911296198413,5,1.0,0
11.199146513370135,14,2.0,-1879
11.199408096285909,16,47.0,670
11.199531993381559,14,3.0,-1700
11.199779979955393,17,23.0,-1007
11.19987888113217,9,6.0,5500
11.200086338269749,14,4.0,-1672
11.200086338269749,17,4.0,-1672
11.200180425895992,1,6.0,6490
11.200978470651366,6,3.0,6300
11.201070762270362,13,1.0,-1792
11.201238334876942,13,1.0,-1525
11.201703852416557,1,4.0,6491
11.201711213089164,6,6.0,5748
11.201997537011355,1,3.0,6492
11.202285160164495,14,1.0,-1133
11.202285160164495,17,1.0,-1133
11.202305836592883,13,7.0,-1443
11.202305836592883,17,7.0,-1443
11.202334520321426,9,55.0,3050
11.202521039085065,5,6.0,0
11.202572617243407,9,3.0,5019
11.202698881174754,5,2.0,0
11.202802683465395,1,2.0,6493
11.203055731137509,1,5.0,6494
11.203086696887091,13,10.0,-1704
11.203338497766742,1,8.0,6495
11.204101133378249,13,1.0,-1573
11.204728453104668,13,2.0,-1677
11.204758537910795,7,16.0,5361
11.20475992001317,9,14.0,2070
11.204934651397704,13,2.0,-1146
11.204961156512116,14,4.0,-1804
11.2051159345686,6,6.0,6263
11.20532718437363,7,5.0,3418
11.20542773028245,7,3.0,5600
11.20553530475592,8,5.0,4039
11.206534396621544,7,1.0,4112
11.20701372341385,6,3.0,6104
11.207521035491734,1,1.0,6496
11.207627023502067,6,2.0,6331
11.208048846518498,14,7.0,-1908
11.20859730379064,1,3.0,6497
11.20861406738208,9,47.0,3433
11.20921273512291,14,24.0,-1560
11.209239456581221,14,2.0,-1837
11.209507785979882,6,4.0,6162
11.209548288110842,13,6.0,-1990
11.20978335174363,7,2.0,2634
11.20991333291948,6,6.0,6103
11.210147455100534,5,6.0,0
11.21084222129417,7,2.0,4895
11.21234004350925,1,3.0,6498
11.213213438972307,1,12.0,6499
11.213417865415353,2,3.0,6500
11.213505778862713,14,4.0,-1519
11.213674095192143,7,2.0,5872
11.213897881430428,1,2.0,6501
11.213994042301868,14,6.0,-1870
11.214004118103873,13,2.0,-1827
11.214004118103873,17,2.0,-1827
11.214461129275975,7,40.0,2304
11.214865282327331,13,1.0,-1839
11.215292705314873,13,19.0,-1936
11.215333108924806,6,1.0,6313
11.215914006762189,14,8.0,-1585
11.215914006762189,17,8.0,-1585
11.21619745825332,5,1.0,0
11.216333902116112,13,1.0,-1720
11.216333902116112,17,1.0,-1720
11.216421200110126,7,22.0,4542
11.216646014919629,1,8.0,6502
11.216666712717876,6,1.0,6215
11.216671425100262,7,2.0,4047
11.216804036648936,1,6.0,6503
11.217161478797692,13,6.0,-2075
11.21749576458564,5,57.0,0
11.217786183763758,17,2.0,-806
11.218054727138675,6,3.0,5897
11.218630484850838,13,7.0,-2017
11.2192590577519,8,3.0,5861
11.219291067202763,1,5.0,6504
11.219296805852368,14,4.0,-1425
11.219585323097862,14,3.0,-1502
11.219585323097862,17,3.0,-1502
11.219828935550664,5,1.0,0
11.220183061907983,6,3.0,4911
11.220277756827038,1,2.0,6505
11.220418116229187,13,2.0,-1806
11.220418116229187,17,2.0,-1806
11.220551309837958,6,3.0,6262
11.22076985298335,9,35.0,1336
11.22094580393158,7,9.0,5802
11.221012095473172,13,1.0,-1497
11.221083693993593,1,14.0,6506
11.221401804453215,13,2.0,-1864
11.221401804453215,17,2.0,-1864
11.221563862617701,7,2.0,3522
11.221631962483196,7,2.0,4419
11.221840667645692,6,2.0,4090
11.22186096662572,8,12.0,5939
11.221870745796895,7,1.0,4300
11.222252093267107,8,5.0,6144
11.222253795701697,7,4.0,2804
11.22235231706015,13,1.0,-1171
11.22235231706015,17,1.0,-1171
11.222554540640777,1,8.0,6507
11.222890858591036,6,4.0,5473
11.222947162761105,8,40.0,1957
11.22314093901341,7,5.0,5064
11.22314093901341,16,5.0,5064
11.223383257359949,13,1.0,-2007
11.223383257359949,17,1.0,-2007
11.223524617872894,6,6.0,3047
11.224856804016984,7,24.0,2773
11.224954057544409,8,1.0,3870
11.225800505604237,6,2.0,5959
11.226133299784475,7,24.0,3094
11.226658566854375,1,9.0,6508
11.227101959668987,5,3.0,0
11.227120764775522,8,5.0,5673
11.227165237001971,1,5.0,6509
11.227226375489236,14,25.0,-1193
11.227226375489236,17,25.0,-1193
11.227392722576734,7,5.0,4041
11.228133253752576,8,1.0,6406
11.228171162532815,6,2.0,6388
11.228329548003932,7,7.0,3963
11.228912147496896,7,3.0,3900
11.229203234619407,1,2.0,6510
11.229544041882493,1,10.0,6511
11.229689723139725,14,1.0,-1748
11.229703954917806,13,8.0,-1125
11.230261824188249,9,32.0,2546
11.230293845990666,7,1.0,2145
11.230444259360034,13,5.0,-1357
11.230657150189412,7,3.0,4879
11.231113090859541,1,6.0,6512
11.231182998186124,7,5.0,3490
11.231340982136595,13,3.0,-1339
11.231437095491929,1,6.0,6513
11.231558949607761,13,1.0,-1435
11.231652667178059,5,3.0,0
11.232109693508075,13,1.0,-1479
11.232115192018735,7,19.0,4674
11.233142663349275,5,2.0,0
11.233380223596672,7,3.0,4598
11.233452016198488,7,50.0,5403
11.233928745500542,13,15.0,-1819
11.233990121618938,5,1.0,0
11.234350777127702,7,1.0,5154
11.234643510276026,1,3.0,6514
11.23516338120323,13,2.0,-1786
11.235490609857333,6,4.0,4389
11.235624055376501,7,3.0,4708
11.235672891593474,7,11.0,4158
11.235782557642109,7,56.0,4641
11.236063559626272,6,1.0,6395
11.236133871442458,14,8.0,-1338
11.236181424533275,6,4.0,6295
11.23672668414675,7,9.0,4903
11.236948015357033,7,2.0,5252
11.236980399958425,6,3.0,6044
11.236986413647847,5,1.0,0
11.236990400326857,9,52.0,2266
11.236992811354254,13,2.0,-1286
11.237211354592974,8,14.0,4769
11.238007943279237,1,1.0,6515
11.238100309591319,7,19.0,4425
11.238404549553632,13,1.0,-1109
11.238663739790095,13,2.0,-1676
11.238797366796693,6,17.0,5306
11.238873593954347,9,4.0,3545
11.239071634339128,14,2.0,-1303
11.239071634339128,17,2.0,-1303
11.239130906720906,8,4.0,5382
11.239175971015207,6,1.0,4803
11.239209392662602,7,2.0,3795
11.239400984053589,5,9.0,0
11.239566030490625,6,6.0,6308
11.239611505497253,9,8.0,5258
11.240073783477108,13,8.0,-1273
11.240565751638472,1,3.0,6516
11.240595933191566,17,1.0,-921
11.240989367827748,13,2.0,-1546
11.240989367827748,17,2.0,-1546
11.241237410955256,13,10.0,-1280
11.24130992383898,5,5.0,0
11.24154484781147,5,10.0,0
11.241787985163821,6,23.0,4079
11.242346821889358,1,1.0,6517
11.242359467071086,6,2.0,6352
11.242386095409854,13,1.0,-1789
11.242476132034083,7,1.0,5693
11.242929780079747,1,2.0,6518
11.242958130604752,8,7.0,5523
11.243783260165186,9,40.0,1957
11.243970810230296,13,2.0,-2012
11.243970810230296,17,2.0,-2012
11.243993331622606,7,4.0,3025
11.244307516433716,14,2.0,-1528
11.244400712090846,5,1.0,0
11.244644645631082,6,31.0,6289
11.244717632255739,7,7.0,2413
11.24522423133791,9,1.0,3855
11.245427553641921,1,1.0,6519
11.245779385585365,1,2.0,6520
11.245837349517844,14,2.0,-1491
11.246305883562313,5,4.0,0
11.246420560678434,6,2.0,5781
11.246733525318813,7,1.0,4180
11.246740222831852,14,3.0,-1925
11.247650178707161,9,1.0,2892
11.24791096717151,9,1.0,3511
11.24841937086822,8,55.0,5996
11.248656925357707,14,3.0,-1231
11.248736221257733,7,8.0,2881
11.248878467233368,6,6.0,6271
11.249033020461518,6,1.0,6367
11.249133388197517,13,14.0,-1440
11.249452786265545,7,2.0,4623
11.250151116471791,14,8.0,-1567
11.250377766037564,14,11.0,-1625
11.250929211892275,5,2.0,0
11.25167695211093,13,3.0,-1417
11.252176018788937,9,16.0,3713
11.252613048664072,8,4.0,4894
11.25265067271821,1,2.0,6521
11.252717937184809,6,2.0,5970
11.252741500050027,14,21.0,-1260
11.252836159377349,7,2.0,5380
11.253023894599188,10,5.0,5982
11.253098159766461,7,5.0,5661
11.253823169580189,7,8.0,4812
11.254320554990834,13,6.0,-2010
11.254554240710997,13,1.0,-1752
11.254554240710997,17,1.0,-1752
11.255325658615117,6,6.0,5329
11.255512620240573,7,1.0,4143
11.2559061988918,7,1.0,3382
11.256488065957393,13,2.0,-1800
11.256488065957393,17,2.0,-1800
11.256520423596541,6,2.0,6408
11.25690941742263,1,5.0,6522
11.25733317738015,17,2.0,-840
11.257527377537192,1,7.0,6523
11.257918190416126,14,3.0,-1058
11.257918190416126,17,3.0,-1058
11.258193034743888,5,8.0,0
11.259623241102446,8,2.0,4864
11.259740518802754,7,24.0,5268
11.260051903003635,14,2.0,-1547
11.260058183470056,14,1.0,-1301
11.26033957902029,6,2.0,6392
11.26128967345105,13,2.0,-1073
11.26128967345105,17,2.0,-1073
11.262532446153486,7,2.0,4510
11.263154369201432,7,3.0,3860
11.263338037632774,1,1.0,6524
11.26376947926516,6,1.0,4275
11.264041822623252,13,1.0,-1437
11.264204061260092,6,2.0,5881
11.26447308788729,7,14.0,4327
11.26458847005353,13,1.0,-1463
11.26458847005353,17,1.0,-1463
11.264614174570706,6,5.0,5933
11.264847096278558,13,2.0,-1932
11.265397192894131,17,1.0,-983
11.26541681486843,6,6.0,5214
11.266170930120245,13,2.0,-2101
11.266443300124692,113,50.0,-1079
11.267306190654095,13,12.0,-1074
11.267508350125894,1,3.0,6525
11.267938198678582,7,3.0,5223
11.267965827461113,1,11.0,6526
11.268165289466696,6,2.0,5476
11.268292769317139,4,57.0,6527
11.26858187299238,7,6.0,3446
11.26877111992145,13,21.0,-1917
11.269131340990018,7,5.0,5010
11.269402108346195,5,2.0,0
11.269810408510502,6,5.0,4532
11.27019637817404,14,1.0,-1956
11.27019637817404,17,1.0,-1956
11.270347522083277,1,2.0,6528
11.270430497687823,8,15.0,4488
11.270712634893794,5,2.0,0
11.270983187943978,13,42.0,-1779
11.271158313885861,5,4.0,0
11.271387887077731,13,1.0,-1428
11.271711172193125,14,1.0,-1297
11.271711172193125,17,1.0,-1297
11.272659604741596,14,6.0,-2000
11.272791934565571,6,14.0,5960
11.273328211198772,13,3.0,-1265
11.273329661122027,5,4.0,0
11.273781947616303,6,1.0,4580
11.27400216455868,13,1.0,-1284
11.27400216455868,17,1.0,-1284
11.274111426981156,1,2.0,6529
11.27413634496241,13,24.0,-1078
11.274148962377364,7,26.0,3806
11.274244473624403,13,3.0,-1113
11.274244473624403,17,3.0,-1113
11.274527691873434,14,2.0,-1222
11.274558312808795,6,10.0,3708
11.275743783086796,8,7.0,3780
11.27576892212615,14,1.0,-1511
11.276318109923865,9,2.0,4207
11.276624150644766,1,3.0,6530
11.277412578570246,13,2.0,-2076
11.277824851894678,8,1.0,5593
11.278218339236371,7,1.0,5250
11.278400751161264,14,5.0,-1741
11.278400751161264,17,5.0,-1741
11.278723760995407,13,2.0,-1376
11.278772195361919,13,1.0,-1728
11.278892264326863,7,4.0,3992
11.279189667259168,9,10.0,2482
11.279933538855163,1,2.0,6531
11.280032229418822,7,23.0,2947
11.280113715580903,6,3.0,6275
11.280319032314772,9,6.0,2735
11.28041304456361,14,1.0,-1793
11.280440322029072,7,3.0,4073
11.280540129441647,7,3.0,5083
11.28083573361295,8,1.0,4409
11.281030842105013,7,59.0,2128
11.281281820925575,5,2.0,0
11.281968757319317,13,1.0,-1097
11.281986917737584,6,3.0,5455
11.282150217538057,6,30.0,5059
11.282191287702194,6,3.0,5597
11.282512881221239,14,5.0,-1383
11.282699593549209,6,3.0,5688
11.282849295334335,14,4.0,-1867
11.282849295334335,17,4.0,-1867
11.283318590078029,9,2.0,5514
11.283611553238375,7,52.0,2845
11.284136729810436,13,1.0,-1403
11.284764936287942,7,7.0,4219
11.284955953745923,7,53.0,1482
11.285589602418925,5,11.0,0
11.285613414667985,13,1.0,-1940
11.285778022379915,7,7.0,2030
11.286178182999588,13,10.0,-1433
11.286215571706991,5,8.0,0
11.286285591951906,1,1.0,6532
11.287033643640983,5,3.0,0
11.28742479263935,7,5.0,4443
11.2875505256402,5,1.0,0
11.287621830519857,6,18.0,3553
11.287780135166711,7,1.0,5977
11.287866441924333,13,1.0,-1207
11.28828607790492,6,3.0,6287
11.288371975031403,5,1.0,0
11.2883982940911,6,2.0,6203
11.2884739980997,5,7.0,0
11.289337197164487,14,4.0,-1944
11.289976595148582,6,2.0,6356
11.290160034912729,14,32.0,-2056
11.290226615791966,14,2.0,-1863
11.29039060686607,7,5.0,2255
11.290415792236296,9,5.0,4983
11.290494997575076,5,1.0,0
11.29059811485731,14,2.0,-1907
11.29059811485731,17,2.0,-1907
11.29237262926733,9,2.0,5480
11.292393773807364,6,12.0,6062
11.292483458832628,7,2.0,3709
11.292675099689475,6,1.0,5618
11.292748432703839,1,1.0,6533
11.292890561171632,6,5.0,6000
11.293323555159215,7,5.0,4912
11.293369385681457,7,9.0,6017
11.293842070672959,14,5.0,-2035
11.293884753444074,13,17.0,-1931
11.293884753444074,17,17.0,-1931
11.29391859578119,13,1.0,-1289
11.293978082732542,7,1.0,5547
11.294785289286343,6,1.0,6401
11.295180508793479,113,59.0,-1624
11.295232644478839,7,2.0,2935
11.295364654751857,13,2.0,-1172
11.295520941728252,6,1.0,6224
11.295875791089152,13,1.0,-1414
11.296053905879518,13,2.0,-1493
11.296053905879518,17,2.0,-1493
11.296635656452278,6,3.0,6278
11.297309347269938,9,49.0,3322
11.297689994720816,7,1.0,3087
11.298127692054408,17,3.0,-710
11.298684040163725,1,1.0,6534
11.29878300185095,6,1.0,6532
11.298975300195718,7,2.0,5207
11.29941973920603,9,2.0,4102
11.299494555118503,13,6.0,-1561
11.300800811486258,14,1.0,-2036
11.300800811486258,17,1.0,-2036
11.30092661457444,6,1.0,6316
11.301148996818817,6,9.0,4800
11.302245199567444,13,1.0,-1323
11.302245199567444,17,1.0,-1323
11.302689246569235,8,14.0,4185
11.302990136477,7,1.0,4114
11.303130976479773,6,2.0,5545
11.303656902547635,8,6.0,5329
11.305834342373249,1,3.0,6535
11.306998989943141,1,6.0,6536
11.307450563869619,13,3.0,-1366
11.30760866036029,8,2.0,5649
11.308232765953543,13,7.0,-1607
11.308238651614246,14,11.0,-1861
11.308262285432885,13,3.0,-1639
11.308724876007185,1,24.0,6537
11.308736662670789,6,1.0,6533
11.308918448877046,1,2.0,6538
11.309243680863151,13,1.0,-1130
11.30951569462987,1,4.0,6539
11.309847370602421,6,14.0,4415
11.309865807161923,13,3.0,-1678
11.30989915473543,7,14.0,4608
11.309907471371789,13,1.0,-1377
11.310026875082153,14,6.0,-1274
11.31003773540095,6,1.0,1254
11.310314356742005,13,7.0,-2008
11.310783023286586,6,2.0,5323
11.31101809064129,14,2.0,-1968
11.311160330692552,5,3.0,0
11.311442239629757,14,12.0,-1967
11.311488994749928,13,2.0,-1405
11.311529236008585,8,4.0,4231
11.31216592995733,13,2.0,-1565
11.312300599977359,13,1.0,-1086
11.312300599977359,17,1.0,-1086
11.312463077085923,13,2.0,-1132
11.312530772151021,6,6.0,6254
11.312682013943853,7,6.0,4837
11.31268686302927,8,2.0,3255
11.313029649037142,7,2.0,5245
11.313416543055546,7,7.0,1288
11.313514957190582,1,6.0,6540
11.315187942576362,7,4.0,4335
11.315187942576362,16,4.0,4335
11.315199987121357,8,45.0,3090
11.316077175995458,6,10.0,6353
11.316210833121406,1,8.0,6541
11.316613198392252,6,6.0,3830
11.316827630126346,6,1.0,6400
11.316995199063786,6,3.0,5327
11.31733870596266,5,8.0,0
11.317617647616455,1,2.0,6542
11.317631088262045,9,4.0,4461
11.31771474160712,113,32.0,-1856
11.318188659332165,7,2.0,4365
11.318246458670728,13,6.0,-1550
11.318246458670728,17,6.0,-1550
11.318627898068208,9,3.0,4403
11.318996682476524,6,4.0,2383
11.319108311167614,7,4.0,3221
11.31942682094966,7,14.0,1758
11.31943874939476,14,3.0,-1691
11.319536858513114,14,1.0,-1586
11.320712644282258,9,6.0,4367
11.320851188561134,14,3.0,-1335
11.321656343348142,6,3.0,6172
11.32169689640108,6,1.0,5725
11.321715155385627,8,12.0,4952
11.322152897117153,1,4.0,6543
11.322201097504564,7,14.0,4629
11.322852260158012,8,1.0,6398
11.323459897335503,7,3.0,3695
11.323612990567282,13,3.0,-1976
11.323798289921008,6,1.0,6365
11.324215522693438,14,8.0,-1730
11.32445012105482,14,1.0,-1401
11.324472959858909,13,1.0,-2041
11.324749012759947,7,1.0,6007
11.324849220068137,14,8.0,-1108
11.324849220068137,17,8.0,-1108
11.324972810638547,7,7.0,3149
11.325052214400014,8,1.0,5759
11.325444175321243,5,7.0,0
11.325842789440873,8,1.0,5195
11.325896324352364,14,3.0,-1975
11.326018985967647,7,5.0,4049
11.326042997206631,3,59.0,6544
11.326508513780933,6,19.0,6118
11.326983661721094,14,2.0,-1589
11.327336971479893,8,2.0,6331
11.327495829406589,7,2.0,4105
11.327600168682713,7,24.0,4691
11.327807255512354,7,14.0,5984
11.327944550506029,7,1.0,4620
11.327949063285724,13,1.0,-2028
11.328121993154392,13,11.0,-1914
11.328229500404001,13,3.0,-1802
11.328723570032174,9,38.0,3738
11.329473503690538,5,3.0,0
11.329875550653274,8,17.0,5374
11.330022405448105,7,4.0,5340
11.330149925871465,6,31.0,6485
11.330522764833258,13,2.0,-1352
11.330522764833258,17,2.0,-1352
11.330592008762292,7,10.0,5125
11.330607468253065,5,2.0,0
11.330721471288511,14,1.0,-1432
11.330721471288511,17,1.0,-1432
11.330925920508529,6,1.0,6517
11.331200187143203,13,2.0,-1254
11.331324766956905,6,5.0,3400
11.331653093683954,7,4.0,3970
11.332203105009619,6,18.0,6325
11.332330051334308,8,1.0,4995
11.332800556507825,7,8.0,3527
11.332992156917816,2,6.0,6545
11.333268206639183,5,4.0,0
11.333646936698964,5,22.0,0
11.333878093882207,8,1.0,5102
11.333928929528366,5,3.0,0
11.33405714702687,9,2.0,5768
11.334148883189492,13,2.0,-1486
11.334463496563117,8,8.0,5706
11.334941839298999,7,6.0,5091
11.336016940709367,7,25.0,4978
11.336524570482512,5,7.0,0
11.336635869409513,14,5.0,-1750
11.336852940439163,6,4.0,5866
11.337424558926996,9,3.0,4549
11.33767482480542,6,2.0,6518
11.338195051917078,6,3.0,6389
11.338307946023242,7,2.0,4504
11.338309183718332,14,3.0,-1597
11.33847008756116,13,1.0,-1386
11.33847008756116,17,1.0,-1386
11.338813419991501,6,4.0,5628
11.33897699252158,5,4.0,0
11.339601346430781,6,3.0,5497
11.340276848351472,1,2.0,6546
11.340352075404299,13,1.0,-1757
11.340384901984937,7,6.0,5535
11.340504110024883,13,1.0,-1999
11.34060488933387,8,14.0,4999
11.34090353732548,8,46.0,4339
11.341096705924562,13,1.0,-1088
11.341318974360483,6,35.0,4111
11.341364459507714,1,7.0,6547
11.341631566767388,5,3.0,0
11.342243393321908,1,5.0,6548
11.342715573442758,7,1.0,2380
11.342853262894973,7,6.0,5173
11.343062870858612,13,1.0,-1782
11.343104958500362,6,26.0,5916
11.34338213840287,6,5.0,6097
11.343523985653283,6,1.0,5408
11.34400780553754,1,8.0,6549
11.344121229473668,7,2.0,3680
11.34423794809548,6,5.0,5277
11.344403391605331,6,10.0,5576
11.344577409332803,8,1.0,6261
11.344759779274023,7,2.0,4534
11.345019702843091,1,11.0,6550
11.345082531995015,6,3.0,6516
11.345694226559223,6,11.0,6470
11.345744472351445,1,4.0,6551
11.345985747908712,13,1.0,-2091
11.346103988058186,6,8.0,5750
11.346191959424132,7,3.0,4989
11.346305113277758,9,27.0,3287
11.346798711515055,1,3.0,6552
11.34699991495117,13,1.0,-1702
11.347184588682532,13,1.0,-1923
11.347230201559782,13,1.0,-1055
11.3479616836606,6,1.0,6534
11.347962744639734,8,2.0,2347
11.348286133088523,14,11.0,-1631
11.34937981193814,13,4.0,-1977
11.34971898219689,5,1.0,0
11.350020567097921,6,1.0,4369
11.350219238134034,13,1.0,-1075
11.350219238134034,17,1.0,-1075
11.350484156591445,9,15.0,4488
11.351624135772365,1,6.0,6553
11.352344762083913,6,2.0,6542
11.352400409959218,13,2.0,-1753
11.352418269667442,7,5.0,2356
11.352514406563092,7,2.0,3288
11.352530487371965,14,1.0,-1739
11.35282473670173,7,6.0,2245
11.352871951783172,9,4.0,2170
11.35293658152745,5,4.0,0
11.35299030641632,7,2.0,6277
11.352997174608427,7,1.0,2891
11.353477886477458,9,20.0,5285
11.35381226338283,5,1.0,0
11.353818869182497,7,1.0,5191
11.353818869182497,16,1.0,5191
11.353822334339325,6,38.0,4117
11.35461848092228,14,3.0,-1503
11.35461848092228,17,3.0,-1503
11.355136521158473,7,5.0,4469
11.355993726795576,6,7.0,5555
11.356167182165425,7,6.0,3447
11.356278232704721,13,1.0,-1939
11.356645290447382,13,2.0,-2027
11.356854786507968,7,5.0,4334
11.357035939625245,1,18.0,6554
11.35707666980983,14,2.0,-1056
11.35719244824974,6,6.0,3421
11.357855827536374,13,1.0,-1588
11.358096034200683,6,2.0,5728
11.359339621842015,7,22.0,5108
11.359449615875159,7,3.0,5752
11.359980832687775,13,4.0,-1660
11.360074868345956,13,21.0,-1803
11.360296502487152,7,2.0,371
11.360421811456717,13,2.0,-2044
11.360421811456717,17,2.0,-2044
11.360506454364636,13,4.0,-1490
11.360667609593152,8,4.0,5436
11.361106447575535,5,2.0,0
11.361408708148904,9,1.0,4146
11.361830156269543,7,5.0,5439
11.361912892465739,9,5.0,3211
11.362093203152076,5,15.0,0
11.362195377956544,5,3.0,0
11.362887061436307,6,3.0,5257
11.362985432077142,7,56.0,1280
11.36319342304308,6,24.0,6537
11.363407939321963,8,5.0,1509
11.363430757103632,7,1.0,5205
11.363763263572988,1,2.0,6555
11.363950485603883,6,2.0,6410
11.364080612527665,13,5.0,-1506
11.364812991267963,7,2.0,6149
11.365566895184156,5,1.0,0
11.365784419815505,7,7.0,4965
11.365965414030027,6,1.0,6496
11.366060158025121,7,5.0,3138
11.366210051786211,1,1.0,6556
11.366485860908451,13,2.0,-2089
11.366485860908451,17,2.0,-2089
11.366594246707413,8,12.0,5937
11.36666623425739,7,3.0,4944
11.366827595462446,13,2.0,-1368
11.367313047607038,14,3.0,-1201
11.367313047607038,17,3.0,-1201
11.36787389230658,16,3.0,228
11.368475159522646,9,1.0,425
11.368507248532419,9,5.0,3728
11.368787531896983,14,3.0,-1576
11.368879570836361,7,1.0,4892
11.369795202315018,1,1.0,6557
11.370042202368138,14,1.0,-1947
11.370090758759622,14,2.0,-1500
11.370090758759622,17,2.0,-1500
11.370443876717173,1,1.0,6558
11.370567028345524,5,1.0,0
11.370919643903372,1,5.0,6559
11.370926970455598,14,12.0,-1774
11.370943281479645,1,2.0,6560
11.370966450315786,7,3.0,4351
11.37148962600993,7,1.0,5335
11.371888097237997,13,1.0,-1866
11.372363450168827,6,1.0,6214
11.373804215973276,14,10.0,-1263
11.373870250618292,7,1.0,5421
11.37425095306178,9,2.0,3865
11.374420952705107,7,2.0,5989
11.374528842603727,7,9.0,5731
11.374774656176577,13,1.0,-1312
11.374775963247963,9,7.0,5131
11.375180258955076,7,4.0,3074
11.37556300858875,7,10.0,3154
11.375592205214343,1,2.0,6561
11.375834573035133,14,8.0,-1069
11.375834573035133,17,8.0,-1069
11.37591198497362,6,5.0,6361
11.376213327437002,1,5.0,6562
11.376709967368978,9,1.0,2435
11.377253964537035,6,1.0,6046
11.377542484990528,1,7.0,6563
11.377649238706008,1,4.0,6564
11.3779121930183,7,8.0,4272
11.378054487760998,10,22.0,6281
11.37808314942672,17,1.0,-410
11.378439068693742,6,5.0,5249
11.3785794207058,5,2.0,0
11.378594441309827,1,1.0,6565
11.378615310850817,9,4.0,4811
11.378818649355969,13,7.0,-1898
11.378818649355969,17,7.0,-1898
11.379194290913398,13,1.0,-1965
11.379510912335526,6,2.0,6446
11.379695686504911,5,2.0,0
11.379711332734441,13,1.0,-1849
11.379889074085474,14,2.0,-1243
11.379915333020774,13,4.0,-1145
11.380006169052216,6,60.0,6482
11.380415977158442,1,6.0,6566
11.380461429627186,6,44.0,2877
11.380695066831246,7,3.0,6064
11.380761088829763,7,1.0,5458
11.381148893270225,7,6.0,3638
11.381572996250409,14,1.0,-1210
11.38222370222562,5,49.0,0
11.382952775190267,7,20.0,1330
11.383097732299747,8,1.0,5360
11.383187495767286,1,3.0,6567
11.383261159203744,8,1.0,4804
11.384186219669903,1,2.0,6568
11.38515696634651,14,5.0,-1509
11.385521703549804,5,1.0,0
11.385622701646753,13,3.0,-1900
11.385742550882464,13,3.0,-1364
11.38580959113161,5,4.0,0
11.385882071436255,8,5.0,6433
11.387659436989834,6,3.0,4871
11.387669875760666,17,1.0,-56
11.38779017139583,7,7.0,5456
11.38863311474222,1,8.0,6569
11.389206228958956,14,4.0,-1884
11.38935647824292,13,7.0,-1858
11.39014283937221,13,2.0,-1350
11.39014283937221,17,2.0,-1350
11.390680906501945,9,7.0,4901
11.391197578395513,7,4.0,5385
11.39148952178138,14,2.0,-1919
11.391619429847431,13,2.0,-1203
11.391619429847431,17,2.0,-1203
11.392033514904893,5,4.0,0
11.392220035327751,7,41.0,2874
11.392283984076409,13,12.0,-1459
11.392283984076409,17,12.0,-1459
11.392299567120043,5,1.0,0
11.392499267786006,14,1.0,-1742
11.39281872661955,1,14.0,6570
11.392897287777723,5,7.0,0
11.393441580035049,7,1.0,2990
11.393493152133118,7,3.0,4037
11.393817949767005,7,35.0,4103
11.39386094411901,7,22.0,2410
11.393905538441537,6,3.0,6552
11.394276840295408,9,5.0,3167
11.394509159710928,14,7.0,-1510
11.394580438363446,1,2.0,6571
11.3947123763657,13,1.0,-1758
11.39477004689678,11,38.0,5109
11.394897121933376,4,1.0,6572
11.395017783217988,13,1.0,-1652
11.39505718801955,5,3.0,0
11.395067132214773,14,1.0,-1188
11.39551276783024,14,10.0,-1095
11.395626019120543,13,1.0,-1972
11.395708351815443,14,4.0,-1068
11.395708351815443,17,4.0,-1068
11.395792607700855,1,3.0,6573
11.395813362910811,9,2.0,4772
11.395818278144503,5,4.0,0
11.39613872318965,6,4.0,6539
11.396487862265339,1,9.0,6574
11.396662121243738,10,57.0,6527
11.396666850883236,9,36.0,3399
11.39670240861601,5,2.0,0
11.39680397902271,7,3.0,4173
11.397109052580296,13,4.0,-2059
11.397206536446868,13,1.0,-1298
11.397840208158971,13,4.0,-1476
11.39795470411579,1,5.0,6575
11.398021689936895,6,4.0,6464
11.398995458327224,8,8.0,5883
11.399076866414577,6,12.0,6499
11.399416006164731,14,2.0,-1512
11.399677702960414,14,4.0,-1634
11.399677702960414,17,4.0,-1634
11.399704418852563,6,1.0,6556
11.399705485041508,7,6.0,6222
11.400252140875375,13,1.0,-2030
11.400252140875375,17,1.0,-2030
11.400831960240694,9,4.0,4528
11.401060162967392,1,7.0,6576
11.401330608698439,14,3.0,-1514
11.401477975931341,7,2.0,5969
11.40165757570985,7,10.0,4518
11.402205438971162,5,1.0,0
11.40244019316194,14,5.0,-1724
11.40266054495912,8,6.0,2474
11.402823793592997,7,2.0,5302
11.402823793592997,16,2.0,5302
11.402939885579228,5,3.0,0
11.402943010508238,7,6.0,4503
11.403006441990744,6,5.0,6158
11.40322424323919,6,3.0,5828
11.403496116597868,14,2.0,-1723
11.403561716971378,8,60.0,4027
11.403618634838008,13,5.0,-1983
11.403783574574689,9,2.0,2347
11.404023564524227,13,12.0,-1933
11.404149665544963,9,10.0,4777
11.404491307712854,6,2.0,6560
11.4046374640774,9,2.0,2420
11.404714556681983,16,3.0,2466
11.405364265613848,7,1.0,4453
11.405903669262457,6,2.0,5238
11.405942981717912,1,3.0,6577
11.40600468831001,6,2.0,5904
11.406288127064766,7,5.0,5587
11.40654192354301,6,8.0,6502
11.407238614212913,9,8.0,3997
11.408132103746432,2,6.0,6578
11.408401780310925,14,1.0,-1271
11.408433058313065,7,6.0,5231
11.409010239493442,13,1.0,-1319
11.409240593292086,5,2.0,0
11.410020855039992,13,5.0,-1229
11.410020855039992,17,5.0,-1229
11.41016106988466,13,1.0,-1765
11.410360504596962,5,2.0,0
11.410537724097836,7,2.0,4656
11.410710006964772,7,56.0,2326
11.411602845383227,6,1.0,4918
11.411762303871765,7,7.0,1827
11.412322775532612,6,6.0,6553
11.412443019028048,5,2.0,0
11.412479845392538,13,1.0,-1912
11.412479845392538,17,1.0,-1912
11.41271808026508,7,2.0,5499
11.4132945340978,14,2.0,-1159
11.413606396475323,13,1.0,-1569
11.414603434966246,9,19.0,5782
11.41464054117086,13,3.0,-1606
11.41464054117086,17,3.0,-1606
11.414878552266629,14,1.0,-2067
11.414878552266629,17,1.0,-2067
11.41492441203961,5,3.0,0
11.41560968986768,1,13.0,6579
11.41636808028861,6,14.0,6460
11.417882607198514,13,1.0,-1760
11.417882607198514,17,1.0,-1760
11.418020723173367,6,2.0,5932
11.418196709352149,7,2.0,1760
11.418219786779344,9,7.0,2469
11.418588030638006,6,3.0,6122
11.41868737782104,6,1.0,4007
11.418879137084197,7,1.0,5562
11.419090699630168,14,7.0,-1996
11.419578601542906,13,8.0,-1875
11.420035481440857,7,5.0,4741
11.420047100042416,9,5.0,3307
11.420807794248443,10,1.0,6572
11.420881368238392,5,1.0,0
11.421557079109203,7,12.0,5867
11.42171567281647,1,2.0,6580
11.42198301692048,7,20.0,4196
11.42245244715323,17,1.0,-528
11.42294997873508,5,6.0,0
11.423087036837414,14,6.0,-1943
11.423087036837414,17,6.0,-1943
11.423273706505226,8,2.0,5807
11.423445648556893,5,37.0,0
11.423449886226004,13,5.0,-1916
11.423449886226004,17,5.0,-1916
11.42352396981202,6,3.0,6018
11.42384661280702,13,2.0,-1854
11.42405558849898,9,9.0,3030
11.424057217744226,13,7.0,-2079
11.424169112828846,14,2.0,-1406
11.42440329738781,7,1.0,5396
11.424501307607052,8,1.0,4715
11.424597398718992,13,16.0,-1671
11.424624499940375,6,2.0,5217
11.425002409608437,8,5.0,5003
11.425056025968654,6,9.0,6335
11.426061474657,14,2.0,-1653
11.426295937996596,13,1.0,-1489
11.426528042160351,5,4.0,0
11.426544318914633,5,3.0,0
11.426773508603677,13,1.0,-1541
11.426975391900731,7,45.0,1625
11.427277651074888,14,3.0,-1111
11.427277651074888,17,3.0,-1111
11.427376714290544,1,9.0,6581
11.427692520332554,7,3.0,4597
11.427707187615006,7,4.0,4727
11.427729123014137,5,1.0,0
11.428916397811653,13,5.0,-1628
11.428918781525137,1,10.0,6582
11.428949428007385,13,1.0,-1183
11.429112082892518,1,2.0,6583
11.429136994494172,8,15.0,2193
11.429204750813529,14,2.0,-1112
11.429261998754685,9,28.0,1999
11.42960217852706,13,4.0,-1179
11.42971013027128,17,1.0,-504
11.42982747572397,14,5.0,-1378
11.430239061603926,6,2.0,6427
11.430542985958727,14,8.0,-1665
11.430649947582035,1,5.0,6584
11.430664201974434,1,3.0,6585
11.430711626473261,14,1.0,-1655
11.430801091178871,6,33.0,5913
11.43101754535387,14,4.0,-1545
11.431042075294126,7,10.0,5860
11.431295199856237,13,1.0,-1845
11.431313647465172,13,1.0,-2016
11.431313647465172,17,1.0,-2016
11.431445662288242,6,5.0,6065
11.431834878261384,1,3.0,6586
11.432079280733406,13,3.0,-1230
11.432168685306886,7,4.0,3721
11.432443106109528,14,2.0,-1379
11.432443106109528,17,2.0,-1379
11.432804887752393,7,2.0,2685
11.43291268794063,14,2.0,-1743
11.43303371341729,9,7.0,2133
11.43382479948421,1,1.0,6587
11.433922826740966,6,3.0,6444
11.43403068547921,14,35.0,-1053
11.43403068547921,17,35.0,-1053
11.434204053951103,8,8.0,6309
11.43450093516179,7,2.0,4967
11.434573892814166,7,2.0,1265
11.434967529893143,6,2.0,5840
11.43497499337014,14,1.0,-1106
11.435292989982662,13,1.0,-1466
11.435292989982662,17,1.0,-1466
11.43576661110354,1,1.0,6588
11.435851139042134,7,4.0,4994
11.43718906864351,1,9.0,6589
11.437197964770593,7,7.0,5284
11.437266104213737,7,6.0,4406
11.437302359273444,13,1.0,-1200
11.437679247962583,1,1.0,6590
11.4381677983654,14,2.0,-1526
11.4381677983654,17,2.0,-1526
11.438539667698262,6,1.0,6474
11.438759147127264,1,2.0,6591
11.438926635311594,6,5.0,3627
11.439099344085998,4,12.0,6592
11.439163951061149,6,4.0,6404
11.43916721405109,13,2.0,-1542
11.439402931764661,7,57.0,2126
11.439440940078091,1,3.0,6593
11.440093531278878,13,3.0,-1834
11.440180193259183,4,25.0,6594
11.44084668836453,13,1.0,-2020
11.44114661594889,7,11.0,5631
11.441481135056815,7,17.0,4020
11.44163745017919,14,1.0,-2081
11.441647727505575,1,3.0,6595
11.441732730557508,8,3.0,2940
11.441832702180099,7,4.0,3187
11.44185912205536,7,3.0,6283
11.442222970451093,6,3.0,5428
11.44254678303506,6,6.0,4987
11.44300850870585,7,4.0,5070
11.443048423276364,6,2.0,6568
11.44312220494628,6,2.0,5702
11.443231044977162,1,3.0,6596
11.443263175237462,14,5.0,-1099
11.443870929561438,7,1.0,3466
11.444204074845889,5,3.0,0
11.444262817082253,9,60.0,5009
11.444402543938633,6,7.0,5489
11.444493052126276,7,3.0,5222
11.444860807851077,7,10.0,3213
11.445370010854655,7,1.0,6177
11.44546459160484,7,48.0,3308
11.445474302330432,7,6.0,2930
11.445491802526101,7,3.0,2604
11.445638903879653,7,2.0,2330
11.445892089266692,14,2.0,-2043
11.445892089266692,17,2.0,-2043
11.44591657594628,7,1.0,5993
11.446139647895121,7,9.0,1323
11.446588172323075,13,9.0,-1633
11.446818426661954,5,4.0,0
11.447231111519008,13,2.0,-1173
11.447231111519008,17,2.0,-1173
11.447578984880103,5,5.0,0
11.447906162975173,13,3.0,-2072
11.448208152454617,14,4.0,-1246
11.448302385272761,7,12.0,5792
11.44880267581575,4,10.0,6597
11.449194810545897,1,5.0,6598
11.449260775499415,7,2.0,2300
11.449504349466157,13,13.0,-1208
11.449504349466157,17,13.0,-1208
11.449603185083483,13,1.0,-1756
11.449603185083483,17,1.0,-1756
11.449706575434615,7,6.0,2679
11.449713100009927,7,7.0,4168
11.449969918046783,7,1.0,4900
11.450708200957573,6,9.0,5890
11.451090369042442,6,7.0,6319
11.451262151601423,1,2.0,6599
11.45144915681691,5,4.0,0
11.452039647440712,14,3.0,-1371
11.452039647440712,17,3.0,-1371
11.452129983909362,7,4.0,3512
11.452469934703005,1,4.0,6600
11.452657264817558,13,1.0,-1935
11.452905038955107,7,3.0,4429
11.452977041239528,10,59.0,6544
11.453609721691395,1,4.0,6601
11.453826247561016,1,4.0,6602
11.454091491646379,6,1.0,6328
11.454450008990671,6,1.0,6002
11.454571816979128,14,2.0,-1484
11.455277788030223,14,2.0,-1855
11.455432014972452,13,1.0,-1696
11.455509879720058,14,1.0,-1160
11.455551096639562,6,2.0,6599
11.45624230794531,7,1.0,3441
11.456741324992588,13,4.0,-1527
11.456764876969011,7,3.0,4395
11.456804733936256,14,2.0,-1835
11.45685648027644,7,20.0,4896
11.457247379492493,7,2.0,4375
11.457259935446256,5,2.0,0
11.457467718820475,7,45.0,2034
11.457480412532451,13,3.0,-1071
11.457661663955824,5,4.0,0
11.457741981643105,7,1.0,5956
11.458231605937582,5,3.0,0
11.458254782901792,13,2.0,-1666
11.458254782901792,17,2.0,-1666
11.458285412581647,5,4.0,0
11.45851411054549,1,3.0,6603
11.458568953478586,7,4.0,5115
11.458629434891078,13,1.0,-1474
11.458782824860602,6,7.0,5610
11.458814316202808,5,14.0,0
11.458892876469353,13,4.0,-1645
11.459152398025637,13,2.0,-1643
11.459399830843696,14,10.0,-1196
11.459750533242605,1,3.0,6604
11.460967615466124,7,8.0,5414
11.4615034703137,1,5.0,6605
11.462140394481036,7,38.0,4008
11.46229069052913,7,1.0,4615
11.462669377005135,2,4.0,6606
11.463023192966013,13,4.0,-1621
11.463265267036501,7,36.0,4659
11.464116892376026,6,10.0,6022
11.464538245183052,14,2.0,-1294
11.464839419594922,5,2.0,0
11.465517209520721,6,12.0,2497
11.465622386582671,14,1.0,-1249
11.465978155696794,5,1.0,0
11.466020688236142,7,2.0,4872
11.466276638748052,7,11.0,4273
11.46716051221493,5,4.0,0
11.467266008004376,7,47.0,2065
11.467498078359728,8,18.0,5809
11.468742393980781,9,14.0,4185
11.469050128162023,13,2.0,-2066
11.469102247526006,7,3.0,4831
11.469489004605979,9,5.0,5537
11.46954325366143,1,1.0,6607
11.469907872595243,13,4.0,-1259
11.469907872595243,17,4.0,-1259
11.470008924788068,9,40.0,4502
11.470020536585192,7,2.0,5031
11.470057666527579,1,14.0,6608
11.470486862208926,6,1.0,6390
11.470565982650285,5,7.0,0
11.470694150059154,1,9.0,6609
11.471009685141384,7,2.0,3672
11.47110511756674,1,6.0,6610
11.471573672412978,9,1.0,4839
11.471726790833907,8,5.0,6396
11.471919565405344,6,26.0,5484
11.47207947543407,9,2.0,3255
11.472334614717244,17,2.0,-804
11.472364720766146,5,6.0,0
11.472698675376668,13,1.0,-1290
11.472898004346966,9,1.0,4673
11.472949423123454,13,1.0,-1708
11.473372559330373,13,3.0,-1675
11.473372559330373,17,3.0,-1675
11.473627354454102,7,2.0,5903
11.473710321877103,14,1.0,-1587
11.473781144704619,113,50.0,-1572
11.474108196418445,14,2.0,-1416
11.474289067275715,7,13.0,4943
11.47454885936572,14,4.0,-1418
11.47454885936572,17,4.0,-1418
11.474612883484863,6,2.0,6020
11.474807950440885,7,2.0,6318
11.47484318435703,14,2.0,-1257
11.475225459500157,14,10.0,-1374
11.475319607418006,5,2.0,0
11.476735430757417,1,1.0,6611
11.477181103381133,14,4.0,-1985
11.477300901146553,13,4.0,-1988
11.477300901146553,17,4.0,-1988
11.477545397009122,1,3.0,6612
11.477812710086804,1,5.0,6613
11.478091305802668,7,1.0,4743
11.478248584697653,9,4.0,5382
11.478299894175569,13,2.0,-1268
11.478350176283406,13,1.0,-2021
11.478427640119314,7,29.0,5016
11.478566716397086,7,3.0,4379
11.479047501994655,11,7.0,6146
11.479075688467473,13,4.0,-1749
11.479144771027768,6,1.0,5784
11.479262506887107,14,8.0,-1954
11.479262506887107,17,8.0,-1954
11.479555649186267,13,3.0,-1488
11.479555649186267,17,3.0,-1488
11.479963644361929,13,1.0,-1513
11.480661641269778,13,1.0,-1275
11.48071700955365,9,37.0,3199
11.481073282906205,6,1.0,6477
11.481183385334017,7,7.0,3454
11.48226223400501,8,3.0,4665
11.482315052351968,9,1.0,4988
11.482583771447862,6,4.0,5931
11.483364975220077,7,4.0,6076
11.484026731967413,13,2.0,-1202
11.484026731967413,17,2.0,-1202
11.48437682078673,6,24.0,6016
11.485212296107296,5,2.0,0
11.485444835593716,13,2.0,-1654
11.48549904708016,7,6.0,5721
11.485606708185843,6,4.0,5955
11.485695911321118,1,3.0,6614
11.48657299329012,6,1.0,5652
11.487607377383068,7,7.0,3016
11.487640149638667,7,2.0,5406
11.488434151798707,7,17.0,3678
11.488703436447189,13,2.0,-1063
11.488949864172534,5,2.0,0
11.489406555741152,14,4.0,-1214
11.489767383490854,13,1.0,-1581
11.489861077521613,1,5.0,6615
11.489920440426959,1,7.0,6616
11.490328447430505,7,45.0,4417
11.49057875455094,13,1.0,-1190
11.49057875455094,17,1.0,-1190
11.490978603213819,13,3.0,-1995
11.490978603213819,17,3.0,-1995
11.491216970595408,2,6.0,6617
11.491748980979235,7,4.0,5586
11.492022847140252,6,8.0,6495
11.49206153731454,14,6.0,-1795
11.49259382336681,13,2.0,-1077
11.492850110560786,1,1.0,6618
11.492990096291916,7,48.0,3039
11.49302674006776,14,5.0,-1891
11.493177161277229,5,1.0,0
11.493191872257439,14,4.0,-1211
11.493191872257439,17,4.0,-1211
11.493287233912094,6,3.0,5791
11.493305837634747,6,1.0,6307
11.494531742034972,9,1.0,4531
11.494998484074705,6,5.0,6213
11.495190190349543,9,3.0,5103
11.495388792730497,5,1.0,0
11.49543014374577,5,1.0,0
11.495923026059945,14,5.0,-1773
11.495923026059945,17,5.0,-1773
11.496073770932489,6,5.0,6559
11.496274841911664,5,1.0,0
11.496314760249716,9,4.0,1532
11.49641800462972,13,2.0,-1220
11.496493673939506,7,2.0,4251
11.496529477950654,6,1.0,6116
11.496737855896122,5,1.0,0
11.497050631270605,13,2.0,-2061
11.497847141199058,1,2.0,6619
11.498740598250638,13,9.0,-1830
11.498740598250638,17,9.0,-1830
11.498855668494064,5,3.0,0
11.49935409695028,7,1.0,4000
11.499420247135657,13,3.0,-1877
11.499420247135657,17,3.0,-1877
11.499423819518585,13,3.0,-1797
11.49951525127244,6,5.0,6548
11.499615108709106,6,2.0,5978
11.499657761712378,6,3.0,4313
11.49993474464313,5,1.0,0
11.500027821925915,7,4.0,4455
11.500302152691027,13,3.0,-2050
11.500406772313289,14,1.0,-1966
11.500444303167711,13,3.0,-1317
11.500510819963099,7,2.0,5667
11.500524028141438,13,2.0,-1477
11.500548833823391,5,12.0,0
11.500893931349557,1,3.0,6620
11.50092661158804,6,2.0,4959
11.501076199099966,7,2.0,5746
11.501195914871678,8,1.0,4648
11.501310335970881,8,1.0,6313
11.501600340719992,14,2.0,-1616
11.501773931523921,1,2.0,6621
11.501988322587433,13,1.0,-1962
11.502649934371863,7,10.0,3313
11.502892337368635,8,19.0,3776
11.50334970330051,13,6.0,-1310
11.50334970330051,17,6.0,-1310
11.503607313417131,8,26.0,2725
11.504159019570972,13,2.0,-1556
11.50489113301495,9,2.0,3332
11.505470268047892,6,1.0,6486
11.505933129769746,17,5.0,-353
11.506033883871218,7,3.0,1634
11.506514083087556,13,1.0,-1065
11.506581205831495,5,17.0,0
11.506697042058262,1,14.0,6622
11.50684647875603,2,5.0,6623
11.50707070966092,9,7.0,3909
11.507296601136504,5,4.0,0
11.50754547649194,13,1.0,-1600
11.507594932718014,13,2.0,-1340
11.508762073855303,5,1.0,0
11.509251842202536,13,1.0,-1341
11.50937330550069,8,4.0,5940
11.509516802481057,6,3.0,6577
11.509883886431671,6,26.0,3606
11.510153947446925,1,3.0,6624
11.510232208385366,7,2.0,3734
11.510350249297362,8,7.0,3741
11.511665834119706,4,51.0,6625
11.512077780286203,8,3.0,3166
11.512286147468668,13,4.0,-1153
11.512826891808407,7,38.0,4026
11.513359015767787,7,3.0,5331
11.51419326918921,5,4.0,0
11.514353874639713,14,1.0,-1844
11.515023094143691,1,14.0,6626
11.515445497186576,7,38.0,3396
11.515634290457191,1,2.0,6627
11.515738963557226,7,11.0,4172
11.515852730940452,14,2.0,-1221
11.516586824404941,14,6.0,-1544
11.516586824404941,17,6.0,-1544
11.516593109757505,8,6.0,3119
11.517361784943992,6,2.0,5550
11.51784406846157,13,2.0,-1731
11.518534242848883,7,9.0,2876
11.518825990648063,6,7.0,6145
11.519506915179093,6,3.0,6525
11.519515314961344,8,6.0,2341
11.519602317447893,4,8.0,6628
11.519781327448499,13,3.0,-1725
11.519815634939508,13,1.0,-1439
11.519941640208504,6,38.0,5186
11.520253594082265,7,11.0,4108
11.520419742543321,8,1.0,5929
11.520442676948518,6,6.0,5785
11.520634833715558,7,30.0,5632
11.520946459242936,6,10.0,5880
11.52099638299436,6,11.0,6147
11.521384289098346,6,1.0,4841
11.522176553984487,6,10.0,6101
11.522588706024765,7,25.0,4860
11.523223058360912,13,12.0,-1120
11.523258864479025,14,17.0,-1192
11.523735950864907,6,9.0,6165
11.523898517995017,4,5.0,6629
11.523990378933686,13,3.0,-2001
11.524739655667753,7,10.0,399
11.525094941162061,6,11.0,6071
11.525572118430965,7,3.0,4299
11.525644741283674,9,3.0,5117
11.525644741283674,16,3.0,5117
11.526258040541526,8,12.0,6417
11.526446923436389,13,2.0,-1507
11.526767503924326,14,6.0,-1235
11.526767503924326,17,6.0,-1235
11.52718370523943,1,2.0,6630
11.529016537816553,1,2.0,6631
11.529211036956276,6,5.0,6248
11.529609556960118,9,7.0,4226
11.530259956493843,6,1.0,5694
11.530343639157772,9,4.0,6058
11.530379296854788,17,4.0,-621
11.530552743379836,6,2.0,5289
11.530698393290503,13,4.0,-1348
11.53074425496537,8,3.0,3647
11.530777519473334,1,5.0,6632
11.531309315418259,7,3.0,5773
11.531408805269121,5,10.0,0
11.531520153168781,14,5.0,-1308
11.531568242898153,14,2.0,-1770
11.53164780951238,14,38.0,-1998
11.531788363243841,13,1.0,-2069
11.531824007215665,1,2.0,6633
11.532258556631692,9,2.0,3563
11.532705265057508,1,1.0,6634
11.533013805022886,13,12.0,-1131
11.53310834599878,5,4.0,0
11.533128407423069,6,14.0,6608
11.533142736771419,13,1.0,-1522
11.533142736771419,17,1.0,-1522
11.533190379514899,14,4.0,-1372
11.5332644188265,7,23.0,4644
11.533652000657993,6,10.0,5183
11.53398341039657,13,4.0,-1085
11.534053579516701,7,1.0,5592
11.534810803649593,7,1.0,4684
11.535283761409298,8,3.0,5675
11.535323594466075,13,2.0,-1212
11.535661283169338,14,1.0,-1219
11.535971971019697,1,5.0,6635
11.536018404090507,6,7.0,6428
11.536037091563955,13,1.0,-1453
11.536196544080717,7,5.0,3823
11.536704380880122,14,1.0,-1148
11.536911819634705,7,1.0,5171
11.536986735468192,5,4.0,0
11.53710757302321,7,1.0,5165
11.53723150380439,6,4.0,6167
11.537523366327626,7,1.0,5390
11.537661643276227,1,5.0,6636
11.53770047578651,1,2.0,6637
11.537706106965622,1,37.0,6638
11.537787113339217,6,9.0,6581
11.53795505684908,14,5.0,-1746
11.53795505684908,17,5.0,-1746
11.538362521038941,13,24.0,-1469
11.538403377715358,13,1.0,-1979
11.538438361442276,113,34.0,-1622
11.538439299673698,13,1.0,-1811
11.538630166394489,6,2.0,6528
11.538950634382513,8,2.0,5839
11.53907436419783,1,4.0,6639
11.539082745369823,7,4.0,5135
11.539291070010078,7,5.0,5985
11.539510717798693,7,5.0,3779
11.540474449674743,5,4.0,0
11.54053965301756,9,16.0,4176
11.54068624521013,13,2.0,-2058
11.540891291686075,5,3.0,0
11.54104139047042,1,5.0,6640
11.54196364891068,1,5.0,6641
11.542103656194382,17,5.0,-155
11.542568183728449,13,4.0,-1892
11.542957891100702,13,1.0,-1960
11.543349784598082,7,3.0,3781
11.543927185303648,7,2.0,4873
11.543971382122606,7,2.0,4706
11.543990767666612,7,1.0,5043
11.544075212250505,14,3.0,-1277
11.54487445625477,1,6.0,6642
11.544884553588956,14,1.0,-1656
11.545319902675796,6,31.0,4478
11.545588377103789,7,1.0,5573
11.54563119489721,1,12.0,6643
11.546509780424634,6,16.0,3415
11.547281485100203,10,12.0,6592
11.547573469024348,14,4.0,-1881
11.547585308378197,6,1.0,5148
11.548121034417703,1,18.0,6644
11.548606376527896,6,1.0,6447
11.548633255155805,14,1.0,-1182
11.548990731267532,7,2.0,4833
11.549562265132147,13,1.0,-1382
11.549886872796767,8,9.0,5890
11.550174939121575,9,26.0,2725
11.550225440937398,13,57.0,-1324
11.550247760121344,6,3.0,5947
11.55064488093631,5,1.0,0
11.55081421703203,5,5.0,0
11.550847250095217,9,3.0,5845
11.551096057980288,7,19.0,1557
11.551961115466211,7,3.0,3410
11.552270138960726,6,2.0,6228
11.552386883335757,6,1.0,6587
11.552938810151016,7,8.0,5079
11.553540640832562,6,24.0,5580
11.553726982955755,14,20.0,-1994
11.553881023525577,7,4.0,5228
11.5538871394099,9,8.0,5001
11.554039769839026,13,6.0,-1595
11.554142142533658,1,5.0,6645
11.55426321298164,1,3.0,6646
11.554446620908923,7,6.0,3190
11.555250244679891,7,23.0,5199
11.555325775753552,17,1.0,-948
11.55563629238074,9,5.0,4606
11.555648075493387,7,31.0,3878
11.555764074544005,7,11.0,2613
11.556055889121517,6,2.0,6136
11.556363947371677,7,4.0,5575
11.556533959728998,6,3.0,6083
11.556774439836637,14,4.0,-1961
11.557201210891234,13,5.0,-1812
11.557201210891234,17,5.0,-1812
11.55724035135598,7,2.0,4473
11.557362174657792,14,6.0,-1470
11.557362174657792,17,6.0,-1470
11.557421385175845,7,1.0,5305
11.55785624934665,14,3.0,-1784
11.558338070569151,6,10.0,6184
11.558633429821151,6,19.0,6368
11.558735643878087,13,3.0,-2033
11.558764366800306,14,1.0,-1822
11.558773993866877,13,1.0,-1420
11.558833619625535,6,39.0,4227
11.558930714186088,5,2.0,0
11.559149720697967,9,14.0,4999
11.55915899446396,9,1.0,3870
11.559391690126795,7,2.0,3954
11.55945518974713,7,1.0,3100
11.559697458291307,14,30.0,-1213
11.559697458291307,17,30.0,-1213
11.559755354261638,7,3.0,4216
11.559992288113682,1,17.0,6647
11.560008063325505,13,1.0,-1991
11.560296252321896,5,3.0,0
11.562124336576169,14,1.0,-1555
11.563079656395294,6,1.0,5886
11.563408852767932,14,5.0,-1575
11.56379068860815,8,2.0,4538
11.564261561755597,14,13.0,-2096
11.564282348178555,16,33.0,1620
11.564489190619831,1,2.0,6648
11.564787539838612,7,3.0,3348
11.565335645653867,6,1.0,6024
11.565346567968838,7,3.0,4666
11.565422547066456,1,3.0,6649
11.56544353133483,1,2.0,6650
11.565854022020893,14,2.0,-1809
11.56614411303392,6,5.0,6613
11.566840355762183,5,5.0,0
11.567054400596671,7,5.0,5188
11.567064189647747,1,7.0,6651
11.567096759344455,7,26.0,2165
11.56711654828431,13,1.0,-1398
11.567835868721504,7,3.0,5325
11.568000973503905,13,11.0,-1539
11.568000973503905,17,11.0,-1539
11.56822828406225,9,5.0,5123
11.568412391575837,6,8.0,6340
11.569226653789023,7,5.0,5413
11.5693483938321,7,2.0,5085
11.569358656085635,5,1.0,0
11.569525068667406,6,3.0,5044
11.569625186427658,9,11.0,4664
11.569853626039283,8,7.0,5466
11.569923755869084,7,12.0,1008
11.569953393398244,8,9.0,5838
11.5701677689158,13,1.0,-1887
11.57021848102874,1,1.0,6652
11.570394949935315,7,1.0,4402
11.570435013912606,13,4.0,-2019
11.570435013912606,17,4.0,-2019
11.570498543123403,7,5.0,3106
11.570915161314346,5,3.0,0
11.571132013567277,9,1.0,2952
11.571229271084041,5,3.0,0
11.571618201651175,7,1.0,3112
11.571776723799811,6,3.0,6535
11.571988410877108,7,2.0,2616
11.572514050578116,6,5.0,6465
11.572540568004456,8,1.0,6423
11.572986187526553,6,6.0,5626
11.57302014246909,14,6.0,-1278
11.57337905889589,13,1.0,-1934
11.573401133032636,7,3.0,3506
11.573606560590434,6,2.0,6366
11.574043491719948,5,2.0,0
11.574326689730885,5,3.0,0
11.574504112774052,13,1.0,-1570
11.574504112774052,17,1.0,-1570
11.574790513034467,6,2.0,5676
11.575070674037809,6,2.0,5991
11.57558277962259,14,1.0,-1865
11.57578477056843,14,8.0,-2065
11.576015201330765,14,2.0,-1135
11.576795579385474,8,1.0,5726
11.577039404238983,13,1.0,-1337
11.577102556930713,13,1.0,-1107
11.577102556930713,17,1.0,-1107
11.577119213671441,7,6.0,5357
11.577191113877332,6,2.0,6299
11.578008838714027,13,7.0,-1571
11.580227972428945,6,2.0,6476
11.5807928856432,14,1.0,-1843
11.5808740976358,9,1.0,3011
11.580941883854175,5,10.0,0
11.581035759792538,7,5.0,1257
11.581043354291698,14,4.0,-1992
11.581220928219228,6,1.0,6358
11.58135950115071,1,5.0,6653
11.58141813308946,5,1.0,0
11.58161498747804,7,9.0,4718
11.58161551537489,9,32.0,4817
11.581659834406887,14,1.0,-1842
11.58217587735936,9,6.0,3668
11.582323251167132,5,4.0,0
11.582357323215469,7,11.0,4456
11.582703231269905,13,9.0,-1559
11.582783335147244,17,1.0,-369
11.582956438373838,6,4.0,6601
11.583144055944873,7,10.0,5708
11.583378587737794,7,5.0,3291
11.583502527791577,13,1.0,-1475
11.584234106771554,6,6.0,6468
11.584685651310242,1,4.0,6654
11.585408416749056,6,1.0,6360
11.585433898157405,6,2.0,6199
11.586175133777584,13,2.0,-1896
11.586186720042786,13,1.0,-1712
11.58620396614815,7,2.0,3731
11.586867383246123,14,3.0,-1128
11.587089391088718,7,19.0,3238
11.587191327585836,7,9.0,5423
11.587694540158457,1,6.0,6655
11.588007088385618,1,2.0,6656
11.588098351938756,8,12.0,6499
11.588507796694953,7,6.0,5145
11.588837532722732,13,2.0,-2024
11.590130315591784,1,2.0,6657
11.590681491455701,7,1.0,4516
11.590721762626572,13,1.0,-1283
11.590764811285686,6,2.0,6619
11.59125088868663,6,1.0,6411
11.592107104268175,13,1.0,-1629
11.592882777857731,7,7.0,2028
11.592972723301138,9,12.0,5939
11.59349256653446,1,3.0,6658
11.593608241303922,5,6.0,0
11.593911458966097,1,3.0,6659
11.594184447944274,6,7.0,5337
11.59464450960792,6,6.0,5954
11.594911794918907,8,4.0,3722
11.595275925774422,14,2.0,-1895
11.595440511073123,6,3.0,5609
11.59596985429214,7,13.0,5381
11.596139749336514,14,14.0,-1805
11.596139749336514,17,14.0,-1805
11.596395688073668,6,3.0,5046
11.596482418960399,6,3.0,6469
11.596564321802804,6,1.0,6208
11.596920127779514,1,4.0,6660
11.597307740616799,6,39.0,3747
11.597449094359384,14,3.0,-2054
11.597491516773418,7,3.0,6001
11.597606153185831,113,57.0,-1734
11.597884802204145,14,3.0,-1224
11.598386078703944,14,1.0,-1605
11.598415980802177,7,2.0,3965
11.598844664783185,5,7.0,0
11.598905172101412,1,5.0,6661
11.599114571530315,7,6.0,3535
11.599202665283372,7,6.0,5315
11.599556970322096,14,13.0,-1807
11.599556970322096,17,13.0,-1807
11.599588290580517,5,13.0,0
11.599874858189057,7,1.0,5167
11.600104197142004,7,41.0,2315
11.600477198561423,8,2.0,4709
11.600477454279867,6,5.0,5723
11.600486551196,14,3.0,-1780
11.600489824369026,7,1.0,4845
11.60051844030902,1,2.0,6662
11.600730188151882,7,1.0,1928
11.600903945419219,8,24.0,6016
11.60123282203666,6,1.0,5383
11.60135318575119,6,3.0,3893
11.601494169810206,7,10.0,5311
11.601545336420442,113,57.0,-1255
11.602471172085036,1,2.0,6663
11.603097053384253,5,1.0,0
11.603336558812472,1,6.0,6664
11.603502876482878,7,24.0,3890
11.604273712251882,13,4.0,-1096
11.605517653291736,13,22.0,-1852
11.606244053921372,13,10.0,-2086
11.60645386179139,9,6.0,5529
11.606506495948038,9,6.0,2076
11.606552820764005,7,34.0,5244
11.607002650332078,7,5.0,2710
11.607379788141587,7,3.0,4088
11.60739276857518,6,4.0,4604
11.60745785324515,7,17.0,5113
11.607537240968835,14,3.0,-1785
11.6079216220823,14,1.0,-1929
11.6079216220823,17,1.0,-1929
11.608051929547917,9,7.0,6429
11.608065630157117,13,31.0,-1703
11.608100540125848,13,3.0,-1421
11.608913313531747,5,1.0,0
11.608923252058439,9,6.0,5820
11.609128174593602,14,11.0,-1993
11.609338325915955,13,1.0,-1613
11.609512691527206,7,48.0,2231
11.609561885910578,7,7.0,1484
11.61046742720082,6,2.0,6489
11.612168548301474,7,25.0,4298
11.612456440942337,5,1.0,0
11.612750735736798,7,3.0,3729
11.613175929459246,7,5.0,4820
11.613670521502709,6,3.0,5226
11.614332917744301,14,5.0,-1415
11.614342756614752,17,8.0,-139
11.614352834514092,13,8.0,-2070
11.614724202899625,1,1.0,6665
11.615461110057021,5,5.0,0
11.61620558922396,13,1.0,-1901
11.616244022713134,1,5.0,6666
11.616517627226607,7,9.0,3448
11.616935298835568,14,9.0,-1411
11.61697113868881,7,6.0,1592
11.61697113868881,16,6.0,1592
11.617229352048259,1,5.0,6667
11.617330140927283,1,1.0,6668
11.617333553081139,7,1.0,4466
11.617521818240224,5,22.0,0
11.618373704753562,7,7.0,2814
11.618423128114163,13,1.0,-1662
11.618423128114163,17,1.0,-1662
11.619458519248502,7,4.0,5450
11.619460544347195,14,5.0,-1465
11.619460544347195,17,5.0,-1465
11.619507580280915,5,1.0,0
11.619531073093022,13,14.0,-1680
11.619531073093022,17,14.0,-1680
11.620660134500277,7,1.0,4099
11.620775165058365,6,60.0,2983
11.621252451054291,6,6.0,4494
11.621355281456115,8,2.0,3139
11.621879211544353,7,6.0,4869
11.621904085901972,4,9.0,6669
11.621980103536616,7,2.0,4450
11.62242489429805,6,1.0,5754
11.622976323270235,7,1.0,1986
11.623063931678091,5,1.0,0
11.623476528110308,13,4.0,-1957
11.623526056784174,13,4.0,-1745
11.623647344745553,5,4.0,0
11.623823504868767,13,3.0,-1102
11.623823504868767,17,3.0,-1102
11.623948438840749,9,5.0,4039
11.623972978814294,5,2.0,0
11.624028839016386,7,2.0,5254
11.624132790387971,5,1.0,0
11.624225008329978,13,1.0,-1123
11.624225008329978,17,1.0,-1123
11.624341656058546,14,4.0,-1534
11.624606833656419,5,1.0,0
11.624754474696353,6,5.0,5948
11.625383213510478,5,6.0,0
11.625422847717578,1,6.0,6670
11.62584992105478,7,4.0,3566
11.625902244988314,16,9.0,2450
11.625975277437702,9,9.0,4069
11.626058443683748,1,2.0,6671
11.626379825565245,14,2.0,-2098
11.626379825565245,17,2.0,-2098
11.626674674724558,6,3.0,6492
11.626822875273552,5,2.0,0
11.62683310712331,7,3.0,4866
11.627013568048886,7,3.0,4925
11.627503202203972,7,2.0,3698
11.628341492683711,1,6.0,6672
11.628513303744144,7,1.0,5863
11.628703886247239,14,3.0,-1755
11.628969358184257,9,3.0,5343
11.629327261813504,9,3.0,3686
11.629329315648835,13,3.0,-1104
11.629718786109393,1,1.0,6673
11.629883848884202,1,2.0,6674
11.629921020641612,14,4.0,-1744
11.63148334347171,6,2.0,6346
11.631813624882891,6,1.0,5318
11.63196839944996,6,11.0,6526
11.632008175107053,9,3.0,850
11.632041104783116,14,3.0,-1874
11.632204157708204,5,2.0,0
11.632210810418519,7,5.0,5247
11.632550109877984,14,25.0,-1535
11.632668555911367,13,1.0,-1889
11.632737109131593,6,5.0,6487
11.633224351173768,5,1.0,0
11.633556662880151,13,2.0,-1080
11.63365433330125,6,6.0,5506
11.633887531259703,9,2.0,3583
11.634049754957843,7,24.0,4778
11.634404635167426,13,3.0,-1612
11.634404635167426,17,3.0,-1612
11.634571395527928,14,2.0,-1412
11.634833401941917,6,3.0,6646
11.635569383286684,1,5.0,6675
11.635636554376655,8,5.0,6180
11.635802776427935,17,2.0,-431
11.635951205954003,5,1.0,0
11.636360170946839,1,2.0,6676
11.636641090363788,5,4.0,0
11.637042254776945,14,2.0,-1530
11.637274207586556,7,1.0,4522
11.63761049212389,13,1.0,-1906
11.638405654705116,13,2.0,-1167
11.638499333621839,6,11.0,5612
11.638510872283405,7,8.0,4097
11.63856491357857,7,5.0,5630
11.638622765788293,6,5.0,6575
11.638821155867385,14,2.0,-1087
11.638821155867385,17,2.0,-1087
11.639101405883048,14,8.0,-1775
11.639167756222365,6,9.0,6574
11.639492721192767,9,4.0,4894
11.639709909062264,8,1.0,3767
11.639992161479235,7,6.0,2249
11.640107130896554,6,7.0,6087
11.640306023151567,1,3.0,6677
11.641453340029972,13,3.0,-1137
11.641535214311634,14,1.0,-1313
11.641720068213496,13,3.0,-1791
11.641794915150433,13,1.0,-2088
11.642034544906574,5,17.0,0
11.642611580492657,16,49.0,1034
11.642689324472883,7,36.0,5681
11.64311766174747,5,6.0,0
11.644126094812382,7,1.0,4005
11.644211864867886,13,3.0,-1198
11.644638846913894,7,15.0,3325
11.644824261273666,13,1.0,-1706
11.644933862185194,5,1.0,0
11.645014796520314,8,2.0,4637
11.646053888678841,113,54.0,-1245
11.64620411199179,8,3.0,3228
11.64772860672842,13,3.0,-1552
11.64800576599237,6,1.0,6557
11.64830831574323,7,6.0,4610
11.64838920989922,5,3.0,0
11.648470565815323,8,8.0,1431
11.648644703483917,6,11.0,6382
11.649067910530162,14,7.0,-1370
11.649348904366754,14,4.0,-1897
11.649409639941169,13,10.0,-1083
11.649409639941169,17,10.0,-1083
11.649731817917157,7,32.0,4051
11.649757186548625,6,2.0,5270
11.65001299692489,13,1.0,-1054
11.650116208782517,14,3.0,-1651
11.650134937878006,1,5.0,6678
11.650218445791499,7,14.0,5485
11.650817006463654,7,7.0,3548
11.650890680933541,13,3.0,-1726
11.651071235039177,5,3.0,0
11.651927134624914,6,6.0,6189
11.651980994837656,9,2.0,4755
11.65273025670809,7,31.0,3169
11.652931099732644,7,2.0,6457
11.653133115469647,7,11.0,3724
11.653449358974498,6,3.0,6327
11.653537909564688,7,32.0,4280
11.653822685660037,13,1.0,-1669
11.653899685836901,7,49.0,4616
11.653964606873398,5,6.0,0
11.65413183906977,13,3.0,-1821
11.654759642976074,14,4.0,-1761
11.654868472484264,6,4.0,6639
11.655195676600943,6,1.0,4960
11.656470079781814,8,1.0,4822
11.656626113710786,1,2.0,6679
11.65667164964535,7,30.0,1970
11.657092944178757,6,11.0,5767
11.657621421376827,7,21.0,1643
11.657725090359115,6,2.0,6663
11.657919651994195,7,2.0,5037
11.657932312889791,5,7.0,0
11.658130418075888,1,4.0,6680
11.658156348235465,7,5.0,5350
11.658176449607245,13,3.0,-1564
11.658176570787017,13,1.0,-1067
11.658224542425852,13,1.0,-1449
11.658225290381358,14,4.0,-1448
11.658225290381358,17,4.0,-1448
11.659403723563328,7,4.0,5540
11.660580617279937,5,5.0,0
11.660698371487555,6,10.0,2910
11.660700254775161,14,4.0,-1438
11.660901123420455,13,1.0,-1820
11.661280053325973,7,5.0,4162
11.662019188732303,1,3.0,6681
11.662609633654263,1,2.0,6682
11.662655376300608,5,3.0,0
11.662816587400663,5,2.0,0
11.66309388557286,1,4.0,6683
11.663186708124808,6,6.0,3999
11.663226335008307,7,2.0,4457
11.66332001509195,14,1.0,-1141
11.663397672295224,7,1.0,5061
11.663662745655898,14,6.0,-1636
11.664626058990251,6,6.0,6375
11.66489011125675,7,2.0,3841
11.665217986319579,8,7.0,6232
11.666152094457448,6,4.0,6683
11.666739301119682,1,4.0,6684
11.667079373873552,5,2.0,0
11.667116174099638,5,1.0,0
11.667117851486168,7,2.0,3801
11.667548568674132,1,3.0,6685
11.668530399023785,1,3.0,6686
11.668634682197641,14,1.0,-1158
11.668634682197641,17,1.0,-1158
11.669610192690566,7,34.0,5150
11.669765364280625,14,3.0,-1270
11.669976749273822,9,3.0,2940
11.670166883660212,5,7.0,0
11.670188228373437,13,2.0,-1950
11.670188228373437,17,2.0,-1950
11.67053385389788,5,1.0,0
11.670600248192727,14,1.0,-2049
11.67072687442725,5,2.0,0
11.670777947421898,5,1.0,0
11.670843673263647,14,3.0,-1191
11.67095483881338,9,2.0,4699
11.671701068128597,13,1.0,-1904
11.671701068128597,17,1.0,-1904
11.672295049738032,9,58.0,3683
11.672295049738032,16,58.0,3683
11.672473776672813,6,3.0,5620
11.6725431758187,3,8.0,6687
11.672853019582659,17,1.0,-471
11.673098372311172,1,2.0,6688
11.67389220255687,7,5.0,5324
11.674282236335268,1,2.0,6689
11.67529734947876,9,1.0,4324
11.675499062527894,1,9.0,6690
11.675563297810884,7,4.0,3613
11.67563727062091,5,2.0,0
11.675680678494638,13,1.0,-1687
11.676015027852737,5,1.0,0
11.676160445202186,13,3.0,-1447
11.676555208378954,13,1.0,-2100
11.676555208378954,17,1.0,-2100
11.676930390092332,1,1.0,6691
11.677211857371454,6,6.0,6536
11.677375794903192,1,5.0,6692
11.67780486814695,1,4.0,6693
11.678311464268505,7,8.0,5216
11.678344570679817,5,3.0,0
11.678612762495382,13,2.0,-1332
11.678612762495382,17,2.0,-1332
11.678624466579905,13,7.0,-1375
11.678624466579905,17,7.0,-1375
11.67940978082593,1,11.0,6694
11.679630058439448,13,8.0,-2064
11.680079757193903,13,1.0,-1140
11.680982530673608,7,2.0,6134
11.681045073815262,1,23.0,6695
11.681233087780232,3,7.0,6696
11.681370156863743,1,2.0,6697
11.68140611503384,14,3.0,-2047
11.681471661982316,13,6.0,-1365
11.681471661982316,17,6.0,-1365
11.682503507792951,7,10.0,4552
11.682997151202144,8,15.0,4563
11.6835543439452,6,2.0,6140
11.683765357397158,6,3.0,6157
11.683830986921912,6,1.0,5799
11.684001260940574,7,11.0,3316
11.68417865977107,9,2.0,4709
11.68476959325483,13,12.0,-1693
11.68476959325483,17,12.0,-1693
11.685177727398845,7,7.0,4645
11.68565880000652,6,2.0,6571
11.686444713564864,7,39.0,3225
11.686647293323388,14,2.0,-1601
11.687115561257315,13,2.0,-1460
11.687115561257315,17,2.0,-1460
11.687173195718204,13,9.0,-1619
11.687530728921008,6,1.0,6588
11.687550759984545,1,10.0,6698
11.687880011160107,7,9.0,4730
11.6881787166408,5,3.0,0
11.68860465370586,6,5.0,6675
11.688923626543495,14,7.0,-2102
11.688923626543495,17,7.0,-2102
11.689185774752131,7,2.0,5915
11.689212079508211,1,31.0,6699
11.689308886609444,1,6.0,6700
11.689525048861011,6,2.0,6119
11.68961144828195,6,2.0,6555
11.690172178540852,13,1.0,-2074
11.69023585086237,7,7.0,5601
11.690775081966402,7,1.0,4964
11.690848019350378,14,15.0,-2005
11.690848019350378,17,15.0,-2005
11.69212215146311,9,24.0,1960
11.692861776840912,13,1.0,-1501
11.692861776840912,17,1.0,-1501
11.693088179994579,17,1.0,-914
11.69331308685285,7,6.0,5309
11.693408778526152,9,2.0,5142
11.693623032581288,13,2.0,-1296
11.69392747079266,7,5.0,4802
11.69404504577028,5,1.0,0
11.694101323794678,13,2.0,-1444
11.694241808227655,16,9.0,132
11.694890752628247,7,4.0,5945
11.694930483621473,7,5.0,3406
11.69500577756807,13,7.0,-1841
11.695309756629792,7,3.0,4661
11.695709880637569,7,54.0,3674
11.695977397810756,5,2.0,0
11.696063039383766,7,2.0,3833
11.69622030224072,6,4.0,5761
11.69641104372601,9,2.0,2746
11.697158074065374,7,2.0,3973
11.697776059560546,6,1.0,6387
11.698467828338286,13,1.0,-1169
11.69850487866483,5,2.0,0
11.698626820814106,1,2.0,6701
11.698874825854224,13,2.0,-1630
11.699316394658519,14,2.0,-1973
11.699351058846073,6,5.0,6640
11.699579237417122,13,2.0,-1147
11.699890856497142,13,1.0,-1997
11.699890856497142,17,1.0,-1997
11.699952319125515,7,1.0,5143
11.700479578601565,1,2.0,6702
11.7006791166025,9,2.0,5180
11.70080527049496,10,14.0,6434
11.700966179676362,13,1.0,-1462
11.701015565837057,6,2.0,6394
11.701498597182871,5,3.0,0
11.701604690237001,13,2.0,-1578
11.70165676507592,13,1.0,-2085
11.702181494989317,6,9.0,6508
11.702747768938464,5,49.0,0
11.703528642571866,7,2.0,1773
11.703562034693517,8,1.0,5655
11.704476192522023,7,57.0,1899
11.704488960124737,5,12.0,0
11.70496545256401,7,3.0,4696
11.705001070048592,6,4.0,6488
11.706217037602174,7,16.0,3619
11.707238316236943,5,1.0,0
11.707299671362627,6,5.0,6636
11.707368495624241,7,10.0,5501
11.707906943261111,14,6.0,-1974
11.707906943261111,17,6.0,-1974
11.708006771040772,7,1.0,5899
11.708018252205948,6,21.0,6052
11.708391322445168,17,5.0,-425
11.708473549119233,13,1.0,-1574
11.708651757978995,7,1.0,4152
11.708722463161905,13,1.0,-1436
11.709035793928248,6,6.0,5415
11.70926554044282,14,7.0,-1922
11.70926554044282,17,7.0,-1922
11.709705709922286,1,3.0,6703
11.710006558782132,14,26.0,-2080
11.710006558782132,17,26.0,-2080
11.710045556653258,13,3.0,-1454
11.710547571775054,7,5.0,4408
11.71063905537365,5,22.0,0
11.710927385807853,6,2.0,6102
11.710937460280824,7,3.0,5025
11.711090631720785,7,8.0,5384
11.711142045918619,7,11.0,5149
11.71161387783976,7,3.0,5126
11.71161387783976,16,3.0,5126
11.71174473480935,14,3.0,-2014
11.71191835072312,6,1.0,4177
11.711942078159117,13,4.0,-1279
11.71196862056344,13,6.0,-1468
11.712097549373873,13,12.0,-1451
11.712578098312553,1,3.0,6704
11.713608006278907,7,19.0,5053
11.713991537572975,17,1.0,-584
11.714036879018861,7,7.0,4643
11.714129259061863,5,6.0,0
11.714868460290079,6,7.0,5354
11.714896098894112,7,21.0,6106
11.714967984745094,13,6.0,-1164
11.71580748465103,13,4.0,-1062
11.715809485357543,6,8.0,6362
11.715895360262145,7,1.0,5353
11.71623980000587,14,3.0,-1429
11.71623980000587,17,3.0,-1429
11.716403818717524,7,3.0,4832
11.71643532304375,13,3.0,-1825
11.716487016932069,7,18.0,2226
11.716888678280144,13,1.0,-1157
11.717137514783465,13,2.0,-1674
11.717206039363091,14,4.0,-1061
11.717346227649497,7,4.0,4268
11.717599659548478,13,1.0,-1082
11.7176405152935,8,2.0,5774
11.71777447009036,8,20.0,4420
11.717849743079896,9,3.0,674
11.718055451117582,6,6.0,6466
11.718135541655943,1,1.0,6705
11.718152352080363,6,5.0,5212
11.718277412504069,9,4.0,3722
11.718576396712795,8,1.0,5784
11.71881223356415,13,1.0,-1092
11.71906702515365,6,5.0,5869
11.719308253951475,6,4.0,5876
11.719451616920525,14,2.0,-1461
11.719822228291576,13,2.0,-1893
11.720242488643644,7,1.0,2078
11.720568831112141,13,1.0,-1523
11.720763256927876,9,3.0,4374
11.720797646658273,9,1.0,5360
11.721191272320585,16,3.0,633
11.72163574954375,14,1.0,-1424
11.722240841973923,9,22.0,4722
11.722750020200742,113,30.0,-1114
11.722843341030535,1,7.0,6706
11.722848318733158,7,3.0,4106
11.723054434076094,1,14.0,6707
11.723285164284441,1,3.0,6708
11.723699799204308,7,46.0,1732
11.723859096996621,13,1.0,-1692
11.72398297711826,9,10.0,3757
11.724081205997727,13,1.0,-1431
11.724760402101404,6,3.0,5366
11.724980944610369,7,4.0,2340
11.725603247594668,13,1.0,-1098
11.725811207764748,7,1.0,4256
11.726377191890181,7,1.0,5444
11.72656006997092,5,1.0,0
11.727109045732085,13,1.0,-1737
11.727109045732085,17,1.0,-1737
11.727658511957094,14,2.0,-1336
11.727658511957094,17,2.0,-1336
11.728224187602512,14,11.0,-1180
11.72830933842977,13,22.0,-1850
11.72830933842977,17,22.0,-1850
11.728325033684095,1,1.0,6709
11.728504452383836,13,1.0,-2082
11.72951739587625,6,3.0,6586
11.729742762896281,7,2.0,2669
11.729859252357011,5,2.0,0
11.730060050396258,13,1.0,-1185
11.730155145440285,6,50.0,6402
11.730613969349065,7,3.0,5497
11.731231700031069,6,5.0,6653
11.731305458089857,10,51.0,6625
11.731571447654815,14,5.0,-1577
11.731581308342784,7,1.0,2846
11.73169787726486,9,5.0,4611
11.732144018091612,1,5.0,6710
11.732426069704703,6,2.0,5210
11.7325226152707,1,3.0,6711
11.732828486255832,13,2.0,-1538
11.7331042987995,7,5.0,4934
11.733550798170869,5,3.0,0
11.73402244530719,8,1.0,5076
11.734048623468983,9,7.0,2228
11.734312122590415,1,4.0,6712
11.73476157533263,6,3.0,6286
11.735132992568943,5,2.0,0
11.735653262890619,5,1.0,0
11.735965756452364,9,5.0,5831
11.736042318837608,1,5.0,6713
11.736135551659306,7,2.0,4446
11.736505099268769,13,8.0,-1818
11.73676663504834,6,6.0,6578
11.737184344737447,1,2.0,6714
11.737820574698745,8,5.0,2994
11.7381305356252,6,5.0,6605
11.738338780786252,7,3.0,6067
11.738450354863092,9,18.0,6085
11.73949940948641,13,5.0,-2018
11.739864471226872,6,2.0,6561
11.739875410680508,13,1.0,-1883
11.739875410680508,17,1.0,-1883
11.741326218476937,1,1.0,6715
11.742067937872966,13,1.0,-1380
11.74304412235059,9,2.0,3155
11.743097304394889,14,8.0,-1305
11.743304908756896,7,18.0,1698
11.743662557422043,6,1.0,6439
11.74384899129563,14,1.0,-1851
11.744146416412676,7,5.0,5253
11.744367079513017,13,1.0,-1905
11.744447504835243,7,8.0,3525
11.745305480251625,13,1.0,-1355
11.745305480251625,17,1.0,-1355
11.745692121525025,13,6.0,-1533
11.746143414831588,13,1.0,-1404
11.746252486119847,113,37.0,-1531
11.746330130579171,7,5.0,2831
11.746432383132534,7,2.0,3361
11.747128866654236,5,9.0,0
11.747250781108582,9,4.0,5940
11.747856766400128,7,3.0,4159
11.748184395554752,13,1.0,-1426
11.74836296584833,7,2.0,3756
11.748549326653828,6,1.0,6196
11.748623063194792,7,5.0,6143
11.748785123889999,7,8.0,4094
11.749046579948901,6,9.0,6381
11.749389797397795,14,4.0,-2034
11.74951994435272,6,46.0,5067
11.74982927972858,13,10.0,-1089
11.749923572834378,14,2.0,-1646
11.749923572834378,17,2.0,-1646
11.750320161799026,17,2.0,-351
11.750418249561537,6,5.0,5536
11.750456792726123,6,3.0,6452
11.750547910156437,6,4.0,6712
11.75062366786882,5,5.0,0
11.750629554992095,7,1.0,5437
11.750672559346759,1,4.0,6716
11.750696604869475,14,1.0,-1385
11.750696604869475,17,1.0,-1385
11.750999005028604,14,5.0,-1611
11.750999005028604,17,5.0,-1611
11.75145744216571,5,57.0,0
11.751813035045137,9,11.0,3705
11.751847711742961,9,5.0,6433
11.752099829131952,13,1.0,-2097
11.752426841120808,14,1.0,-1136
11.752426841120808,17,1.0,-1136
11.752532759941946,6,1.0,1989
11.752594108090829,13,5.0,-1952
11.752594108090829,17,5.0,-1952
11.752720623808102,5,6.0,0
11.753195273530082,7,19.0,4098
11.753213483052303,1,6.0,6717
11.753544742553064,6,1.0,6079
11.753868439962911,7,3.0,6278
11.754026902253237,7,3.0,5896
11.7547565794625,113,59.0,-1233
11.754881681452922,6,1.0,5393
11.75517779810463,7,2.0,3639
11.7555319760785,14,4.0,-1853
11.7555319760785,17,4.0,-1853
11.755817647776919,7,4.0,5051
11.755929946405553,7,5.0,3479
11.755934894254011,6,6.0,6303
11.755942674475268,14,2.0,-1699
11.756131311168899,6,10.0,6511
11.75668351579265,1,17.0,6718
11.756860997962539,6,4.0,5161
11.757058704050424,14,4.0,-1331
11.757073671696281,6,2.0,6461
11.757077865626789,1,5.0,6719
11.75720676853953,6,1.0,6435
11.757247549423807,5,1.0,0
11.757349211004048,1,3.0,6720
11.757355605771172,13,1.0,-1772
11.757672344292923,7,3.0,3416
11.75773913126974,7,5.0,5218
11.758144230467057,7,1.0,4773
11.758534652870186,6,1.0,4029
11.758896030478523,7,2.0,4222
11.758975658196235,5,1.0,0
11.759124290214412,1,1.0,6721
11.759140537108994,7,2.0,4332
11.759720250571425,9,3.0,4834
11.759738328003333,7,1.0,4232
11.760300944062692,13,1.0,-1903
11.760318998995182,5,4.0,0
11.760379507531423,13,1.0,-1427
11.760412352596802,6,19.0,5944
11.760450978151528,6,3.0,5038
11.760551765027719,5,1.0,0
11.760703453283007,7,12.0,3594
11.761018018026288,14,4.0,-1684
11.761054571403204,6,5.0,6635
11.761070833606816,13,5.0,-1608
11.761276515207895,6,1.0,5737
11.761703059309555,1,3.0,6722
11.7618172626091,6,2.0,6128
11.762062062089106,13,6.0,-1658
11.762200538715062,13,1.0,-1162
11.762388972059696,5,8.0,0
11.76240855888469,7,5.0,5624
11.76308936059548,13,1.0,-2038
11.76308936059548,17,1.0,-2038
11.763342899393116,13,1.0,-2071
11.76341617969131,13,4.0,-1764
11.76385049030987,6,3.0,6095
11.764948606646481,5,4.0,0
11.765702794739793,13,2.0,-1344
11.765702794739793,17,2.0,-1344
11.765754396585992,5,1.0,0
11.765947338581977,13,2.0,-1288
11.765947338581977,17,2.0,-1288
11.766237356169576,13,1.0,-1848
11.76680122710434,1,2.0,6723
11.767168513410313,6,11.0,5276
11.76739404499189,14,1.0,-1971
11.76739404499189,17,1.0,-1971
11.767616560275489,13,1.0,-1970
11.767654545063593,6,4.0,5189
11.768024529288242,13,3.0,-1116
11.768770629003612,1,1.0,6724
11.76909759379895,7,5.0,1762
11.769343020022763,6,5.0,6623
11.769410497116622,13,3.0,-1593
11.769414193537994,7,10.0,5018
11.769450562042465,1,5.0,6725
11.769709684697975,13,2.0,-1495
11.770149465341948,6,7.0,5371
11.770284594013058,13,2.0,-1640
11.770810544189052,5,1.0,0
11.771480776412133,7,3.0,3397
11.771541225012507,13,6.0,-1353
11.772442676052144,9,1.0,5347
11.77272391211597,5,8.0,0
11.772828452173616,7,42.0,1849
11.773279236969472,13,5.0,-1471
11.773340680863686,13,2.0,-1272
11.773395676580723,1,6.0,6726
11.773943637830483,1,49.0,6727
11.774176757159724,5,1.0,0
11.774454793993415,13,1.0,-1778
11.774683441908032,7,1.0,5712
11.774904369854115,1,5.0,6728
11.775039319168354,9,1.0,2123
11.775485541017396,13,7.0,-1679
11.775713389017657,9,5.0,5673
11.775805644619066,8,7.0,4160
11.775964762844112,14,2.0,-1175
11.775964762844112,17,2.0,-1175
11.776529391116833,1,4.0,6729
11.776729632256576,7,6.0,5214
11.776778817470312,9,2.0,5452
11.777222836723624,1,1.0,6730
11.777455082030514,5,4.0,0
11.777866446860473,7,2.0,4363
11.778011513191528,13,2.0,-1673
11.778266695933626,6,12.0,5201
11.778274889775426,5,1.0,0
11.778302334562023,6,3.0,6624
11.77867740507291,6,6.0,6545
11.7786987535815,6,2.0,6583
11.7787099990924,13,3.0,-1987
11.7787099990924,17,3.0,-1987
11.778859809556891,1,4.0,6731
11.779471680677414,5,1.0,0
11.779500698486704,7,1.0,2999
11.779591052733863,13,4.0,-1642
11.780450045216945,7,3.0,2087
11.780670657413445,7,1.0,5938
11.781080162337187,13,2.0,-1394
11.781098962655989,6,2.0,5474
11.781479031641355,13,2.0,-1602
11.781479031641355,17,2.0,-1602
11.782045168744226,6,2.0,5832
11.782107958310265,6,9.0,4957
11.782201469237144,8,2.0,5238
11.782417016769005,8,2.0,6346
11.783253848244243,5,10.0,0
11.783256151598104,7,1.0,5185
11.78362471915729,1,1.0,6732
11.784190907346483,9,23.0,2221
11.784262026375053,7,2.0,4081
11.785439980699913,7,5.0,5703
11.786122432385886,13,1.0,-1959
11.786122432385886,17,1.0,-1959
11.78701466086702,5,4.0,0
11.78706283638795,5,10.0,0
11.787254004050041,14,1.0,-1170
11.7872693692358,7,11.0,4828
11.787776219147709,6,3.0,6530
11.787836598453895,13,3.0,-1264
11.788723926918697,14,1.0,-1072
11.788929694826924,14,2.0,-2083
11.788929694826924,17,2.0,-2083
11.78893106648607,14,43.0,-1711
11.788957233813834,1,4.0,6733
11.789324896741858,7,10.0,4669
11.789661016914824,5,4.0,0
11.78971613361934,6,3.0,5958
11.790195460625664,13,2.0,-1735
11.790205154062292,9,5.0,4513
11.790258769401474,1,14.0,6734
11.790631874710888,13,19.0,-1857
11.790909814659251,13,7.0,-1306
11.79157475051456,7,3.0,4786
11.792325847094522,1,5.0,6735
11.792413859407718,13,1.0,-1568
11.792517924809715,16,40.0,1070
11.792572536233884,7,5.0,5574
11.792584193723236,7,2.0,3974
11.792805183294117,5,4.0,0
11.793418948180001,7,2.0,3692
11.793444748598455,6,8.0,5470
11.793676263770674,14,3.0,-1177
11.793676263770674,17,3.0,-1177
11.793749043082792,7,44.0,4946
11.794021578284012,1,5.0,6736
11.79402431402513,8,2.0,5840
11.79417323269376,7,5.0,3400
11.79424034303748,9,7.0,4720
11.7944489528404,7,2.0,4647
11.79535157452494,1,5.0,6737
11.796151659795454,1,4.0,6738
11.79654176195254,13,2.0,-1508
11.796703771454315,1,8.0,6739
11.796791450393355,7,9.0,3113
11.79786076961639,2,16.0,6740
11.797900451163402,14,2.0,-2025
11.797900451163402,17,2.0,-2025
11.798395527157448,6,2.0,5941
11.79852489726641,14,3.0,-1548
11.798870988714373,7,6.0,5532
11.799143963501404,13,4.0,-2052
11.800637582767642,5,3.0,0
11.800850700781298,7,3.0,5266
11.80131322696724,13,1.0,-1342
11.80164700510978,5,3.0,0
11.801697507836169,5,2.0,0
11.802315665912886,13,1.0,-1690
11.8026805022906,14,1.0,-1689
11.8026805022906,17,1.0,-1689
11.802910236463077,14,1.0,-2062
11.80320263153608,6,1.0,4077
11.803227036363008,13,3.0,-2099
11.80357408454074,6,19.0,6163
11.80376241257095,13,2.0,-1664
11.803876245268938,6,1.0,5775
11.80394084862387,7,8.0,4565
11.804255312341645,9,2.0,4998
11.804329372312377,9,18.0,5809
11.804689392834668,14,2.0,-1110
11.804689392834668,17,2.0,-1110
11.80498810817442,6,2.0,6493
11.805533494818462,13,3.0,-1986
11.805548528127911,7,2.0,5893
11.805772919017047,11,33.0,5490
11.806220876644817,13,5.0,-1715
11.80626110519465,6,8.0,5979
11.806450170621627,6,4.0,4276
11.80684407768162,14,4.0,-1329
11.807952817282642,6,6.0,4793
11.80796623860175,13,1.0,-1705
11.80796623860175,17,1.0,-1705
11.808155230483068,7,15.0,5740
11.80819801775119,14,1.0,-1754
11.808655260326026,13,2.0,-1937
11.808808474407865,9,1.0,5251
11.809022457846247,9,2.0,4754
11.809078033091183,6,5.0,6735
11.809212107364022,6,3.0,6209
11.809328954074497,7,1.0,5376
11.809910965271333,1,1.0,6741
11.810069864267494,1,3.0,6742
11.810438548494076,6,2.0,6682
11.810488673744002,13,1.0,-1823
11.811017337864078,5,1.0,0
11.811603098836844,6,1.0,4564
11.811640836860093,1,1.0,6743
11.81235810191751,14,9.0,-1152
11.81235810191751,17,9.0,-1152
11.812649757985795,5,9.0,0
11.812830923358856,7,11.0,5525
11.812865115537681,1,1.0,6744
11.812915063288889,14,2.0,-1638
11.81327489417117,8,11.0,5603
11.813491582835074,13,1.0,-1388
11.813495318412636,1,4.0,6745
11.814014237340318,9,6.0,4448
11.814437121903374,5,2.0,0
11.814995235476427,14,4.0,-1751
11.815068593780689,1,2.0,6746
11.816049865011511,5,2.0,0
11.816090204332914,14,3.0,-1103
11.816090204332914,17,3.0,-1103
11.816449921092769,6,4.0,6602
11.816577552881277,6,6.0,6294
11.817122749559017,1,3.0,6747
11.817838017727409,13,3.0,-1149
11.817838017727409,17,3.0,-1149
11.817945413141691,113,55.0,-1236
11.818142398985875,8,2.0,5704
11.818555673794085,7,3.0,4067
11.818685121520431,6,1.0,6393
11.818731298413217,14,1.0,-1129
11.819262308182207,13,2.0,-1688
11.81971450773444,13,1.0,-1518
11.82049489362322,7,5.0,5369
11.820526116399844,6,2.0,5451
11.820939484335906,7,5.0,4575
11.821364072447343,13,45.0,-1558
11.82183409310808,17,3.0,-402
11.822167376669546,13,1.0,-1168
11.822431635118159,5,3.0,0
11.822884741895866,7,3.0,5560
11.82299403689328,6,4.0,6070
11.823626339578382,13,5.0,-2093
11.823785434990123,7,6.0,4594
11.823925053015106,5,6.0,0
11.823937304295592,6,2.0,6674
11.82426765512866,13,3.0,-1829
11.824511447012656,7,1.0,5410
11.82473581738125,5,2.0,0
11.8247962340802,7,3.0,3554
11.825008174483028,7,2.0,5168
11.82520123834176,13,4.0,-1796
11.825455089692175,9,17.0,5364
11.82550067823028,6,8.0,5864
11.825710628189196,14,1.0,-1118
11.82577667971337,6,2.0,6030
11.825995008463414,13,14.0,-1119
11.826125881158559,7,5.0,5307
11.826630543023732,7,2.0,5701
11.82681460941589,7,10.0,5963
11.826880528050408,6,36.0,6050
11.827270864507772,7,3.0,4766
11.82733351236144,4,14.0,6748
11.82762625795789,9,2.0,4637
11.827626621252504,14,3.0,-1899
11.827707750424711,13,2.0,-1862
11.828002198188015,13,1.0,-1930
11.828002198188015,17,1.0,-1930
11.82812326408908,14,12.0,-1918
11.828233018218437,8,6.0,5359
11.828676804743061,9,6.0,4155
11.828782110459697,13,11.0,-2073
11.828881074253887,13,1.0,-1105
11.828998662257613,7,3.0,4570
11.829133364805164,7,6.0,3576
11.829612408778718,7,20.0,3620
11.830009944875583,13,2.0,-1969
11.830092426234861,13,7.0,-1181
11.830254785445032,2,1.0,6749
11.830397518935213,113,25.0,-1155
11.830609937369838,14,2.0,-1707
11.830962899668556,8,2.0,6136
11.831053735850555,7,8.0,3175
11.831416156087919,6,5.0,4649
11.83147874504772,1,12.0,6750
11.831566857344578,7,2.0,5138
11.83162417689719,13,1.0,-1817
11.831885788512487,5,3.0,0
11.832018972624937,1,13.0,6751
11.832483030863862,5,11.0,0
11.833017993234439,17,1.0,-283
11.833289481346636,13,2.0,-1781
11.833461946000716,7,3.0,5928
11.833949479380678,7,3.0,5543
11.834190603172425,6,5.0,6584
11.834219588083533,7,3.0,4092
11.834324157622547,10,58.0,4857
11.834732642394004,14,10.0,-1328
11.834775398172413,1,4.0,6752
11.835365727852297,7,4.0,5144
11.835449841347604,9,19.0,4126
11.83589288158975,7,3.0,5072
11.83603083104796,14,1.0,-1457
11.836621495511361,9,30.0,5806
11.836667718095839,14,3.0,-1869
11.836667718095839,17,3.0,-1869
11.836791048897256,8,5.0,5342
11.837001946876219,13,5.0,-1392
11.837006204698206,7,5.0,5771
11.837935651746095,13,3.0,-1252
11.838271556905761,6,2.0,4096
11.83838096028301,7,5.0,5598
11.838506295058185,8,6.0,4784
11.838958486085968,1,3.0,6753
11.839078221873217,14,6.0,-1292
11.83914821222347,7,3.0,6234
11.840697045332142,9,1.0,4921
11.840750033202934,9,12.0,3616
11.841751355459518,6,1.0,6724
11.841849057724849,14,3.0,-2013
11.841874839466936,13,1.0,-1178
11.84188722453834,1,2.0,6754
11.842175595241514,14,25.0,-1949
11.842175595241514,17,25.0,-1949
11.84237780242597,1,4.0,6755
11.842493026834049,3,3.0,6756
11.842659243728985,7,5.0,5442
11.842846368397183,8,2.0,4880
11.842961925358006,7,2.0,5591
11.843162172458262,13,3.0,-1826
11.843856455188483,7,6.0,4314
11.844953596747935,7,21.0,6138
11.844955770787408,13,1.0,-1831
11.84576492850495,7,2.0,5623
11.845994307652376,9,4.0,3456
11.846425865331145,13,6.0,-1683
11.84646430097146,7,6.0,5846
11.846763678851381,5,3.0,0
11.847464759254903,7,1.0,5818
11.847544335542421,13,1.0,-1647
11.847544335542421,17,1.0,-1647
11.847972538284564,16,1.0,4801
11.848102085199425,6,7.0,6075
11.848272430563428,1,4.0,6757
11.84851288159068,14,4.0,-1204
11.848649886515775,9,14.0,4769
11.849826796251662,9,6.0,2341
11.84991635086985,14,1.0,-1142
11.84991635086985,17,1.0,-1142
11.849998566457346,7,8.0,4816
11.85010955666772,1,18.0,6758
11.850242276484162,8,5.0,3295
11.850340490288186,14,4.0,-1686
11.85084978780421,7,4.0,3659
11.850912400996787,6,2.0,6591
11.851554796439402,6,10.0,6205
11.851574656280789,14,3.0,-1356
11.852175992689148,5,2.0,0
11.852781182918,5,3.0,0
11.853466528587491,6,8.0,6569
11.853739415626727,6,8.0,4716
11.853966014182564,14,21.0,-2068
11.853966014182564,17,21.0,-2068
11.854064657110726,17,10.0,-83
11.854236264097445,14,6.0,-1833
11.854328629082422,14,3.0,-1813
11.854328629082422,17,3.0,-1813
11.854477973387201,7,1.0,3667
11.854555183814803,6,6.0,6664
11.855434818372087,5,2.0,0
11.856156385155849,14,1.0,-1549
11.856156385155849,17,1.0,-1549
11.856439986116726,8,1.0,2661
11.856879177307993,9,5.0,3294
11.857139789819918,13,1.0,-1423
11.85854852829266,14,7.0,-1413
11.858557397869632,7,15.0,5856
11.859636469906993,6,3.0,6722
11.859833163067991,1,16.0,6759
11.860100382516656,13,2.0,-2057
11.860100382516656,17,2.0,-2057
11.860509939766393,17,2.0,-659
11.86065251744381,13,1.0,-1138
11.86065518720473,13,1.0,-1121
11.861163056669955,7,5.0,4712
11.861276545939589,5,1.0,0
11.861660665727378,7,36.0,5711
11.861882150501653,6,20.0,5769
11.862895619198527,9,7.0,4160
11.862911108442532,5,4.0,0
11.863244001209166,13,5.0,-1614
11.863244001209166,17,5.0,-1614
11.863288287486897,13,4.0,-1543
11.863732292902519,13,2.0,-1334
11.863732292902519,17,2.0,-1334
11.863800126494715,1,3.0,6760
11.864733377430422,13,1.0,-1878
11.864892836560756,8,6.0,6303
11.864938153601116,14,7.0,-2022
11.865495041641895,14,5.0,-1134
11.865495041641895,17,5.0,-1134
11.865508413683637,1,22.0,6761
11.866313098698978,7,5.0,5747
11.866931906623941,8,2.0,5270
11.867139753091225,7,4.0,3687
11.867468227046254,13,1.0,-1090
11.867511565308757,13,1.0,-1478
11.868235851709517,1,1.0,6762
11.868647310208317,7,3.0,5119
11.868817850467515,14,1.0,-1059
11.869066185282588,5,1.0,0
11.869085993128294,9,4.0,5215
11.869337908823772,13,1.0,-1322
11.869558006279641,8,1.0,6556
11.86989869521139,6,2.0,6164
11.86994821603703,7,6.0,5765
11.869960850855762,9,1.0,4269
11.870535823391545,14,6.0,-1551
11.870535823391545,17,6.0,-1551
11.870800139052056,7,2.0,4627
11.870823376118821,14,2.0,-1397
11.871038303408195,7,6.0,5234
11.871533026375758,14,3.0,-1165
11.872046334799775,9,9.0,1384
11.872325624881155,13,3.0,-1776
11.872325624881155,17,3.0,-1776
11.872340618825922,13,1.0,-1161
11.872553327544672,9,10.0,4206
11.872654379827507,13,2.0,-1450
11.873139263236064,1,11.0,6763
11.873786407431476,7,14.0,5741
11.874326411055076,113,25.0,-1150
11.874753296169892,9,3.0,4665
11.874836030713674,1,1.0,6764
11.874962565341352,13,3.0,-1532
11.875257839075319,13,5.0,-1872
11.875362188910792,13,1.0,-1579
11.875362188910792,17,1.0,-1579
11.875774256299911,1,4.0,6765
11.875825558414876,13,1.0,-1186
11.876065458848373,1,6.0,6766
11.876494728419175,14,6.0,-1266
11.876756858300118,7,1.0,3516
11.876931844041925,14,1.0,-1958
11.87738290166084,1,2.0,6767
11.877558822085467,13,1.0,-1351
11.877822176066266,6,22.0,6344
11.87868307985991,7,1.0,3174
11.879113643483786,13,1.0,-1718
11.879113643483786,17,1.0,-1718
11.87922711030344,7,2.0,6229
11.879281582368296,6,1.0,6066
11.879566351114873,14,4.0,-1663
11.879566351114873,17,4.0,-1663
11.880491007650738,13,2.0,-1456
11.88147299722049,7,18.0,3553
11.881547869149788,1,3.0,6768
11.88164638752146,7,1.0,4930
11.882003706689984,14,3.0,-1452
11.882003706689984,17,3.0,-1452
11.882664469556861,13,2.0,-1241
11.882911760376688,7,2.0,4462
11.883091972604463,7,1.0,5510
11.883348058540438,13,15.0,-1981
11.883725269110839,6,5.0,5530
11.884230957927208,8,30.0,5811
11.885100485665758,7,1.0,5682
11.885137637397053,14,9.0,-2060
11.885137637397053,17,9.0,-2060
11.885451938259639,5,1.0,0
11.885939806079437,6,6.0,3227
11.886287244170935,13,1.0,-1771
11.887282206729807,6,2.0,5885
11.887318311543655,7,3.0,5279
11.888193124563962,7,1.0,5949
11.888717162780463,14,1.0,-1733
11.889018206787501,14,3.0,-1814
11.889018206787501,17,3.0,-1814
11.889057159138808,5,1.0,0
11.88980365516838,14,7.0,-1840
11.890126881109051,6,1.0,6565
11.890347884536894,6,2.0,5926
11.891736364520893,8,2.0,6228
11.892308087184663,6,3.0,6620
11.892331828000156,10,38.0,4686
11.892700860208329,9,13.0,3945
11.892882167700579,7,2.0,4330
11.892974479055537,6,4.0,6738
11.893025942661168,5,2.0,0
11.893449766861963,6,11.0,6694
11.893595082081644,9,11.0,4548
11.89362663531013,13,4.0,-1529
11.893706191494024,6,7.0,6238
11.895211292095587,9,15.0,4571
11.89678987674979,5,6.0,0
11.897631777889107,7,2.0,5720
11.897934720962285,13,13.0,-1627
11.898097914961799,14,2.0,-1537
11.898241956888755,5,2.0,0
11.89849136402723,7,1.0,5892
11.898677901861973,7,3.0,5805
11.899408057313208,13,3.0,-1483
11.899408057313208,17,3.0,-1483
11.89957937527922,6,37.0,1585
11.900063581412052,6,3.0,6230
11.900320074003346,8,5.0,4770
11.90042473885183,13,1.0,-1358
11.90042473885183,17,1.0,-1358
11.900605057723716,7,1.0,4651
11.900903148339198,5,4.0,0
11.900968160642334,13,9.0,-1206
11.90160616667434,7,3.0,3822
11.902384049884068,17,3.0,-519
11.902626462404275,7,2.0,4340
11.902886261695024,13,1.0,-1480
11.902973792406941,13,2.0,-1637
11.903354887737414,5,11.0,0
11.903704015284811,13,1.0,-1927
11.903843159561298,13,1.0,-1562
11.903843159561298,17,1.0,-1562
11.904293224797083,1,1.0,6769
11.90455946913569,6,4.0,5654
11.904603027116536,14,4.0,-1563
11.904603027116536,17,4.0,-1563
11.904606863944457,7,10.0,4821
11.904662428559348,9,2.0,4864
11.904837379206684,13,3.0,-1091
11.905033737748731,8,3.0,5664
11.905395097176056,9,5.0,4704
11.905776056104873,9,3.0,5308
11.905827165146771,5,7.0,0
11.90646142950759,8,1.0,5912
11.90655491074723,6,10.0,4966
11.907513513359754,7,1.0,5920
11.908563595638611,6,4.0,6324
11.908840032199379,13,1.0,-1139
11.908864267361812,5,5.0,0
11.90904801178427,1,3.0,6770
11.909278600441214,13,1.0,-1156
11.91075486152684,13,2.0,-2042
11.91075486152684,17,2.0,-2042
11.91081847775288,5,5.0,0
11.911063967140421,6,7.0,5824
11.911367121550214,14,1.0,-1882
11.911652346513671,1,13.0,6771
11.911780525546927,8,2.0,6560
11.911955844527892,6,28.0,5052
11.912725716798288,9,12.0,4952
11.913126801584973,7,6.0,5262
11.913706264595378,6,3.0,6760
11.913938377135517,5,7.0,0
11.914088051877215,1,1.0,6772
11.914497236760107,5,2.0,0
11.914529909465328,5,1.0,0
11.91456317640309,7,1.0,6005
11.914771547200782,13,1.0,-2046
11.91521779675438,1,1.0,6773
11.915419019297712,13,2.0,-1320
11.915419019297712,17,2.0,-1320
11.915446340667545,5,1.0,0
11.915534507195988,5,4.0,0
11.915625945728394,14,5.0,-1422
11.915673928639258,7,4.0,3791
11.915818542873437,5,2.0,0
11.91633591547745,6,4.0,6684
11.916788415399125,6,3.0,6498
11.917182584869835,7,3.0,3816
11.917977560968808,5,1.0,0
11.918378397271685,7,1.0,6057
11.918420534774167,6,17.0,5980
11.919502770079994,7,6.0,6061
11.91974207303761,7,7.0,4981
11.920107857362096,5,5.0,0
11.921249962129423,1,5.0,6774
11.922427964105562,14,3.0,-1225
11.92257840733148,5,20.0,0
11.92295570528666,6,1.0,6743
11.9237815741686,13,1.0,-1330
11.9237815741686,17,1.0,-1330
11.92418890987146,1,2.0,6775
11.924668659367292,5,2.0,0
11.924971566143851,9,2.0,5297
11.925234083489352,1,2.0,6776
11.92550566481796,5,1.0,0
11.925513505572683,14,3.0,-1847
11.926576511208658,1,2.0,6777
11.926751600719316,13,1.0,-1197
11.926857141066883,5,4.0,0
11.927021007617986,13,2.0,-1894
11.927500781768615,8,7.0,6013
11.927570801752342,13,1.0,-2051
11.92929847053226,13,1.0,-1492
11.929416997816832,10,1.0,6455
11.929641715198496,7,4.0,5473
11.93058854662532,14,4.0,-1945
11.930706090761586,9,1.0,2620
11.930710676907806,13,10.0,-1360
11.93121442180042,14,2.0,-2045
11.931634059663663,1,3.0,6778
11.93220887123571,7,6.0,5690
11.932502876758837,14,1.0,-1617
11.933070942224212,6,2.0,6546
11.933095920892185,13,1.0,-1880
11.933095920892185,17,1.0,-1880
11.933504711659893,7,3.0,5417
11.933850162830408,6,3.0,6451
11.933991720415772,5,2.0,0
11.934016415952568,7,1.0,5269
11.935009731445648,7,1.0,5992
11.935693223226137,7,41.0,4607
11.935726061566104,13,1.0,-1307
11.93638650320082,6,31.0,6699
11.936788745132578,14,3.0,-1441
11.937622401176446,7,14.0,4745
11.937651468094922,6,2.0,5910
11.937718090451657,14,30.0,-1566
11.937722783997787,10,9.0,6669
11.937729925069245,13,1.0,-1387
11.937729925069245,17,1.0,-1387
11.938650315405598,6,3.0,6612
11.938974114220388,8,1.0,5964
11.939171479990051,16,2.0,4710
11.939277447245935,1,3.0,6779
11.93934499983116,6,7.0,6407
11.939540525219861,13,1.0,-1941
11.939864503094661,7,1.0,4438
11.93991238611846,7,4.0,5089
11.939933103467265,1,1.0,6780
11.939956804149288,13,9.0,-1209
11.940874286243071,13,1.0,-1174
11.940965181731242,5,3.0,0
11.940985158425573,7,41.0,1573
11.9418282381868,7,7.0,4941
11.942515388393911,6,5.0,6321
11.942796907183709,7,2.0,2041
11.943026389499789,13,18.0,-1668
11.94331032696958,1,1.0,6781
11.94347513027599,5,5.0,0
11.943714891385332,6,9.0,6690
11.944652254219957,113,33.0,-1516
11.945152066354392,14,1.0,-1599
11.945275488328976,5,6.0,0
11.94539098736145,14,3.0,-1710
11.94539098736145,17,3.0,-1710
11.945661394605622,1,1.0,6782
11.945706783324542,1,5.0,6783
11.945945436322393,6,5.0,6282
11.945994959278146,7,2.0,5265
11.946034407255302,14,4.0,-1473
11.946034407255302,17,4.0,-1473
11.94659428724567,6,3.0,4969
11.947097995546361,9,3.0,3923
11.947127943958236,6,2.0,6195
11.94716120815368,5,1.0,0
11.947624460879158,7,8.0,2545
11.947770472972397,6,1.0,5607
11.948083514510067,14,1.0,-1446
11.948192397389821,6,3.0,5847
11.948727375522942,7,48.0,4181
11.949370808078115,8,1.0,5942
11.949606297469563,5,2.0,0
11.949772130494763,6,8.0,3989
11.950072055385332,7,10.0,4667
11.950074838477677,14,3.0,-1389
11.950318572265672,13,4.0,-1740
11.95033090028899,7,6.0,5604
11.95039953570825,1,2.0,6784
11.95052034593063,13,3.0,-1868
11.950534725588604,6,1.0,5715
11.950879608835963,6,1.0,5902
11.950888474770592,6,3.0,6708
11.950918430630956,9,7.0,5459
11.950983194957981,4,50.0,6785
11.951106559344131,7,2.0,6111
11.951603563535445,16,4.0,3609
11.952092509833065,7,4.0,4753
11.952175639835573,1,5.0,6786
11.952314689939021,1,2.0,6787
11.952626424488635,9,5.0,1509
11.95289537629465,7,5.0,6302
11.952969580213692,6,33.0,4223
11.953431855490074,13,1.0,-1938
11.953767028802936,6,13.0,6579
11.954038164582602,12,27.0,3758
11.95422084920741,6,2.0,6424
11.954721018898397,13,1.0,-1199
11.95555946089339,6,2.0,6501
11.955838489642346,14,4.0,-1885
11.955838489642346,17,4.0,-1885
11.956352993209011,14,1.0,-1287
11.957076214456078,6,14.0,6734
11.957748609298148,7,10.0,4341
11.957803134168842,6,2.0,6650
11.957990880793055,5,3.0,0
11.958666182652854,9,55.0,5996
11.959616119401767,7,4.0,4977
11.960892623687236,13,3.0,-1824
11.960945299851705,7,5.0,5356
11.961056518318435,13,1.0,-1963
11.961145195125239,13,3.0,-1496
11.961145195125239,17,3.0,-1496
11.961179325350486,13,4.0,-2078
11.96185777050238,9,3.0,3228
11.961955551727813,6,2.0,6580
11.961961730619779,13,3.0,-1596
11.961961730619779,17,3.0,-1596
11.961998127640113,14,1.0,-1921
11.962036004581286,8,1.0,3982
11.962162297134446,6,1.0,6515
11.962674100703149,6,2.0,6267
11.963089241982411,14,2.0,-1682
11.963112089583369,17,2.0,-1033
11.96336422343905,5,1.0,0
11.963421609109478,5,3.0,0
11.963495087425517,1,6.0,6788
11.963509085955,113,25.0,-1227
11.963536278976688,1,2.0,6789
11.96363768132799,8,1.0,4823
11.963675869511796,14,5.0,-1487
11.963675869511796,17,5.0,-1487
11.964670973690865,8,31.0,6485
11.964971969177682,13,1.0,-2004
11.964971969177682,17,1.0,-2004
11.965162605171383,7,1.0,6233
11.965682537931729,1,14.0,6790
11.967389485429132,6,2.0,6671
11.967423873940572,7,3.0,5552
11.967433680394972,7,3.0,4116
11.967444933392857,5,9.0,0
11.967767267941142,5,1.0,0
11.9678516071943,5,13.0,0
11.967931152379542,1,15.0,6791
11.968147362424054,6,5.0,6632
11.968465547178441,6,2.0,6377
11.968653025335367,7,5.0,5419
11.968915836925733,5,1.0,0
11.969419580387736,9,15.0,4563
11.969561550295621,5,4.0,0
11.96962548123207,13,3.0,-1215
11.96962548123207,17,3.0,-1215
11.96967386359898,7,3.0,3277
11.970312058772828,13,2.0,-1714
11.970312058772828,17,2.0,-1714
11.97056883553596,13,1.0,-1591
11.970856097539217,8,3.0,5966
11.971099186854818,7,3.0,6249
11.971933168305785,14,5.0,-1408
11.97213820567352,7,10.0,4317
11.972190807031641,6,3.0,6585
11.972222012916655,13,2.0,-1709
11.97231824958456,14,6.0,-1964
11.972561268074765,8,5.0,5075
11.97283081322741,9,50.0,3864
11.97287470466531,7,34.0,5668
11.973062621347806,17,4.0,-824
11.97350618990319,8,3.0,1607
11.973536533966763,6,2.0,5925
11.974009359476057,14,2.0,-1281
11.974009359476057,17,2.0,-1281
11.974115204861958,13,1.0,-1524
11.974115204861958,17,1.0,-1524
11.974143417696974,14,3.0,-1609
11.974150125203622,7,2.0,5394
11.974492852516104,6,2.0,6787
11.97459778384401,13,3.0,-2039
11.974749704371018,9,9.0,1550
11.97532954070323,14,4.0,-1604
11.975549343483577,9,9.0,3135
11.975666688351955,6,6.0,6540
11.975814418337372,9,11.0,2260
11.975814576828798,14,1.0,-1670
11.975850882035711,9,3.0,3647
11.975949813909724,6,3.0,6614
11.976068737857366,5,2.0,0
11.976626966004194,9,1.0,6406
11.977060895418303,5,3.0,0
11.977072523216846,14,3.0,-1801
11.977146081317215,8,2.0,5397
11.97715941745231,13,3.0,-1767
11.977286944425622,13,6.0,-1787
11.977379772368355,14,1.0,-1910
11.977496862659171,1,6.0,6792
11.977527521856178,6,5.0,6666
11.97766243703078,1,4.0,6793
11.977985435204586,14,2.0,-1719
11.978854185419213,13,11.0,-1946
11.979176718412958,7,1.0,4752
11.979278129721955,13,5.0,-1464
11.979305792348557,14,2.0,-1520
11.979305792348557,17,2.0,-1520
11.979349930455435,7,5.0,4562
11.979424395217714,1,1.0,6794
11.97956717843,7,6.0,5582
11.979936337240378,13,1.0,-1315
11.980420501624717,8,3.0,4631
11.980508607206133,5,1.0,0
11.981045068556131,5,2.0,0
11.981371212716436,5,6.0,0
11.981803353753316,14,4.0,-1909
11.981803353753316,17,4.0,-1909
11.98183204265518,5,1.0,0
11.98226648331022,6,2.0,5034
11.982315366195557,14,2.0,-2003
11.982655879170022,5,1.0,0
11.983144836646073,6,2.0,6529
11.983983225276823,6,2.0,5556
11.984064134667836,13,2.0,-2029
11.984470122647677,6,4.0,6125
11.985398485842762,13,57.0,-1582
11.985398485842762,17,57.0,-1582
11.985567398274807,6,6.0,5798
11.985712567515428,5,6.0,0
11.985851497406827,13,4.0,-1762
11.9861575247311,5,3.0,0
11.986302152078654,17,9.0,-641
11.986351670342465,8,5.0,4320
11.986425156181005,13,2.0,-1641
11.986872561006129,13,1.0,-1325
11.98721611885694,5,5.0,0
11.987504247313694,1,6.0,6795
11.987584806482303,7,5.0,3975
11.987639238753387,13,1.0,-1362
11.987736514010486,5,4.0,0
11.989112220909297,7,3.0,4544
11.989205966123246,13,2.0,-1240
11.989205966123246,17,2.0,-1240
11.989358283748826,14,4.0,-1515
11.989723112607056,14,8.0,-1623
11.989723112607056,17,8.0,-1623
11.990052212972795,5,4.0,0
11.990135235338784,1,4.0,6796
11.990827060146252,13,1.0,-1659
11.991836666626913,13,6.0,-1247
11.991976984527078,6,8.0,6235
11.992362521594305,6,2.0,4919
11.99245216270391,7,7.0,5542
11.992635373089655,8,2.0,5219
11.993049638437606,1,2.0,6797
11.99338511206166,9,5.0,5338
11.993955420083205,5,3.0,0
11.994231792417827,8,4.0,6488
11.994382761312592,8,2.0,5204
11.994618438694635,13,1.0,-1291
11.994677180895012,6,7.0,6268
11.994900784717048,17,1.0,-66
11.995267666192515,5,10.0,0
11.995396493651867,16,2.0,3330
11.995464191016781,7,1.0,4289
11.99547716717847,9,2.0,5829
11.995601894927903,1,1.0,6798
11.995979471980206,1,6.0,6799
11.996460740195982,7,1.0,4286
11.997017515603964,7,4.0,4835
11.997041060337454,5,4.0,0
11.99762353887715,9,5.0,5873
11.998005639463658,8,5.0,6623
11.998057454953107,3,30.0,6800
11.998282954133389,5,5.0,0
11.998491563513486,7,1.0,5240
11.998547948428689,1,1.0,6801
11.998649762463,1,1.0,6802
11.998668053601435,14,3.0,-1144
11.998942391533204,13,1.0,-1343
11.998942391533204,17,1.0,-1343
11.999157389736693,7,5.0,5990
11.999688271492312,13,2.0,-1176
11.999999195275594,9,2.0,5472
11.999999195275594,16,2.0,5472
12.000234785124787,5,7.0,0
12.000240394373025,7,24.0,3604
12.000295508677636,14,7.0,-2958
12.000560378844163,14,1.0,-2569
12.000741752326949,6,1.0,5367
12.000888461874881,10,3.0,6756
12.00147038779354,7,3.0,5232
12.001952848962526,13,1.0,-2200
12.001974517309252,13,4.0,-2174
12.001981217477274,7,4.0,4095
12.002101839426363,13,1.0,-2228
12.00226382061197,13,13.0,-2226
12.00270328796891,7,2.0,6014
12.002708602405827,8,3.0,4512
12.002812867055978,13,3.0,-2931
12.003219294136937,6,3.0,6117
12.003252184806348,7,7.0,6038
12.003252184806348,16,7.0,6038
12.003418354053036,14,2.0,-2336
12.003675945914893,7,5.0,5296
12.003832476440156,7,11.0,4602
12.003982813431222,6,4.0,6733
12.0042384138452,7,15.0,3426
12.004425179945887,16,3.0,2099
12.004697207104398,13,2.0,-3001
12.004995585550674,6,2.0,6657
12.005074761309526,9,23.0,3142
12.00521119159465,13,3.0,-2895
12.005514821653943,7,8.0,5605
12.005577280535938,13,1.0,-2941
12.005837710908985,13,11.0,-2545
12.005859387323449,13,3.0,-2919
12.0058693698912,7,1.0,3766
12.005997611513333,7,3.0,5299
12.006056976131815,1,1.0,6803
12.006319023946732,6,5.0,3774
12.006732533934057,13,7.0,-2250
12.00678453441998,13,3.0,-2522
12.007058874207928,7,20.0,2565
12.007205314413248,7,36.0,3994
12.007307433253782,6,53.0,2345
12.007485158857316,6,3.0,6703
12.00790472717266,14,2.0,-2787
12.008485816031726,5,1.0,0
12.009509941671759,5,1.0,0
12.009590734324178,16,5.0,915
12.009604606945237,5,6.0,0
12.01033475757354,14,4.0,-2968
12.011384679637898,7,2.0,3033
12.011619810508057,6,53.0,1968
12.011830489019411,7,2.0,5730
12.011830489019411,16,2.0,5730
12.012021496040692,13,1.0,-2600
12.012031928960909,14,4.0,-2338
12.012041890406064,5,4.0,0
12.012054911779092,13,6.0,-2605
12.012229122903747,13,2.0,-2676
12.01286752916486,14,1.0,-2180
12.01339512605774,13,1.0,-2739
12.013708601293425,5,4.0,0
12.013738653881445,7,5.0,5246
12.01377583776923,16,53.0,1256
12.013788907474657,13,1.0,-3036
12.014096176653116,13,1.0,-2585
12.014714179383244,13,1.0,-2361
12.01477356586253,7,2.0,4854
12.014829830322288,7,1.0,6107
12.015324965074344,5,2.0,0
12.015432650933535,2,4.0,6804
12.015458870212075,13,2.0,-2656
12.015462679036773,6,9.0,5287
12.01557915618059,13,1.0,-3048
12.016218630792881,7,30.0,5059
12.016342881530273,13,2.0,-2212
12.017072538639352,13,5.0,-3062
12.017445778667176,13,3.0,-2469
12.017612669619778,9,6.0,5391
12.017835245517585,8,8.0,4716
12.017932733016323,6,5.0,6509
12.018329793482506,7,8.0,4547
12.018417755429367,5,5.0,0
12.01866629566807,7,1.0,6154
12.018918919472238,18,,0
12.019021994738218,101,4.0,6805
12.019022789520253,6,5.0,6054
12.019032711200385,7,48.0,3230
12.019415236957078,11,53.0,2974
12.01946256560718,13,2.0,-3099
12.019792790423926,7,3.0,4947
12.019808899355253,5,3.0,0
12.02061791821844,1,22.0,6806
12.021121228802173,13,3.0,-2644
12.021701475698237,1,2.0,6807
12.02192653800198,9,2.0,4893
12.022315494090833,13,22.0,-2806
12.022549420806826,9,5.0,4770
12.022845837724672,13,1.0,-3081
12.02288423287279,13,1.0,-2985
12.022955019508947,13,1.0,-2162
12.023071667806358,1,1.0,6808
12.023206070640082,13,2.0,-3041
12.023266796595875,5,3.0,0
12.02327784374746,8,3.0,5791
12.023688500915538,9,2.0,4880
12.02420001825777,5,7.0,0
12.02425173168047,6,8.0,6385
12.024729191455874,2,3.0,6809
12.025040256249026,6,8.0,6315
12.025102803140637,13,5.0,-2729
12.025360039084298,7,52.0,6098
12.026158004699555,13,9.0,-2949
12.026382177472403,13,2.0,-2478
12.026467194801432,7,6.0,4242
12.026506816337506,13,2.0,-2707
12.02688104888806,5,2.0,0
12.027345345338686,6,1.0,6243
12.027460757576403,1,1.0,6810
12.027816406719177,15,4.0,-428
12.027870134443258,6,6.0,6717
12.028130075060083,9,8.0,1431
12.029200193728245,13,1.0,-2298
12.029218772800313,113,51.0,-3057
12.02922852700264,7,7.0,4188
12.02965952587098,6,1.0,6673
12.030123298730754,13,13.0,-2663
12.030185866924993,7,2.0,6388
12.030529028864756,7,2.0,3798
12.030569149578188,5,3.0,0
12.03101138495219,7,18.0,5639
12.031504260370943,9,1.0,5195
12.031766078321537,113,45.0,-3049
12.032522554030178,8,7.0,6238
12.032531832046011,9,6.0,5359
12.032671367927156,6,2.0,6697
12.032737370555537,1,2.0,6811
12.03275191507226,5,1.0,0
12.033013966772494,7,2.0,3474
12.033685302219547,13,4.0,-2385
12.034648032688908,13,43.0,-2705
12.036008367787483,13,4.0,-2487
12.036504947000275,5,4.0,0
12.03676510378118,7,2.0,4149
12.036860149193258,14,4.0,-2850
12.037340653236306,18,,0
12.03739050497047,102,17.0,6812
12.038568121415413,6,18.0,6644
12.038834340742007,7,1.0,5065
12.039626053437521,7,1.0,4366
12.03965535392184,7,1.0,5756
12.039697838597489,7,6.0,4454
12.041052828538223,13,3.0,-2809
12.04111233733164,1,7.0,6813
12.041230833743224,1,2.0,6814
12.041291319784733,5,7.0,0
12.041502367685156,13,3.0,-2847
12.041508507930574,7,4.0,5736
12.04159703267882,6,1.0,6276
12.0418320330879,113,47.0,-2981
12.041860013403317,1,5.0,6815
12.042412862848611,13,4.0,-2896
12.042516421834353,14,1.0,-2777
12.04252092107947,6,18.0,6554
12.042734434137238,8,1.0,4863
12.042955719675327,13,1.0,-2329
12.043173515643245,13,1.0,-2236
12.043173515643245,17,1.0,-2236
12.043745809072819,6,7.0,6547
12.043777232729306,13,1.0,-2457
12.043890451302492,7,5.0,3162
12.044049203144525,6,2.0,6056
12.044460592630482,2,31.0,6816
12.044611511897807,7,8.0,6121
12.044622627120207,10,50.0,6785
12.04475217893046,1,1.0,6817
12.04495556749656,14,2.0,-2915
12.045155671569352,13,3.0,-2429
12.045562529407476,7,3.0,5328
12.045648012329716,13,1.0,-2791
12.04567376842816,14,14.0,-2781
12.045754633386068,9,3.0,4631
12.04701268705814,13,1.0,-3065
12.047084465228155,13,1.0,-2711
12.047149401256696,7,17.0,4412
12.047677921036081,7,12.0,5200
12.047808422992526,7,3.0,5100
12.048269140472549,13,1.0,-3090
12.048269140472549,17,1.0,-3090
12.048661252309227,13,1.0,-2305
12.048661252309227,17,1.0,-2305
12.048872510841825,8,6.0,5506
12.049974391346137,1,9.0,6818
12.050359267405709,6,4.0,6716
12.050492816440697,6,7.0,6563
12.050714856253178,13,1.0,-2160
12.050795774379036,5,2.0,0
12.05126259029084,6,8.0,5911
12.051449211442428,3,9.0,6819
12.051663491658,9,27.0,3758
12.051745843717468,8,3.0,6068
12.051895806114679,13,6.0,-2907
12.052320260801174,7,2.0,5583
12.052572483363022,7,1.0,6533
12.053097444312083,13,3.0,-2227
12.05320461209676,13,6.0,-2146
12.053508078899954,13,6.0,-2723
12.053720085017616,7,9.0,5147
12.054197743369027,7,2.0,4619
12.054222728080783,7,9.0,4265
12.054441474271366,1,3.0,6820
12.054481054445974,14,14.0,-2392
12.054650562648892,7,3.0,4476
12.054816638980881,1,3.0,6821
12.055399018617052,7,44.0,5054
12.055409179587453,10,9.0,6819
12.056822393548988,6,6.0,6610
12.056967497951486,7,5.0,6029
12.056979739048344,7,3.0,4059
12.05707688258045,1,4.0,6822
12.057192772259793,1,14.0,6823
12.057362701300963,13,1.0,-2991
12.057362701300963,17,1.0,-2991
12.05766015695556,1,1.0,6824
12.057684184041763,13,6.0,-2153
12.057691572596285,5,7.0,0
12.057772516210079,14,2.0,-2417
12.058378597630252,7,2.0,5116
12.059595401870373,5,1.0,0
12.05970851522576,14,11.0,-2858
12.06042517379889,6,13.0,4258
12.060768694406287,7,1.0,4433
12.060921757538168,7,4.0,5558
12.06103657349437,6,11.0,4203
12.06119823677191,6,1.0,6715
12.061356002704608,3,58.0,6825
12.061385720607166,13,1.0,-2888
12.061385720607166,17,1.0,-2888
12.061524378901366,7,15.0,4346
12.061735420648887,2,2.0,6826
12.062024866845832,14,2.0,-2277
12.062024866845832,17,2.0,-2277
12.06254534121789,8,2.0,6397
12.062607352882646,1,3.0,6827
12.06279591535641,13,4.0,-2193
12.062829569195666,7,2.0,4679
12.063106062574477,13,4.0,-2884
12.063164723131097,5,3.0,0
12.063305994202262,17,1.0,-1913
12.063440527721646,13,1.0,-2159
12.063663911511519,7,25.0,3491
12.063853655459011,14,5.0,-3037
12.06453683941638,13,3.0,-3119
12.064797907369462,7,3.0,3358
12.064887171187205,7,4.0,5152
12.064964773069347,13,1.0,-3089
12.065048647424918,14,4.0,-2346
12.065297691816747,13,1.0,-3109
12.06531270182926,7,5.0,5666
12.06532465421719,5,4.0,0
12.065393198560947,9,13.0,4907
12.065580996231457,7,6.0,4100
12.065725961556234,6,2.0,6814
12.066518792055783,1,3.0,6828
12.066610058421919,7,11.0,4295
12.066705894267484,13,2.0,-2988
12.066705894267484,17,2.0,-2988
12.066726273317355,7,2.0,5568
12.067913758172754,7,5.0,5735
12.06820358566572,6,1.0,4809
12.068228899657797,6,1.0,6611
12.068551887355005,7,42.0,2855
12.06857441525254,13,3.0,-3059
12.069066470674779,7,2.0,5889
12.069750105837377,7,30.0,4323
12.06980750634434,1,1.0,6829
12.06988027389939,13,1.0,-2379
12.070006612402707,5,1.0,0
12.070487804597029,16,6.0,3714
12.070671536310668,7,2.0,4920
12.071166092830971,7,2.0,5275
12.07117805446965,13,1.0,-2425
12.071880487991214,13,2.0,-2383
12.072795642643907,6,2.0,6811
12.072799633454604,14,2.0,-2922
12.072817950350679,5,1.0,0
12.072850943267483,14,7.0,-2124
12.073095847322495,14,2.0,-2819
12.073542319648862,1,17.0,6830
12.073768468969536,6,5.0,6323
12.073837330709438,7,9.0,4271
12.07406555153873,5,1.0,0
12.074298791015318,5,3.0,0
12.07449711350909,14,27.0,-2924
12.07449711350909,17,27.0,-2924
12.075409721440014,6,1.0,6721
12.075742600356087,7,1.0,5017
12.075744831140584,9,1.0,4804
12.076059026208954,13,2.0,-2448
12.076333511516843,13,2.0,-2281
12.076433337965572,8,6.0,5280
12.076560353346572,6,25.0,4810
12.076628035414364,8,3.0,5606
12.07668253775969,13,2.0,-2503
12.07668253775969,17,2.0,-2503
12.07689334153892,5,1.0,0
12.076955786116393,6,4.0,6660
12.077292776276519,7,2.0,5700
12.07764583719393,13,2.0,-2572
12.077762367173666,14,2.0,-2533
12.07790458459297,7,10.0,5233
12.077965724425887,13,1.0,-3019
12.077965724425887,17,1.0,-3019
12.078027768967411,7,1.0,5988
12.078034377691669,1,2.0,6831
12.078719538746016,7,4.0,5579
12.078865709326761,14,4.0,-2925
12.079046394117793,7,20.0,3420
12.08032248674172,6,7.0,6459
12.080658135213488,13,1.0,-3130
12.080659405975224,14,6.0,-2231
12.080770564979057,9,5.0,5434
12.080786592596741,1,6.0,6832
12.081209152206753,6,3.0,4765
12.081695393153185,7,5.0,6115
12.081719539935609,8,4.0,6043
12.081963267759962,13,20.0,-2650
12.082333469159394,7,47.0,2764
12.082539208711193,7,5.0,4685
12.082909936898345,14,3.0,-2270
12.082909936898345,17,3.0,-2270
12.082910469168153,13,49.0,-2399
12.082970640958782,6,1.0,5764
12.083047471656695,8,5.0,6386
12.083096574816905,14,1.0,-3093
12.083393123298011,13,14.0,-2273
12.083438923979346,16,1.0,6003
12.083882830214366,7,2.0,5545
12.084200137432315,9,6.0,5865
12.084388415417045,14,3.0,-2433
12.084531255835879,17,2.0,-1124
12.085085573793757,7,1.0,3103
12.085359595979346,6,14.0,6626
12.085958387653836,8,4.0,5761
12.086094888815342,1,18.0,6833
12.087037001908474,7,3.0,6437
12.087110559580497,13,5.0,-2322
12.08759895212534,7,10.0,6022
12.088080076406811,5,3.0,0
12.088264487660458,5,5.0,0
12.088463927392507,13,1.0,-3088
12.088587414116814,14,6.0,-2467
12.088854223282997,5,3.0,0
12.088922576308633,7,1.0,5176
12.089118978119034,7,2.0,3202
12.089509318097889,9,2.0,4587
12.090008960341805,7,13.0,5834
12.090814895900413,9,1.0,5655
12.091090832703468,7,6.0,5515
12.091138013650868,5,6.0,0
12.091200840226842,7,14.0,5960
12.091220516587308,5,6.0,0
12.091238317103622,7,8.0,4707
12.091245748046388,7,3.0,4884
12.09125594564564,7,53.0,4612
12.091722976890235,14,2.0,-2109
12.092215071137938,14,4.0,-2696
12.092691872565533,9,6.0,3119
12.092859345404472,7,7.0,6053
12.092880638988438,5,3.0,0
12.093280158925806,7,3.0,5581
12.093895054782559,7,7.0,5962
12.094185333929026,1,1.0,6834
12.094253194151838,13,7.0,-2359
12.094391075394824,13,2.0,-2948
12.09442489902259,9,1.0,4863
12.094872445907061,7,59.0,4996
12.09489558410562,13,4.0,-2594
12.095381606116941,13,1.0,-3072
12.095381606116941,17,1.0,-3072
12.095485796765496,5,2.0,0
12.095784915503177,1,1.0,6835
12.09599849706354,14,1.0,-2506
12.096638647016002,7,1.0,4803
12.096798289960605,7,1.0,5464
12.09724228488004,7,7.0,6059
12.097442800853209,13,2.0,-2464
12.098156386690052,1,6.0,6836
12.098450189384948,13,1.0,-3129
12.098455061414697,7,1.0,5351
12.098819408512863,17,8.0,-1650
12.098857109534833,13,10.0,-3029
12.098901161873865,7,15.0,4830
12.098927798251077,13,1.0,-2374
12.099073796838086,8,5.0,5362
12.09910617395689,5,6.0,0
12.099178096431416,6,1.0,6292
12.09964193762564,6,2.0,6746
12.100132649650778,13,3.0,-2940
12.100217632316852,7,1.0,5636
12.101120928728593,6,9.0,6589
12.101203270983833,1,6.0,6837
12.10254898262052,1,9.0,6838
12.102740952134798,7,3.0,5330
12.104020257041721,13,1.0,-2622
12.1041698133878,5,3.0,0
12.10426187931712,6,2.0,6831
12.10451934376472,8,8.0,5470
12.104523568245133,9,30.0,2596
12.10479352750067,7,1.0,4451
12.105071423195815,14,1.0,-2590
12.105121999355193,8,1.0,6214
12.10515289913589,17,11.0,-1657
12.105309466905505,13,2.0,-3026
12.105311663300858,1,6.0,6839
12.105777309915565,13,1.0,-2152
12.106459319676855,7,19.0,5858
12.106573847803062,1,2.0,6840
12.10675251597397,7,4.0,4827
12.10678437332547,7,6.0,4192
12.107259168861678,6,3.0,6603
12.10734312949692,14,1.0,-2831
12.10734312949692,17,1.0,-2831
12.107528266080172,13,2.0,-2609
12.107528266080172,17,2.0,-2609
12.10773537952594,6,3.0,6704
12.108195421839829,13,13.0,-3112
12.10829400517416,7,3.0,5677
12.108552580288451,7,54.0,1245
12.109552163731559,13,3.0,-2960
12.110067566337364,6,3.0,6778
12.110096402351015,14,1.0,-2199
12.110096402351015,17,1.0,-2199
12.110170800840299,17,7.0,-652
12.110276645097464,8,2.0,6599
12.110810654720371,6,2.0,6702
12.111330366237297,13,7.0,-2752
12.111399206978097,17,3.0,-216
12.11145137926441,13,1.0,-2353
12.111729046639288,5,7.0,0
12.111821469258851,6,3.0,6720
12.111835465605516,6,1.0,6266
12.1121503389007,7,5.0,3867
12.112420874758019,6,9.0,6099
12.11269284206682,7,51.0,4876
12.113130901442165,9,30.0,5811
12.113185013463388,5,1.0,0
12.113626805132771,5,7.0,0
12.113674929769514,5,8.0,0
12.113863699983991,5,19.0,0
12.114706678972286,7,2.0,5762
12.115998457334353,5,1.0,0
12.11634049478002,7,1.0,5965
12.116775270524148,7,6.0,1500
12.116797187726377,8,6.0,4793
12.11681059347204,1,1.0,6841
12.117210437030371,6,14.0,6506
12.11789844073874,13,2.0,-2849
12.11789844073874,17,2.0,-2849
12.118143849058859,5,1.0,0
12.118472415882813,9,8.0,5706
12.118500415553445,13,23.0,-2113
12.118730926627864,13,2.0,-2881
12.119510488215186,13,1.0,-2630
12.119727306425471,6,1.0,5467
12.11975349666442,6,6.0,5672
12.120359867948256,7,6.0,5936
12.120431568051089,7,2.0,4572
12.120595862269665,6,23.0,4717
12.120814457303817,7,3.0,6089
12.122447500504117,9,15.0,6126
12.122497660365783,7,3.0,4316
12.122721876316806,13,1.0,-2625
12.122892419054436,12,51.0,6625
12.12295445669716,5,1.0,0
12.123116350221055,13,2.0,-3113
12.123241938397094,5,9.0,0
12.123698987750203,8,8.0,5211
12.12383329074071,13,1.0,-2555
12.124276425769207,14,3.0,-2697
12.124301508967338,1,1.0,6842
12.125053034837608,8,5.0,6548
12.126158696307925,9,46.0,4339
12.126163636888078,6,1.0,6773
12.126240725263024,7,2.0,5332
12.126609110561319,6,3.0,6479
12.126779410434164,6,3.0,6168
12.126829184927677,13,1.0,-3122
12.127065262225756,9,47.0,5242
12.127778434159918,5,1.0,0
12.127839977945698,1,2.0,6843
12.128007522351655,7,2.0,5625
12.128084424368714,8,2.0,4919
12.128264658379134,6,5.0,6522
12.128604775869626,17,1.0,-389
12.128774393431506,14,10.0,-2864
12.129069397036005,7,4.0,5866
12.129228594805046,1,6.0,6844
12.129288382913755,7,1.0,5202
12.130395690614966,17,1.0,-87
12.13076311289398,7,1.0,3940
12.131042768977336,7,5.0,3809
12.131096577267385,9,7.0,3780
12.131357703523252,14,1.0,-2613
12.131357703523252,17,1.0,-2613
12.132019743578937,7,33.0,4938
12.132208722050807,13,5.0,-2932
12.132552102560586,14,1.0,-2116
12.132552102560586,17,1.0,-2116
12.132670069440323,9,3.0,4624
12.132787565550439,6,2.0,6197
12.133110839486498,13,2.0,-2756
12.133149628900286,8,1.0,5355
12.133209730436054,14,8.0,-2842
12.133209730436054,17,8.0,-2842
12.133493785587257,6,1.0,6842
12.133523501808142,6,12.0,6462
12.133947702665527,7,3.0,4747
12.134696445076713,7,3.0,6150
12.134792799645036,13,1.0,-2340
12.135225604203045,13,3.0,-2876
12.135271703385252,1,1.0,6845
12.135586315977998,14,2.0,-2833
12.136026119854563,16,1.0,1548
12.136027279225686,7,6.0,5954
12.136318548089896,7,10.0,6160
12.136576443404318,14,3.0,-3149
12.138287401105462,17,19.0,-582
12.138583574627061,8,11.0,5908
12.13860564217752,13,3.0,-2556
12.13940288694592,1,3.0,6846
12.139441021559257,14,6.0,-2241
12.139553726799646,5,5.0,0
12.139799170104634,9,60.0,4027
12.140126323758931,17,7.0,-447
12.140293616773437,14,3.0,-2541
12.141529060613607,5,1.0,0
12.141550240090885,7,2.0,5235
12.14165690086816,6,3.0,5389
12.141819983434111,6,7.0,6270
12.1419672295982,6,1.0,6618
12.142013059575635,113,40.0,-2682
12.14236662327119,6,6.0,6617
12.14250001925692,5,4.0,0
12.14253988237552,13,1.0,-2254
12.143197367026563,9,4.0,5877
12.143436041884335,6,2.0,6531
12.143656468445844,8,21.0,6264
12.143761629018964,7,5.0,1985
12.144038342072863,10,6.0,6032
12.14461799599486,16,1.0,4683
12.144788865384902,13,2.0,-2315
12.144799668216875,13,6.0,-2740
12.146032470827683,13,14.0,-2610
12.146032470827683,17,14.0,-2610
12.146534685362791,1,2.0,6847
12.146619929620789,14,3.0,-2763
12.146817801076434,6,11.0,4859
12.14687585776228,7,2.0,2631
12.146998662870505,14,2.0,-2233
12.146998662870505,17,2.0,-2233
12.147773148459036,13,3.0,-2872
12.147881823687488,2,40.0,6848
12.148179010062483,6,24.0,6153
12.148636646943437,7,2.0,4780
12.148832396426002,1,1.0,6849
12.148844581429067,14,7.0,-2974
12.148844581429067,17,7.0,-2974
12.148974222760074,14,4.0,-2885
12.149044119166396,6,1.0,6338
12.149176949098297,5,3.0,0
12.149623101464858,9,1.0,5435
12.150062702674601,13,4.0,-2632
12.150421299385446,6,14.0,6570
12.150798185365705,13,2.0,-2817
12.151373911444034,13,2.0,-3027
12.151554944727582,8,2.0,5379
12.151617407308764,1,1.0,6850
12.15194534068739,14,3.0,-2188
12.152410623871772,14,2.0,-2917
12.152501498064186,7,9.0,4806
12.152660751421738,13,3.0,-2179
12.15290704887141,7,1.0,5139
12.152954668823421,8,2.0,6267
12.153316525827304,14,3.0,-2853
12.153316525827304,17,3.0,-2853
12.154028656712578,7,4.0,5433
12.154248918722336,6,2.0,1117
12.154254643501787,113,39.0,-2591
12.154279598211668,7,4.0,6082
12.154847000107612,6,6.0,6513
12.155456479049084,7,2.0,4567
12.155457701271496,13,3.0,-3148
12.155960394606398,2,1.0,6851
12.156783811373964,6,13.0,6751
12.1568408030465,5,2.0,0
12.156888144429715,14,1.0,-2643
12.156888144429715,17,1.0,-2643
12.157425634202427,7,1.0,6532
12.157446749374067,7,6.0,5005
12.157471929343014,9,5.0,3335
12.15764656816303,6,1.0,6741
12.157677056694961,9,1.0,5810
12.158177260538677,14,4.0,-2989
12.15836623753175,7,32.0,6301
12.158381890141486,13,1.0,-2578
12.158381890141486,17,1.0,-2578
12.159064298561052,7,3.0,5659
12.159433561196375,6,2.0,6789
12.159967558232127,14,3.0,-2543
12.160148181192724,5,1.0,0
12.160255902948219,14,2.0,-3034
12.160424397879057,13,13.0,-2198
12.160424397879057,17,13.0,-2198
12.160462946465989,6,5.0,6151
12.16056361982608,13,12.0,-2795
12.160890595769096,5,4.0,0
12.16134296789644,14,6.0,-2844
12.161456244166544,7,2.0,5987
12.161601005767961,1,5.0,6852
12.16164541019017,13,2.0,-2880
12.16173938281149,7,7.0,4924
12.161946573766011,1,2.0,6853
12.16199881716844,7,1.0,4491
12.16221766635654,5,2.0,0
12.162570332579115,11,18.0,4482
12.162735625236515,17,3.0,-1828
12.163344040115414,13,2.0,-2300
12.163415494172508,14,40.0,-2648
12.164022330836598,7,9.0,4459
12.164070851739849,7,13.0,6291
12.164079408450228,6,6.0,6490
12.164120625642713,9,2.0,5649
12.164591261176533,13,3.0,-2862
12.164591261176533,17,3.0,-2862
12.164603507922163,6,4.0,6127
12.16488732263453,7,3.0,3703
12.16538110008057,3,46.0,6854
12.165775051898684,8,4.0,5161
12.16606694520704,5,7.0,0
12.16630337969513,7,2.0,4650
12.166830270491552,13,2.0,-2903
12.166830270491552,17,2.0,-2903
12.16696053495269,8,2.0,5919
12.167074732456996,7,12.0,1882
12.167144789454726,7,16.0,6173
12.167337817012431,7,11.0,4043
12.16768985432271,1,8.0,6855
12.167868281073014,1,3.0,6856
12.168016364170946,6,3.0,6567
12.168380280014626,6,6.0,6672
12.168527149447614,14,3.0,-2243
12.168635680298971,14,1.0,-3076
12.168762934556598,5,1.0,0
12.169171777587984,5,3.0,0
12.169306886232611,13,2.0,-2434
12.170103091474674,1,1.0,6857
12.170226422790698,13,3.0,-2437
12.170288012083054,7,3.0,6220
12.170309294351874,6,46.0,4843
12.170531649173604,7,3.0,3438
12.170948412624146,7,1.0,2763
12.171397487700933,9,13.0,4201
12.171452095882126,17,1.0,-405
12.171681361741564,5,4.0,0
12.171828472616639,14,3.0,-3025
12.171844609611249,7,44.0,4285
12.172012130829069,1,1.0,6858
12.172020814768242,1,1.0,6859
12.172625087692294,13,1.0,-2728
12.172656444373356,13,3.0,-3085
12.173294104590642,9,15.0,5286
12.173331210387808,7,6.0,4829
12.173573466386767,6,6.0,4905
12.173841503862246,6,1.0,6829
12.17404445827215,7,13.0,4525
12.174481364309468,13,6.0,-3024
12.174481364309468,17,6.0,-3024
12.17460276067404,13,2.0,-2899
12.174755900671283,6,9.0,5927
12.174821479668676,13,6.0,-2861
12.174886963226523,8,11.0,5767
12.174999831105344,1,7.0,6860
12.175076330823975,6,3.0,6077
12.175111164982031,1,2.0,6861
12.175147529505852,13,4.0,-2602
12.175349279347403,13,1.0,-2368
12.175349279347403,17,1.0,-2368
12.17581383437833,5,2.0,0
12.175830774732564,7,3.0,4422
12.176286313945289,9,1.0,5964
12.176406692623914,6,5.0,6692
12.176810140797738,13,2.0,-2603
12.177675635636376,13,1.0,-2313
12.177751542609265,5,4.0,0
12.178142627093752,13,7.0,-2261
12.1782728056784,1,9.0,6862
12.178672477951467,13,2.0,-3023
12.178672477951467,17,2.0,-3023
12.17883586052587,13,1.0,-2637
12.17884693605671,6,3.0,6497
12.17962111909158,14,4.0,-2700
12.18042566739359,14,11.0,-2559
12.180715855984232,6,8.0,6241
12.1808732304889,5,1.0,0
12.181024198827213,1,2.0,6863
12.181095483098048,13,1.0,-2741
12.1822509918476,8,1.0,5641
12.182762334850421,13,1.0,-2157
12.182868792108188,6,17.0,6647
12.182942230175561,1,2.0,6864
12.183590976077637,14,1.0,-2232
12.183801922195512,7,1.0,4177
12.183945568331792,17,2.0,-957
12.18395032863068,6,5.0,6719
12.18435045647467,14,3.0,-2982
12.184678516288654,13,2.0,-2633
12.184678516288654,17,2.0,-2633
12.18476091349427,1,9.0,6865
12.185431479106505,9,11.0,5819
12.185447600145661,7,1.0,5617
12.185528240305471,5,3.0,0
12.186352717885255,5,9.0,0
12.186409788317604,6,5.0,5718
12.18662398664156,8,3.0,6161
12.18672978759996,14,4.0,-3042
12.18672978759996,17,4.0,-3042
12.18673455634377,7,1.0,6449
12.18680589156917,5,56.0,0
12.18684555933082,5,2.0,0
12.18696943223415,13,2.0,-2407
12.187586782098029,9,59.0,3120
12.187879062386441,3,53.0,6866
12.187918911766191,1,4.0,6867
12.188077237868214,14,4.0,-2562
12.188095446117911,13,2.0,-3017
12.188095446117911,17,2.0,-3017
12.188626382529941,13,5.0,-2946
12.188626382529941,17,5.0,-2946
12.189107402471581,7,3.0,4757
12.190097282404409,9,23.0,6129
12.190109664175134,6,6.0,6481
12.190416290730877,13,2.0,-2834
12.190474334993652,7,6.0,4235
12.190595452199151,7,25.0,5036
12.190783130588425,13,4.0,-2890
12.190783130588425,17,4.0,-2890
12.191206620287584,113,38.0,-2278
12.191744412238126,7,2.0,6568
12.191836012975761,14,1.0,-2628
12.191893307091695,1,17.0,6868
12.192166008337452,6,2.0,4783
12.192294999529087,14,3.0,-2877
12.19308832795377,7,1.0,5084
12.193319964787253,4,1.0,6869
12.193680635139257,9,12.0,6499
12.193721369499167,1,8.0,6870
12.193743536931052,5,1.0,0
12.193745498808118,13,3.0,-2972
12.193745498808118,17,3.0,-2972
12.193786526768505,13,1.0,-3150
12.194918024332978,13,2.0,-2993
12.194951473685599,14,2.0,-2108
12.19526935565119,7,14.0,6191
12.195397839845555,6,2.0,1170
12.196246959277662,13,18.0,-2508
12.196447239236829,1,5.0,6871
12.197119840167408,1,1.0,6872
12.197217241991615,13,2.0,-2418
12.197734579190959,13,4.0,-2460
12.197855569136662,7,1.0,4360
12.198617885399125,9,45.0,3090
12.198843748037676,5,1.0,0
12.198989887612852,14,1.0,-2271
12.198989887612852,17,1.0,-2271
12.199053740107768,13,1.0,-2668
12.19945040434417,6,4.0,6543
12.199532901697072,13,1.0,-3051
12.199792216474616,7,6.0,4319
12.199842053653539,13,8.0,-2660
12.19998031840462,7,2.0,3802
12.20009163005551,9,11.0,3775
12.201195140183495,13,1.0,-2352
12.20122584550262,6,2.0,6505
12.20133261273534,7,1.0,4312
12.201357976774846,13,3.0,-2121
12.201435163583048,1,9.0,6873
12.201507702586607,6,7.0,6399
12.201525789828905,14,2.0,-2694
12.201525789828905,17,2.0,-2694
12.2017072164566,9,1.0,4882
12.20212358700959,13,1.0,-2269
12.202151173453593,13,3.0,-2509
12.20242502110356,13,10.0,-2459
12.203790490480118,7,1.0,4342
12.203791221334532,7,4.0,5267
12.204067199516283,6,4.0,6600
12.204121901599287,14,4.0,-3033
12.20442244932416,13,2.0,-2419
12.20442244932416,17,2.0,-2419
12.204687154362833,7,50.0,5710
12.204854021522934,8,14.0,6608
12.205239459970606,1,5.0,6874
12.205472614162577,1,1.0,6875
12.20581467231292,5,5.0,0
12.205898911079506,1,1.0,6876
12.206205735701186,5,3.0,0
12.206324175901743,7,1.0,3134
12.20653648137592,13,11.0,-2189
12.20653648137592,17,11.0,-2189
12.206686013370003,7,2.0,5794
12.207327084658765,13,3.0,-2554
12.20742449782105,14,1.0,-2376
12.208272435126728,6,2.0,6478
12.208442762821067,6,2.0,5627
12.208450954465434,1,3.0,6877
12.208860616825032,7,11.0,4270
12.208979347946523,6,15.0,6791
12.209548288110842,17,6.0,-1990
12.209836571243487,8,1.0,4293
12.210075724309835,1,1.0,6878
12.21055072812821,1,5.0,6879
12.21056672052732,13,1.0,-2773
12.210617598587392,5,2.0,0
12.210631908563936,17,1.0,-783
12.210944841483037,14,2.0,-2992
12.211458118320964,13,1.0,-2497
12.211906922336343,6,4.0,6231
12.212640082534515,7,2.0,4689
12.212718501977331,9,3.0,4056
12.212754469364661,6,3.0,6779
12.212857897427691,5,4.0,0
12.212925889545255,14,2.0,-2155
12.2132717796127,6,2.0,5875
12.21431574134625,5,3.0,0
12.214362098135604,13,36.0,-3083
12.214444526077884,7,34.0,3219
12.214803245131424,7,4.0,4389
12.214922980220342,6,3.0,6828
12.214928471959958,113,36.0,-2737
12.215031067697634,4,25.0,6880
12.21558511579205,7,3.0,4844
12.215757914796392,13,2.0,-2978
12.215757914796392,17,2.0,-2978
12.215837158157276,6,16.0,6369
12.215861737908856,113,51.0,-2546
12.216048391118624,7,2.0,6188
12.216316664953231,5,7.0,0
12.216796988347209,7,16.0,5642
12.217175042430693,7,3.0,3892
12.217426734723185,1,2.0,6881
12.217562898652254,1,3.0,6882
12.217742096203315,14,17.0,-2292
12.217742096203315,17,17.0,-2292
12.218323275094342,7,7.0,5206
12.219008687027781,6,7.0,5372
12.219606911668743,5,6.0,0
12.219685055751784,1,2.0,6883
12.21972580828322,113,60.0,-2339
12.220430737507337,13,1.0,-2800
12.220430737507337,17,1.0,-2800
12.22048612467852,1,2.0,6884
12.220579625666097,5,4.0,0
12.22083083207534,6,3.0,6770
12.220844716230852,8,3.0,4785
12.221320918035028,13,1.0,-2439
12.221649536347611,13,1.0,-2462
12.221681338699847,1,16.0,6885
12.221911767212166,7,3.0,5461
12.221977261686229,13,8.0,-2302
12.222268218177492,6,1.0,5900
12.222882900991003,7,4.0,3852
12.223017037051047,14,1.0,-2397
12.223239914982951,7,1.0,5496
12.223601649038528,5,1.0,0
12.223615697345037,7,1.0,3243
12.223716192831839,13,3.0,-2702
12.223837297363136,7,3.0,5678
12.224210970767754,14,7.0,-2150
12.224334370175171,13,1.0,-2454
12.22460437058662,7,1.0,5930
12.224648053214253,14,2.0,-2284
12.225252286257323,7,13.0,4050
12.225510038827723,6,3.0,6403
12.225574351492625,9,5.0,6180
12.225886817488114,14,6.0,-2550
12.226475923861392,5,1.0,0
12.227095073357347,10,53.0,6866
12.227795335827226,6,2.0,5851
12.227853743526857,13,4.0,-2175
12.227853743526857,17,4.0,-2175
12.227973129985912,14,4.0,-2768
12.227973129985912,17,4.0,-2768
12.22832938636185,13,1.0,-2779
12.22832938636185,17,1.0,-2779
12.228410628107753,13,1.0,-3063
12.228416553276938,13,10.0,-2956
12.228416553276938,17,10.0,-2956
12.228470198835627,13,1.0,-2557
12.22915703431315,13,35.0,-2149
12.230063849570785,5,3.0,0
12.230476364236264,14,5.0,-2726
12.231193881164998,13,14.0,-2832
12.231208503493459,8,3.0,6498
12.231326765727298,14,1.0,-3105
12.231379394201452,5,1.0,0
12.231521615818682,1,4.0,6886
12.231648702943975,6,1.0,6558
12.231698588987811,13,4.0,-2191
12.231698588987811,17,4.0,-2191
12.232440658328974,8,6.0,6271
12.232721106363323,13,5.0,-2627
12.23486675886867,13,1.0,-2654
12.23486675886867,17,1.0,-2654
12.235659679598266,13,2.0,-2525
12.235879591118007,9,2.0,4756
12.236716132312752,13,1.0,-2646
12.236716132312752,17,1.0,-2646
12.237037459318781,13,6.0,-2838
12.237134200078405,1,3.0,6887
12.237446522247438,7,56.0,2880
12.237500518443374,6,2.0,5375
12.237548128232831,7,9.0,3183
12.237735776222195,13,1.0,-3082
12.23784844537022,13,1.0,-2900
12.23784844537022,17,1.0,-2900
12.237881579470644,5,14.0,0
12.238219588423071,13,13.0,-2912
12.238404549553632,17,1.0,-1109
12.238562808753422,6,16.0,6740
12.239429041780543,9,4.0,5303
12.239700954206594,17,3.0,-310
12.24049392034339,14,5.0,-2482
12.240508349405456,7,1.0,4918
12.241398588143984,1,2.0,6888
12.241403511869112,5,5.0,0
12.241573578109676,7,4.0,5788
12.24183172955739,13,2.0,-2343
12.241920215195922,6,2.0,6776
12.24196824084214,13,13.0,-2693
12.24196824084214,17,13.0,-2693
12.242161466064026,13,1.0,-2780
12.242161540518575,7,9.0,6256
12.242466465810177,13,1.0,-2384
12.24307295345492,1,4.0,6889
12.243285570128872,7,3.0,5477
12.243307300638104,7,4.0,3001
12.243356113313093,13,1.0,-2512
12.243412529460644,9,2.0,5695
12.243423294804915,13,5.0,-2396
12.243695026758942,13,1.0,-2229
12.24418175528482,5,4.0,0
12.244207999593746,7,7.0,6090
12.244294063268303,13,2.0,-2290
12.244294063268303,17,2.0,-2290
12.244993843529594,13,1.0,-2538
12.245056645061236,7,2.0,6352
12.245323017907692,14,2.0,-2688
12.245400587991034,13,1.0,-2878
12.245463838384405,7,3.0,4626
12.246302891669263,6,6.0,6726
12.247179145290831,13,3.0,-2131
12.247179145290831,17,3.0,-2131
12.247632098023141,8,2.0,6489
12.247751261852393,6,3.0,4058
12.247940965784633,13,2.0,-2394
12.247940965784633,17,2.0,-2394
12.248223154653553,5,1.0,0
12.248860678417307,13,2.0,-2531
12.248860678417307,17,2.0,-2531
12.249226415911794,7,2.0,4738
12.249978527514195,14,2.0,-2362
12.249978527514195,17,2.0,-2362
12.250112246321352,5,1.0,0
12.2508121292087,13,2.0,-2400
12.250949122923373,5,1.0,0
12.251216523763873,6,5.0,6598
12.25121746892187,7,3.0,4690
12.251685731598606,4,5.0,6890
12.251786326504511,14,4.0,-3010
12.252320893036075,9,2.0,5219
12.252443666181723,13,1.0,-2561
12.252514783707051,1,1.0,6891
12.252710392996965,14,5.0,-2393
12.252939181306237,13,1.0,-2514
12.253466232212295,13,18.0,-2753
12.253492602375543,9,2.0,5379
12.253500853101912,11,34.0,5973
12.253509232951858,1,4.0,6892
12.253742817015365,7,2.0,5349
12.255008941213084,5,1.0,0
12.255692197106425,6,4.0,6804
12.255865432681238,7,2.0,4472
12.257030800408973,5,3.0,0
12.25721093865832,7,2.0,5184
12.257949126619815,7,1.0,6364
12.257986414234775,9,2.0,5619
12.258308256076898,7,3.0,5827
12.258408775391606,13,7.0,-3086
12.258687512979055,7,7.0,5358
12.258719042728302,13,7.0,-3014
12.258815696753727,13,2.0,-2655
12.258910667438858,5,9.0,0
12.2589826957895,13,3.0,-2764
12.2589826957895,17,3.0,-2764
12.259162395856894,13,2.0,-2366
12.259162395856894,17,2.0,-2366
12.259248696705995,17,1.0,-444
12.259262919959978,14,9.0,-2294
12.259262919959978,17,9.0,-2294
12.259498441355852,6,3.0,5479
12.259575585867287,7,2.0,5602
12.259739963906275,13,1.0,-2879
12.259739963906275,17,1.0,-2879
12.259793832664007,5,3.0,0
12.26016601922016,6,45.0,6371
12.26022982182577,13,1.0,-2746
12.260766293931082,7,11.0,3518
12.260807283940201,13,1.0,-2706
12.261691417961291,13,4.0,-2524
12.261691417961291,17,4.0,-2524
12.261771745142536,7,2.0,5914
12.261795412956198,13,2.0,-2502
12.26187732790515,13,2.0,-3111
12.262065397108287,7,1.0,3854
12.262368085576066,13,4.0,-2411
12.262428797524917,14,2.0,-3095
12.262485899487315,9,2.0,4225
12.263348733623568,7,5.0,4292
12.263878693905594,14,1.0,-2314
12.263878693905594,17,1.0,-2314
12.263996255237789,9,17.0,3248
12.264035496913806,9,3.0,6068
12.264035496913806,16,3.0,6068
12.264107039414226,13,5.0,-2671
12.264602875326853,7,4.0,6601
12.264909205495368,7,1.0,4868
12.265367683027641,7,2.0,5550
12.266612661628278,13,3.0,-2854
12.266612661628278,17,3.0,-2854
12.26695755886808,6,5.0,6615
12.267053130833533,6,1.0,6858
12.267275436419732,5,4.0,0
12.267282659537951,5,4.0,0
12.267491317063119,7,1.0,5976
12.26767398725432,7,2.0,6493
12.267865572066805,7,3.0,4493
12.268916897172458,13,2.0,-2882
12.268916897172458,17,2.0,-2882
12.269094962361777,6,2.0,6884
12.26930717165325,1,2.0,6893
12.269336085023014,7,6.0,5922
12.26966490829946,13,1.0,-2793
12.26966490829946,17,1.0,-2793
12.270207413059289,9,2.0,5156
12.270849639759513,13,5.0,-2323
12.270940033341299,7,3.0,5653
12.271053902879608,7,2.0,5174
12.27164950090458,7,1.0,5352
12.27206783917909,14,3.0,-2266
12.272359306053778,14,3.0,-2626
12.2728966973897,5,7.0,0
12.272902916039294,7,11.0,4796
12.27327840929138,6,6.0,6142
12.273533624057706,9,25.0,2869
12.27371983838359,6,11.0,6314
12.274542695769549,14,1.0,-3012
12.274694928269847,1,1.0,6894
12.274762491217292,7,12.0,4840
12.275251622323928,13,1.0,-2751
12.275318774059901,13,1.0,-2244
12.275318774059901,17,1.0,-2244
12.2757415568613,13,1.0,-2621
12.276291248146757,7,53.0,1417
12.276929741314218,14,3.0,-3131
12.277015036784231,7,1.0,2361
12.27778491816471,7,1.0,4509
12.277908915219047,7,3.0,6092
12.278285346978489,6,6.0,6795
12.27868235742113,13,1.0,-3141
12.278775087891063,7,9.0,1339
12.278984184983686,1,3.0,6895
12.279909667126722,7,1.0,3957
12.280236057006253,9,2.0,3139
12.280262288871214,6,6.0,6792
12.280752339815232,13,1.0,-2788
12.280832307123461,13,2.0,-2813
12.280832307123461,17,2.0,-2813
12.281271353511196,10,30.0,6800
12.281333489786388,6,6.0,4045
12.281837713428384,10,58.0,6825
12.281880370449471,6,14.0,6622
12.281945717812482,5,5.0,0
12.282230487081334,4,3.0,6896
12.282413930194277,17,1.0,-167
12.282629477910703,13,4.0,-2563
12.282629477910703,17,4.0,-2563
12.282969613664214,5,1.0,0
12.28339007388792,13,6.0,-2520
12.28400983617787,6,7.0,6651
12.284242250560998,13,1.0,-2994
12.284427289316065,13,1.0,-2177
12.284450669683647,13,2.0,-2449
12.284803847342987,7,1.0,5660
12.285034533407245,13,13.0,-3104
12.285490679333973,5,1.0,0
12.285708342001906,6,7.0,6453
12.285726234776448,2,2.0,6897
12.285752263613622,1,1.0,6898
12.285774755399988,8,2.0,6377
12.286413701433986,9,1.0,4405
12.286487456433232,7,8.0,5564
12.287548780741066,8,33.0,3696
12.28799805325669,8,2.0,6702
12.28908144464141,7,10.0,3772
12.289124906744856,8,2.0,6542
12.289544695241986,16,1.0,1389
12.290018845052748,7,1.0,6113
12.290107850596057,6,1.0,6810
12.290333154663802,13,7.0,-2904
12.290333154663802,17,7.0,-2904
12.290822963688342,13,1.0,-2754
12.291009454252386,17,1.0,-541
12.29237262926733,16,2.0,5480
12.292383393921835,14,11.0,-2802
12.292460836869557,7,2.0,2540
12.292588220788275,7,32.0,4617
12.292652338958613,13,1.0,-2584
12.292905188025694,5,2.0,0
12.292909747664556,13,14.0,-2680
12.293048975047752,6,3.0,5578
12.293161007464876,8,52.0,4680
12.293993942599238,9,1.0,6313
12.294075264244396,13,1.0,-2719
12.294166077698174,7,2.0,5320
12.29419305102934,14,3.0,-3031
12.294200683207722,10,5.0,6890
12.29437801311689,13,1.0,-2286
12.29437801311689,17,1.0,-2286
12.294489063947962,7,1.0,6307
12.294539294361948,14,2.0,-2440
12.294840725605132,13,2.0,-2258
12.29494242437962,13,2.0,-2857
12.295103755007595,6,8.0,6549
12.295129162202413,13,1.0,-2549
12.295202826330113,6,2.0,5255
12.296168837772061,1,1.0,6899
12.296784642760153,1,4.0,6900
12.297270102197789,1,1.0,6901
12.297402724408318,7,23.0,6112
12.297560275275206,14,4.0,-2205
12.298051165498334,7,4.0,6156
12.298199558378466,14,1.0,-2970
12.298773502294344,6,34.0,6258
12.299179219263701,7,7.0,5293
12.299545618296232,6,2.0,6843
12.299765135301513,14,7.0,-2767
12.300190952152104,7,7.0,6284
12.300275916688165,5,2.0,0
12.300311355067352,5,1.0,0
12.300461972513993,6,25.0,4174
12.300547075190837,14,1.0,-2249
12.300994185002251,6,7.0,6257
12.301031687904656,7,4.0,5943
12.301297427075855,6,5.0,6786
12.301344003057002,5,1.0,0
12.301465771652714,6,1.0,6835
12.302154699423829,13,1.0,-2641
12.30224101042092,13,12.0,-2164
12.302353393165896,6,2.0,6166
12.302691952784013,14,3.0,-2748
12.30436535049353,8,1.0,6116
12.304483203443354,6,1.0,6808
12.304714114709627,5,5.0,0
12.30537944379041,13,4.0,-2370
12.30537944379041,17,4.0,-2370
12.305952145439665,5,2.0,0
12.306269413214268,5,1.0,0
12.306752922962543,5,6.0,0
12.306837338094802,1,7.0,6902
12.30690009627162,13,9.0,-2652
12.30690009627162,17,9.0,-2652
12.307167549118294,5,3.0,0
12.307759421017554,6,3.0,4141
12.307778902318388,13,1.0,-2515
12.307778902318388,17,1.0,-2515
12.308757516429699,1,4.0,6903
12.308821482876517,13,1.0,-2961
12.308821482876517,17,1.0,-2961
12.308904467059477,13,2.0,-2639
12.309211784816192,5,5.0,0
12.30936532234412,14,8.0,-2971
12.30936532234412,17,8.0,-2971
12.309443921828604,5,2.0,0
12.309526664764123,5,11.0,0
12.310231220840521,16,57.0,4636
12.310406200267945,6,21.0,6011
12.31054139349864,9,1.0,4881
12.31105087067352,1,3.0,6904
12.311246823888451,1,8.0,6905
12.311252228199963,6,25.0,3296
12.311291642610701,14,1.0,-2871
12.311291642610701,17,1.0,-2871
12.3114228417733,17,1.0,-954
12.311534001693888,1,3.0,6906
12.311598178821258,5,3.0,0
12.311671208143407,6,2.0,6864
12.311694609918181,7,6.0,5392
12.311699735065604,13,1.0,-2608
12.311699735065604,17,1.0,-2608
12.312252087317729,7,2.0,5918
12.312732287057647,6,12.0,6643
12.31273928626127,5,2.0,0
12.312951481048865,7,5.0,5975
12.313376800697746,13,4.0,-2965
12.31353554794954,6,1.0,5633
12.314205062397678,9,8.0,5883
12.314297029413742,14,4.0,-2789
12.314516868759611,6,8.0,6285
12.314713840106156,9,1.0,5759
12.315775602182779,7,1.0,5895
12.315971539261321,7,1.0,5378
12.316558738744588,8,4.0,5835
12.31656372395193,1,2.0,6907
12.316611690096494,13,5.0,-3101
12.316648752765404,6,3.0,6573
12.317648258987358,13,1.0,-2256
12.317672148975383,14,38.0,-2168
12.317672148975383,17,38.0,-2168
12.317677879923945,7,3.0,4554
12.31775352160507,9,2.0,5238
12.317947180184477,8,17.0,6812
12.318954044144306,9,1.0,2987
12.31896364654967,14,2.0,-2670
12.319224540534458,6,6.0,6176
12.319871446374155,14,4.0,-2631
12.319881242315521,7,1.0,5082
12.320002249618273,6,2.0,6510
12.320320953051992,8,10.0,6101
12.320851188561134,17,3.0,-1335
12.321129472806398,13,3.0,-2132
12.321129472806398,17,3.0,-2132
12.321295628595436,13,3.0,-2701
12.321530049211999,1,11.0,6908
12.322459752538991,7,18.0,5008
12.32265452536225,8,1.0,4333
12.322920121397676,4,5.0,6909
12.322997510278757,6,10.0,5870
12.323294439292996,1,3.0,6910
12.323988145695832,6,2.0,6633
12.324453516410783,13,2.0,-2744
12.32490377646797,1,11.0,6911
12.324973411083965,7,4.0,4347
12.325176750312432,7,2.0,4980
12.325819998979085,8,2.0,5140
12.326162752541524,4,7.0,6912
12.326764248527859,13,1.0,-2980
12.326764248527859,17,1.0,-2980
12.327064368136075,8,6.0,6375
12.327078607741548,8,1.0,6400
12.327971409831191,7,4.0,5493
12.327996192012751,7,57.0,3280
12.328047664831326,7,6.0,5651
12.328130979381267,16,57.0,107
12.328512730016836,7,1.0,5607
12.328909676492575,9,8.0,5441
12.328945050194037,6,3.0,3622
12.329597199740885,9,7.0,6232
12.330230347053222,6,16.0,6885
12.330400884378797,13,1.0,-3058
12.330748901903645,15,7.0,-864
12.33082082883483,5,1.0,0
12.330987890261248,7,2.0,4724
12.330993900894754,9,8.0,5211
12.331442777400024,7,4.0,5644
12.331681451301556,113,37.0,-2674
12.332233276500405,14,5.0,-3004
12.33225559252205,13,2.0,-2128
12.33242165205792,1,7.0,6913
12.333347278073708,7,16.0,4929
12.333638517559645,7,2.0,4775
12.334272742761637,14,4.0,-2184
12.334272742761637,17,4.0,-2184
12.334770711458999,8,3.0,5038
12.335072288948876,9,2.0,5774
12.335075652353162,5,2.0,0
12.335231484742305,13,1.0,-2804
12.335818406481957,9,1.0,4715
12.337370209512809,1,8.0,6914
12.337572630426797,5,4.0,0
12.338035623223012,13,3.0,-2493
12.338035623223012,17,3.0,-2493
12.338526299499726,5,1.0,0
12.33895927793366,14,5.0,-2134
12.3389796864624,13,2.0,-2287
12.340252531655437,13,1.0,-2586
12.341012126824648,9,4.0,4735
12.34146314505949,14,2.0,-2312
12.3414801438235,1,15.0,6915
12.3415472372297,13,1.0,-2223
12.3415472372297,17,1.0,-2223
12.341932031542049,7,2.0,3858
12.343185367131552,7,7.0,4731
12.343606393487443,9,52.0,4356
12.343820170359203,14,1.0,-2455
12.343820170359203,17,1.0,-2455
12.344165425721828,6,2.0,6520
12.344251207664348,1,3.0,6916
12.34442789028291,13,1.0,-2990
12.345132537643883,14,7.0,-2248
12.345190594313355,13,3.0,-2529
12.345342404237554,16,12.0,395
12.345581949824329,13,2.0,-2319
12.3460564560014,13,13.0,-2402
12.34687192119548,7,8.0,3285
12.347002362986577,7,1.0,3955
12.34704812457491,13,4.0,-2774
12.347511242263565,7,7.0,3842
12.347564197178812,6,8.0,6507
12.347701808968816,14,13.0,-2975
12.347701808968816,17,13.0,-2975
12.348006822410586,14,4.0,-2837
12.348076126709646,6,3.0,6895
12.348691867535852,5,1.0,0
12.34909155384735,1,5.0,6917
12.349501377272103,8,5.0,5516
12.349515739631732,5,1.0,0
12.350890329050634,13,1.0,-3098
12.350906366108442,14,1.0,-2814
12.35097261569831,14,4.0,-2675
12.35097261569831,17,4.0,-2675
12.35103459827252,9,2.0,4071
12.351124681454108,6,3.0,6514
12.351721934064255,13,1.0,-2547
12.35209591718652,7,1.0,5504
12.352410744516087,13,1.0,-2735
12.353138954884864,5,1.0,0
12.353665895117887,5,1.0,0
12.353924501932523,14,9.0,-2106
12.353924501932523,17,9.0,-2106
12.354104896181315,17,1.0,-795
12.354143167570665,7,18.0,5697
12.3542982746111,6,3.0,6677
12.354941250263211,14,1.0,-2480
12.354941250263211,17,1.0,-2480
12.356227522511652,14,1.0,-2535
12.357066537776676,5,1.0,0
12.357564243305752,13,3.0,-3060
12.358424500974184,8,3.0,3622
12.359098429463021,6,29.0,5758
12.359662591446863,6,2.0,6621
12.360251728521682,5,4.0,0
12.36042992127525,13,5.0,-2166
12.36042992127525,17,5.0,-2166
12.360810431031958,7,3.0,6021
12.360867058182285,7,5.0,5585
12.361174560615066,7,1.0,5629
12.361229389364212,1,3.0,6918
12.361641474172382,8,1.0,3347
12.362560916243924,13,4.0,-2863
12.362735378033197,5,1.0,0
12.36303108342254,7,2.0,5874
12.364095400546615,13,3.0,-2938
12.36430108518612,7,2.0,6037
12.36433826759929,6,3.0,6244
12.364818821364175,7,2.0,4541
12.365123757333425,6,2.0,6260
12.365202522546623,8,2.0,6197
12.365208159905821,9,1.0,4333
12.366246158166229,5,3.0,0
12.366762163109845,7,10.0,2910
12.367058321417042,17,3.0,-246
12.367213036494531,5,8.0,0
12.367681993362847,13,13.0,-2826
12.36793755275933,13,9.0,-2365
12.36793755275933,17,9.0,-2365
12.368016796919049,17,1.0,-625
12.368359002310546,1,4.0,6919
12.368397756444425,7,4.0,6162
12.36851148242178,6,2.0,6359
12.368593671522213,7,2.0,5643
12.368953290042324,7,21.0,4477
12.368993956662747,14,1.0,-2649
12.368993956662747,17,1.0,-2649
12.369672691032697,13,1.0,-2263
12.369672691032697,17,1.0,-2263
12.369693256087606,13,1.0,-2846
12.369904196334263,13,2.0,-2444
12.369963946612586,9,3.0,5801
12.369963946612586,16,3.0,5801
12.37031234067481,5,3.0,0
12.371134443793785,14,1.0,-2926
12.371401446803384,7,1.0,6048
12.371622012659888,5,30.0,0
12.371757066746232,7,31.0,6289
12.37178059054161,14,4.0,-2348
12.373099819250736,6,23.0,6695
12.373134361429088,5,2.0,0
12.373271056024086,7,45.0,5546
12.373395759619743,6,11.0,6908
12.373532745538323,17,1.0,-411
12.373886510290134,5,4.0,0
12.374013359340957,6,5.0,5544
12.374197068163006,13,3.0,-2966
12.374301439523874,13,1.0,-2328
12.374301439523874,17,1.0,-2328
12.374354239960443,6,3.0,6182
12.374624244046414,6,3.0,6686
12.374838869339731,5,1.0,0
12.374886404225172,14,15.0,-2827
12.374886404225172,17,15.0,-2827
12.375011983256904,7,1.0,6342
12.375077990199056,5,2.0,0
12.375296939618053,14,2.0,-2984
12.375534569963794,13,1.0,-2450
12.376592732744955,1,1.0,6920
12.376655017372693,14,1.0,-3032
12.376655017372693,17,1.0,-3032
12.376854676588993,7,11.0,5321
12.377107215784767,7,3.0,1470
12.378056047716038,4,4.0,6921
12.37960628609417,6,2.0,6207
12.380716677100835,13,5.0,-3134
12.380716677100835,17,5.0,-3134
12.38127104150981,7,14.0,5502
12.381367812224733,6,7.0,4195
12.381434944989898,7,3.0,4385
12.38165206867748,1,4.0,6922
12.381722324033168,13,1.0,-2127
12.382078349076492,13,48.0,-2489
12.382117896419171,13,3.0,-2331
12.382264748301349,9,4.0,5436
12.382353507549228,13,3.0,-2115
12.382462803771274,6,14.0,6091
12.382973279356749,13,1.0,-2285
12.382973279356749,17,1.0,-2285
12.383292525542927,6,4.0,6745
12.383515247846535,7,16.0,1977
12.383653390149508,14,4.0,-2178
12.384783472532916,13,7.0,-2782
12.38500618809128,1,1.0,6923
12.385397011936373,6,6.0,6799
12.385704971005783,13,1.0,-2792
12.38596549187838,6,1.0,5755
12.386091111146701,7,40.0,4614
12.386138278909206,14,3.0,-2452
12.386705476750342,8,4.0,5779
12.387153715958124,6,2.0,6797
12.387192234199627,14,1.0,-2736
12.387276417508906,7,19.0,6118
12.387297590103437,7,3.0,5958
12.387306214091241,1,2.0,6924
12.38741578570868,14,54.0,-2634
12.387590603724425,1,2.0,6925
12.387964046018078,6,1.0,6923
12.388502959135531,7,13.0,3143
12.388812175857453,7,2.0,4867
12.38931218283394,14,2.0,-2486
12.389654379068674,7,6.0,5551
12.389735854481494,13,2.0,-2799
12.389772223466274,13,2.0,-2301
12.389772223466274,17,2.0,-2301
12.390102603482116,1,2.0,6926
12.39118615711085,7,7.0,6293
12.391326842803476,8,57.0,1639
12.391552359624107,7,54.0,2399
12.392153251743652,17,1.0,-35
12.39219574199438,13,1.0,-3045
12.39219574199438,17,1.0,-3045
12.393009891006997,1,13.0,6927
12.393336181595203,13,2.0,-2265
12.39346278663941,5,10.0,0
12.394294247103836,14,1.0,-2253
12.39472447144625,9,5.0,5095
12.396018069530673,113,57.0,-2446
12.396119205929402,17,1.0,-231
12.397840208158971,17,4.0,-1476
12.398204265258913,7,3.0,5563
12.398790135373812,5,52.0,0
12.39890795885476,13,6.0,-2129
12.399025604099304,13,2.0,-2598
12.399158037800728,7,2.0,5669
12.399210909862113,7,2.0,5121
12.399302994508522,5,2.0,0
12.399493914388627,13,1.0,-2107
12.400554156153108,1,1.0,6928
12.400564840830542,7,2.0,5264
12.4006359982836,7,12.0,4652
12.400745335195301,14,1.0,-2357
12.400745335195301,17,1.0,-2357
12.400769340311916,9,3.0,5664
12.400929774492308,13,8.0,-2894
12.400976596858566,8,6.0,6416
12.401057653610216,5,1.0,0
12.401239489801796,17,2.0,-296
12.401428094998792,13,2.0,-2172
12.401428094998792,17,2.0,-2172
12.401724619436612,6,41.0,6181
12.401867738508212,5,1.0,0
12.40244019316194,17,5.0,-1724
12.402507331115533,6,1.0,4642
12.402849953835098,113,51.0,-2156
12.402973734014553,7,4.0,2383
12.403379305711407,13,12.0,-2859
12.403379305711407,17,12.0,-2859
12.403379701794398,7,11.0,2771
12.403500272076004,13,3.0,-2816
12.404310338915948,7,4.0,3260
12.405528070558537,6,7.0,6265
12.406187146636851,13,3.0,-2901
12.406397388501777,13,4.0,-2552
12.406533457285722,13,1.0,-2959
12.40667027463081,6,14.0,6317
12.406788182243536,7,3.0,5114
12.407153396725061,16,2.0,1242
12.40750638805439,1,8.0,6929
12.40770685730968,1,1.0,6930
12.4081264059032,6,1.0,6872
12.40858413305026,7,46.0,2204
12.409095499165891,6,12.0,6750
12.410002722361385,7,5.0,5961
12.410056955423673,14,8.0,-2762
12.41006093129077,7,24.0,4492
12.410503174102836,7,2.0,4387
12.41059077225882,9,3.0,504
12.410622671900853,7,1.0,3425
12.411483009667005,14,3.0,-2883
12.411602063284732,1,1.0,6931
12.411957464985933,6,3.0,6685
12.411967556121683,14,2.0,-2117
12.411989431592492,9,5.0,5342
12.412034323662521,1,1.0,6932
12.412222789019925,7,50.0,1397
12.412338188470617,5,1.0,0
12.412611269478987,6,1.0,6781
12.4132945340978,17,2.0,-1159
12.413341173253604,6,40.0,6848
12.41380838399686,7,3.0,5170
12.414157790099383,13,1.0,-2246
12.414172854219498,13,6.0,-2536
12.414642508051468,5,1.0,0
12.41471501039247,5,4.0,0
12.414761462889517,7,34.0,5637
12.414979590947457,7,17.0,3941
12.415148144044043,7,1.0,5148
12.415884675832315,5,3.0,0
12.416099441271871,5,1.0,0
12.416187033354788,14,3.0,-2495
12.416227390623437,10,5.0,6909
12.416463729171229,14,1.0,-2484
12.416463729171229,17,1.0,-2484
12.417027890535596,14,1.0,-2364
12.417186247560496,7,3.0,6230
12.417253325932263,8,8.0,6495
12.417418791770197,14,1.0,-2658
12.417970072690187,6,4.0,5778
12.418058250506368,14,9.0,-2511
12.419520986661384,7,5.0,4440
12.419798750006592,13,1.0,-2431
12.419961222764705,9,5.0,6144
12.420863946099832,6,5.0,5169
12.42109395214409,7,3.0,5646
12.421135125073874,7,6.0,6204
12.421384704367885,9,4.0,5027
12.421420618874789,14,3.0,-3066
12.422019676435813,13,7.0,-2139
12.422825275419283,7,5.0,6255
12.422916624222097,13,3.0,-2967
12.423091656255668,5,1.0,0
12.424463199512157,6,26.0,5836
12.42463102970937,13,8.0,-2772
12.42521159847188,9,9.0,5838
12.425465544346853,5,1.0,0
12.425693118428724,7,9.0,4800
12.42593637818236,14,9.0,-2208
12.426101137239737,13,1.0,-2147
12.426143565858258,13,1.0,-2588
12.426213020364214,13,2.0,-2887
12.426295937996596,17,1.0,-1489
12.426306819475235,6,4.0,4060
12.42638558742677,9,57.0,1639
12.426414158322522,7,4.0,5709
12.42664540179025,7,8.0,5750
12.426960684136624,5,4.0,0
12.427348654031414,5,2.0,0
12.427763029815685,5,1.0,0
12.42778395853546,5,1.0,0
12.427911048266823,7,3.0,4307
12.428021192363788,7,2.0,6355
12.428059371614609,6,5.0,6725
12.42877604054613,5,1.0,0
12.428834761855661,9,1.0,2445
12.428888436348242,14,1.0,-2268
12.429401582131955,6,11.0,6296
12.429443707891938,5,4.0,0
12.429564122583425,7,8.0,4902
12.42960217852706,17,4.0,-1179
12.429655691837109,9,10.0,4170
12.43138952831705,7,4.0,5917
12.431414392508634,13,2.0,-2976
12.431944885122984,7,8.0,5968
12.431965472088585,7,7.0,5808
12.432022914828769,7,3.0,6123
12.432221162383446,7,29.0,3145
12.432233323042826,13,11.0,-2714
12.432244164534342,7,3.0,6287
12.433043681662543,5,5.0,0
12.433290798867269,5,5.0,0
12.434137137535282,5,4.0,0
12.434382598587485,9,1.0,5726
12.43450927112293,7,23.0,6251
12.435020555848219,1,1.0,6933
12.4351719400861,7,5.0,5457
12.435593920776217,6,1.0,6749
12.435911351215314,7,6.0,5797
12.436105942244678,5,19.0,0
12.436230953988103,6,4.0,6755
12.436305872402535,7,1.0,5007
12.436675254704083,6,1.0,6824
12.437039995226751,9,2.0,6081
12.437533280375584,1,2.0,6934
12.437899745188718,14,2.0,-2382
12.437899745188718,17,2.0,-2382
12.437929477779306,13,1.0,-2413
12.438803243489598,5,7.0,0
12.440517446837086,13,1.0,-2619
12.44055302131993,5,22.0,0
12.440649969000773,17,2.0,-484
12.440852360054082,13,3.0,-2428
12.441216702752309,5,4.0,0
12.441660039752712,6,4.0,5440
12.441748347635311,13,6.0,-2401
12.442628422510221,7,9.0,4713
12.442631356322988,13,2.0,-3120
12.442756165647225,7,2.0,6171
12.442985214541215,7,7.0,5337
12.443138941134881,7,2.0,6195
12.443448567709314,5,3.0,0
12.44393288273256,6,2.0,6714
12.443988997364986,7,14.0,4653
12.444007122457533,13,1.0,-2203
12.444913249078484,14,4.0,-2210
12.445117359754224,7,40.0,2836
12.445330143991617,9,1.0,5641
12.445535890778503,7,3.0,6444
12.445684397683014,14,9.0,-2673
12.44576078168128,8,4.0,6432
12.446475826980445,5,6.0,0
12.447082979327446,13,2.0,-2944
12.447082979327446,17,2.0,-2944
12.447364640482766,1,4.0,6935
12.447750563700895,14,3.0,-3092
12.447815699000364,1,3.0,6936
12.44789175653749,7,1.0,5599
12.448113589679053,14,3.0,-2103
12.448383539199224,7,18.0,4496
12.449518596262806,14,1.0,-2786
12.450565637153392,7,40.0,6242
12.450779235786332,14,10.0,-2689
12.450779235786332,17,10.0,-2689
12.45087813177144,5,3.0,0
12.452027528964381,13,1.0,-2423
12.452110295208602,9,11.0,3735
12.452437112006798,9,1.0,5593
12.452497885539202,13,1.0,-2190
12.452510693427898,13,2.0,-2830
12.45256634349266,9,7.0,3337
12.453333399648383,13,6.0,-2686
12.45369529107706,7,5.0,5013
12.453953516227227,7,2.0,2299
12.45413209100387,13,7.0,-2324
12.454132938893187,5,1.0,0
12.454522612623693,6,1.0,6933
12.455030424245965,1,3.0,6937
12.455102761400635,14,1.0,-2260
12.455102761400635,17,1.0,-2260
12.455354920397202,6,3.0,6846
12.455486633425329,13,1.0,-2623
12.455680555613823,1,2.0,6938
12.455716217079388,5,5.0,0
12.45636571270134,13,3.0,-2408
12.456408569031897,14,3.0,-2865
12.456677320819885,5,7.0,0
12.456804733936256,17,2.0,-1835
12.457562489166989,13,1.0,-2785
12.457562489166989,17,1.0,-2785
12.457796733922352,5,2.0,0
12.458249921717345,9,1.0,5816
12.458892876469353,17,4.0,-1645
12.460385881930792,7,3.0,4413
12.460533444448927,5,8.0,0
12.461073309720147,6,3.0,5882
12.46176115975315,7,1.0,4841
12.462318791694873,14,4.0,-2617
12.462318791694873,17,4.0,-2617
12.46254921859416,7,16.0,4388
12.462808010919353,6,8.0,6541
12.463069179079323,13,1.0,-2761
12.463069179079323,17,1.0,-2761
12.463262450054252,7,2.0,4198
12.464012888822834,7,4.0,5512
12.464466340640051,14,4.0,-2977
12.46460187903192,14,1.0,-2823
12.464707213544227,16,4.0,2553
12.465109773569608,13,6.0,-2295
12.465152675563363,13,3.0,-2436
12.465786744389515,13,1.0,-2145
12.465981589341627,13,4.0,-2297
12.466031889436044,7,2.0,2904
12.46632221090598,13,2.0,-3007
12.466397480271548,14,1.0,-2185
12.466431609577683,14,1.0,-2477
12.466703591981105,14,4.0,-2470
12.46795275968623,13,1.0,-2874
12.46795275968623,17,1.0,-2874
12.468156398964222,7,3.0,4635
12.468657611055747,14,7.0,-3117
12.469072693841962,16,4.0,3430
12.469311088421989,7,4.0,4276
12.469425938290335,14,18.0,-2154
12.469477814934786,5,3.0,0
12.470743432045387,13,2.0,-2280
12.470907560426507,8,4.0,6231
12.470928044412275,7,1.0,6439
12.471048409319591,5,2.0,0
12.471202070716876,5,3.0,0
12.471799497185808,7,7.0,5371
12.47207947543407,16,2.0,3255
12.472207143930179,17,3.0,-463
12.4727982443491,8,3.0,6722
12.473078061959935,13,2.0,-2138
12.473078061959935,17,2.0,-2138
12.473133543762831,9,3.0,5606
12.473349204455994,5,3.0,0
12.473650630013603,1,2.0,6939
12.473961483194904,6,3.0,4681
12.47424646187948,5,3.0,0
12.475263378810707,9,3.0,5861
12.475724226579878,6,2.0,4368
12.477280942803956,1,3.0,6940
12.477281061848315,7,1.0,6534
12.4774910148574,6,1.0,6169
12.47807868419306,7,40.0,2711
12.478299894175569,17,2.0,-1268
12.478405906193766,7,2.0,6299
12.478415639110615,13,1.0,-2544
12.478444265703253,5,2.0,0
12.47902113511203,13,1.0,-3067
12.47907404816118,14,3.0,-2327
12.479116832937965,7,5.0,5256
12.479285735784998,6,2.0,4386
12.479517562496243,1,2.0,6941
12.479829301986934,6,11.0,6763
12.479915579900753,7,4.0,5590
12.479919749497768,13,3.0,-2158
12.479992892794664,14,2.0,-2110
12.480187984936315,7,6.0,4792
12.480922013858592,14,3.0,-2733
12.48175175062774,14,2.0,-2388
12.48175175062774,17,2.0,-2388
12.48262439246534,13,1.0,-2920
12.482790723259487,1,3.0,6942
12.482939756025605,6,4.0,3049
12.483314724096008,13,1.0,-2891
12.48434773782838,6,5.0,6774
12.484719364748813,14,2.0,-2615
12.485081828471209,6,5.0,5729
12.485144802257054,5,3.0,0
12.485424365254081,13,1.0,-2612
12.485424365254081,17,1.0,-2612
12.485493755762757,14,4.0,-2345
12.4857132096752,1,5.0,6943
12.485819825233134,2,39.0,6944
12.485895266990264,5,3.0,0
12.48600619661762,13,2.0,-2835
12.48623718400302,5,1.0,0
12.4862513484308,13,1.0,-2267
12.486580577228978,13,7.0,-2750
12.487022264419057,7,2.0,5339
12.487939549256364,6,16.0,6759
12.488217553608788,7,2.0,4904
12.488221285081096,14,5.0,-2206
12.488249850294508,5,1.0,0
12.488493875089997,113,58.0,-3153
12.488551286400657,13,1.0,-2202
12.488818482374764,7,5.0,5124
12.489305450039755,5,1.0,0
12.489688883753635,13,2.0,-2597
12.489688883753635,17,2.0,-2597
12.490538737238246,13,3.0,-2866
12.49079529931679,5,4.0,0
12.4920576939303,6,2.0,4956
12.49206153731454,17,6.0,-1795
12.492436923940907,7,2.0,6337
12.492738511697086,6,1.0,6849
12.493115004442362,7,3.0,5405
12.49311618442528,14,3.0,-2510
12.493146572900278,1,4.0,6945
12.49428162628365,13,1.0,-2373
12.494426212290056,13,4.0,-2962
12.49453818863803,6,2.0,6484
12.49572777038687,6,5.0,6562
12.496843835674746,7,3.0,5322
12.496973149381995,5,3.0,0
12.497034101394016,13,1.0,-2447
12.497276260711386,13,3.0,-2794
12.497353361867956,6,11.0,6911
12.49773402167534,13,4.0,-2275
12.498074927364161,14,8.0,-2492
12.498798238767554,1,3.0,6946
12.498848323546923,6,5.0,4589
12.499117559245136,14,1.0,-2589
12.499584070608421,1,3.0,6947
12.499887282351054,13,1.0,-2653
12.500100730790919,13,1.0,-2347
12.500100730790919,17,1.0,-2347
12.500225362704505,14,2.0,-2173
12.500552495435134,6,22.0,6806
12.500831565746426,11,18.0,6253
12.500867722155117,1,6.0,6948
12.50089897234291,13,17.0,-2916
12.50120157428272,6,4.0,4197
12.501567650030802,7,1.0,3737
12.501988322587433,17,1.0,-1962
12.502218021760417,14,4.0,-2935
12.503332707375538,6,8.0,6855
12.503426500489889,9,3.0,2617
12.504441166933605,9,1.0,3767
12.504730116756445,13,1.0,-2687
12.50475686490217,16,2.0,80
12.504800043330162,6,2.0,6807
12.504800226760857,14,1.0,-2720
12.505003355390532,7,3.0,5111
12.505312167370763,1,1.0,6949
12.505558965990195,6,2.0,6418
12.5058137728569,14,5.0,-2296
12.505998567688462,6,2.0,6298
12.506026376371626,5,35.0,0
12.506031573940275,5,1.0,0
12.506484269408489,9,5.0,6396
12.506689317484577,5,3.0,0
12.506909423945357,14,1.0,-2601
12.506909423945357,17,1.0,-2601
12.507674096070179,13,16.0,-2326
12.508018071688568,7,3.0,5571
12.508051343991777,6,2.0,6826
12.508596580617288,7,6.0,6578
12.508693574658555,14,4.0,-2420
12.509397695872732,13,1.0,-2914
12.509397695872732,17,1.0,-2914
12.509441980420394,6,8.0,6905
12.50948610593387,1,2.0,6950
12.509522487608171,13,23.0,-3140
12.51004617263792,5,3.0,0
12.510747040787539,13,1.0,-2380
12.510826703114002,1,1.0,6951
12.511265186949867,14,29.0,-2856
12.512036217579789,16,10.0,2476
12.512373744132354,5,3.0,0
12.512492868779129,13,5.0,-3107
12.51295299712913,14,1.0,-2507
12.513298787281233,14,2.0,-3118
12.513298787281233,17,2.0,-3118
12.5145840535962,8,3.0,4404
12.514627480974815,1,3.0,6952
12.516065134597952,9,17.0,5374
12.516128695579049,13,52.0,-2274
12.51617726804245,5,12.0,0
12.516317920660608,7,1.0,6379
12.516324198045835,13,4.0,-2845
12.516866831760838,13,1.0,-2893
12.516942150848108,13,5.0,-2771
12.516944391911009,8,23.0,6695
12.517509902966019,7,3.0,5294
12.517685107397424,7,7.0,6075
12.518092554564264,14,2.0,-2283
12.518092554564264,17,2.0,-2283
12.518279542625054,14,6.0,-3050
12.518905358479614,6,2.0,6847
12.519018469565449,14,2.0,-3071
12.519669700406846,6,2.0,6332
12.520041227322155,13,4.0,-2137
12.520086157275687,6,2.0,5772
12.521492065119993,5,1.0,0
12.521493521682457,7,12.0,4305
12.521974129226352,14,3.0,-2479
12.522712800164838,1,2.0,6953
12.522840373248405,14,4.0,-3052
12.523367002105685,14,4.0,-2415
12.523597576028347,13,1.0,-2218
12.523603374034796,13,1.0,-2442
12.523721044833678,6,10.0,6582
12.52414002747624,6,8.0,4596
12.52446045058398,13,3.0,-2828
12.524707596711043,7,5.0,5487
12.524779173158105,7,5.0,6158
12.52491909021474,7,5.0,5229
12.52514996297218,7,1.0,5588
12.525444977471782,7,15.0,5777
12.52550305799691,5,1.0,0
12.525932517024508,13,1.0,-2299
12.526650792777609,6,5.0,6736
12.527184607076395,6,2.0,6939
12.527231557703457,4,4.0,6954
12.528642140988236,13,1.0,-3146
12.52886380858253,1,2.0,6955
12.529240705943431,5,1.0,0
12.529358254375698,9,1.0,4409
12.529857958606428,7,3.0,5177
12.530056905914151,6,1.0,6764
12.530082225069158,5,4.0,0
12.530508834188753,13,1.0,-3054
12.530508834188753,17,1.0,-3054
12.53137347255798,1,4.0,6956
12.531520153168781,17,5.0,-1308
12.53165616962259,13,9.0,-2571
12.531682287066063,7,1.0,6206
12.531861622662426,13,2.0,-2171
12.531961318035618,7,4.0,5757
12.532046438404432,6,2.0,5821
12.532257162144314,14,22.0,-2928
12.532798727664213,1,2.0,6957
12.533108878122162,13,1.0,-2257
12.534070726818989,7,4.0,6041
12.534207716607282,1,2.0,6958
12.534331413925015,13,1.0,-2141
12.534751657849338,9,51.0,6625
12.534780951152966,13,4.0,-2111
12.534949902475612,8,7.0,5354
12.534961039739875,8,8.0,6235
12.535543736394471,13,1.0,-2528
12.535807286988275,7,12.0,2606
12.536306838333802,13,2.0,-2758
12.536513036110826,13,2.0,-2354
12.536689705557231,16,5.0,2614
12.536968977569684,13,8.0,-2513
12.537549598965043,6,1.0,4590
12.537914865277306,6,9.0,6193
12.538252286973428,7,29.0,5035
12.538347530343241,17,3.0,-331
12.538412049497927,7,39.0,2162
12.538885575201304,6,1.0,6652
12.53913245164286,13,1.0,-2618
12.539982050309556,13,5.0,-2389
12.539982050309556,17,5.0,-2389
12.540035537047888,5,3.0,0
12.540366938544217,9,14.0,6608
12.540402307934992,1,6.0,6959
12.540447969520146,13,1.0,-2581
12.540680647005628,13,4.0,-2923
12.540680647005628,17,4.0,-2923
12.54068624521013,17,2.0,-2058
12.541335661304046,8,4.0,5628
12.54140256040925,13,2.0,-2350
12.541635864244386,13,1.0,-2624
12.541635864244386,17,1.0,-2624
12.54168354313286,13,1.0,-2708
12.54196654028644,14,5.0,-2963
12.54255107723119,7,4.0,3720
12.542679063964382,6,17.0,5569
12.542844293646208,14,2.0,-3116
12.542997510987266,13,1.0,-3152
12.542997510987266,17,1.0,-3152
12.543013333146375,14,40.0,-2798
12.54345778627044,7,51.0,4787
12.543480911344485,5,4.0,0
12.54351962174352,9,3.0,4785
12.543666245066067,13,5.0,-2395
12.543666245066067,17,5.0,-2395
12.543999014904637,13,2.0,-2936
12.544075212250505,17,3.0,-1277
12.544646824337535,9,1.0,3982
12.544845602327463,17,1.0,-423
12.545495089986401,7,2.0,5319
12.547766243875934,6,2.0,3529
12.547818466668405,7,9.0,6574
12.547976236721418,9,5.0,3932
12.54803465726004,9,10.0,4074
12.548056996452438,14,4.0,-3003
12.551700452409447,13,1.0,-2451
12.551833633649286,13,2.0,-2821
12.552376549252802,5,3.0,0
12.552855030882846,8,3.0,6677
12.55291195676249,9,1.0,4995
12.553363652501508,7,33.0,3532
12.553474001497785,13,2.0,-2995
12.554451292277625,16,2.0,1546
12.55490822814476,13,2.0,-2237
12.55515195907465,7,10.0,5880
12.555782672890604,7,19.0,5348
12.55594635431567,1,1.0,6960
12.556107856383793,7,1.0,6190
12.556612287656169,6,17.0,6868
12.556672123574735,7,2.0,4889
12.557024458727561,9,2.0,5807
12.557024458727561,16,2.0,5807
12.557378973544218,7,10.0,6511
12.559212358344247,2,4.0,6961
12.559652222155666,5,3.0,0
12.559836682497926,5,9.0,0
12.560132881891263,7,3.0,4758
12.560324617392036,7,2.0,5213
12.56061560588821,14,8.0,-3124
12.560689476016902,13,1.0,-2715
12.560689476016902,17,1.0,-2715
12.56084840441873,7,6.0,5906
12.561182523641524,5,2.0,0
12.561604264652999,14,2.0,-2240
12.562096351295038,8,3.0,6828
12.562733550984778,7,2.0,6124
12.563284617146897,6,4.0,6867
12.563851852472707,7,19.0,6039
12.563903171062353,13,4.0,-2181
12.564464852496755,7,3.0,6516
12.565141035658955,14,4.0,-2375
12.565225664873113,6,4.0,6956
12.56556340476713,13,1.0,-2902
12.565997644881358,7,5.0,3704
12.565997644881358,16,5.0,3704
12.56616780991397,6,1.0,6898
12.566538779326228,14,29.0,-2638
12.566568517456764,7,6.0,5785
12.56659748259465,8,1.0,5652
12.567433971612134,5,2.0,0
12.567663404365263,6,6.0,6670
12.567940634401419,6,3.0,6088
12.568541889051936,1,2.0,6962
12.568669279407734,7,2.0,5749
12.569088893738641,7,4.0,5572
12.570423925347292,1,14.0,6963
12.570555838571408,6,2.0,6881
12.571456894276595,13,6.0,-2927
12.571842653648382,5,2.0,0
12.572243197277677,6,2.0,6689
12.573417696067684,7,2.0,6036
12.573709033418066,7,6.0,5301
12.573777397884747,14,2.0,-2945
12.573777397884747,17,2.0,-2945
12.5740421625283,13,1.0,-3002
12.5740421625283,17,1.0,-3002
12.574251532781082,5,1.0,0
12.574252786513627,9,5.0,3295
12.57443039082958,6,4.0,3691
12.57472739441026,8,1.0,6749
12.57491299185021,17,3.0,-479
12.57563296631465,14,1.0,-2583
12.575742293019703,1,3.0,6964
12.576112289556576,6,1.0,5049
12.57616500618003,5,3.0,0
12.577345879568309,14,4.0,-2690
12.577530958174176,14,1.0,-2125
12.577585196294194,6,3.0,6942
12.57797690291308,5,3.0,0
12.578066112010681,6,2.0,6419
12.578109550379946,1,2.0,6965
12.578370871219414,5,5.0,0
12.578566560548957,7,11.0,3701
12.578571109299444,7,2.0,6202
12.578856868657112,5,8.0,0
12.578952408538134,7,1.0,5383
12.579330344428074,9,11.0,5603
12.579788433019594,7,3.0,5317
12.580555975987783,5,1.0,0
12.580663406950418,7,7.0,4677
12.580980175166612,7,7.0,4527
12.581239199205129,1,5.0,6966
12.58150792741905,14,3.0,-2126
12.58150792741905,17,3.0,-2126
12.582266162932482,1,2.0,6967
12.582744887295407,14,4.0,-2252
12.582939879404297,8,29.0,3549
12.583471588208756,7,1.0,6108
12.583852791686601,8,3.0,6194
12.584335283968997,7,2.0,1903
12.58437677865253,7,13.0,5000
12.584514875004295,13,2.0,-2501
12.584514875004295,17,2.0,-2501
12.584519826032034,17,1.0,-878
12.584960575594765,7,30.0,4452
12.585113528297281,13,2.0,-2114
12.58530437480931,6,1.0,6391
12.58532433828481,5,4.0,0
12.58562719678549,5,9.0,0
12.58563376259195,8,6.0,6726
12.585712039947968,13,1.0,-2560
12.585824476963586,14,1.0,-2453
12.585916148286469,14,7.0,-2526
12.586093760335723,6,2.0,4530
12.588060622816458,9,5.0,5516
12.588126854787722,5,4.0,0
12.588516258712257,7,3.0,6008
12.589284825637824,13,22.0,-2855
12.58956310093655,8,60.0,6482
12.591993518343365,9,17.0,3449
12.59233522590791,7,53.0,5787
12.593536396002621,7,2.0,6311
12.59367666196151,9,3.0,5032
12.593749152065422,13,2.0,-2558
12.593890395831746,5,10.0,0
12.594703846662227,6,1.0,6524
12.595034578435024,6,3.0,6649
12.595392050448526,13,1.0,-2308
12.595434003372926,6,5.0,6641
12.595437138653748,7,1.0,5511
12.595845921822766,7,3.0,6646
12.595881234273856,8,3.0,6895
12.596228945014007,7,8.0,6569
12.596403981609345,7,2.0,4928
12.59645276423661,7,27.0,4550
12.596809756858397,13,2.0,-2692
12.596918042708722,13,1.0,-2973
12.596918042708722,17,1.0,-2973
12.597288410397384,8,6.0,5748
12.597523307016797,6,3.0,6937
12.597976657949966,6,8.0,6004
12.598522372535587,5,2.0,0
12.598792964947275,13,1.0,-2749
12.598980537112233,6,1.0,6859
12.599051384159456,5,31.0,0
12.599334991968881,17,3.0,-80
12.599938355354224,5,1.0,0
12.600337410415086,1,2.0,6968
12.601224094958296,14,9.0,-2523
12.60147657117159,5,12.0,0
12.601616347998178,6,4.0,6889
12.60188328765258,8,1.0,6401
12.60206051882166,13,2.0,-2530
12.602081808746386,14,17.0,-3139
12.602344693992476,13,2.0,-2685
12.602573888428424,13,5.0,-2987
12.602753842173232,14,1.0,-2665
12.602781563076432,6,5.0,6917
12.603027478319554,7,6.0,5155
12.603070504005606,1,1.0,6969
12.603389138800747,13,2.0,-2757
12.603700720474164,5,10.0,0
12.604030487515239,5,1.0,0
12.604399242311956,7,9.0,6581
12.604413611642359,7,7.0,5610
12.604844146662096,13,1.0,-2996
12.605322441311593,7,3.0,5597
12.60565689235767,13,3.0,-2766
12.60565689235767,17,3.0,-2766
12.60574017568376,7,7.0,5503
12.605899049634157,13,2.0,-2951
12.606101831734888,6,1.0,6178
12.606451426316072,5,4.0,0
12.607112305644206,7,4.0,3911
12.608021567165927,7,2.0,5314
12.608037883845483,6,3.0,2809
12.608142094267395,6,7.0,6576
12.608478000056694,13,1.0,-2282
12.608762651447432,7,4.0,5654
12.608801470148652,6,22.0,5453
12.608841037894178,13,1.0,-2288
12.608863694514342,13,2.0,-2293
12.60889534416055,14,1.0,-2473
12.609346239926563,6,2.0,6777
12.6095801121867,13,1.0,-2566
12.609746514900346,7,1.0,5766
12.610474763929657,7,14.0,6170
12.610518591544983,113,59.0,-2875
12.61065088923013,14,1.0,-3144
12.611252605551792,6,6.0,6503
12.611330625376196,7,1.0,5346
12.611402985635296,13,3.0,-2443
12.612518336713103,14,2.0,-2699
12.612518336713103,17,2.0,-2699
12.613236460056111,5,2.0,0
12.613407800993523,6,12.0,5534
12.613839373623197,6,3.0,6964
12.614249611127564,13,5.0,-2356
12.61444315607785,6,22.0,4200
12.614714793425726,1,3.0,6970
12.614802069397248,7,1.0,4234
12.614939631017991,14,3.0,-2801
12.614939631017991,17,3.0,-2801
12.61496398376794,13,2.0,-3022
12.615384438750395,7,5.0,6213
12.61565256093351,13,1.0,-2120
12.61565256093351,17,1.0,-2120
12.615686828759175,7,55.0,6245
12.61595925318744,4,2.0,6971
12.616013469394847,1,3.0,6972
12.61619937517336,7,44.0,2877
12.616338226113053,7,6.0,3047
12.61713568631174,7,4.0,4972
12.617631825207665,6,2.0,6968
12.617960062532646,13,2.0,-2869
12.618391109486863,14,2.0,-2636
12.618843509686101,1,3.0,6973
12.619094521695484,14,4.0,-2398
12.61946179334263,7,1.0,6174
12.620215036063687,14,1.0,-2216
12.620312473028843,14,6.0,-2504
12.620338005340756,6,1.0,6834
12.620454512105939,7,2.0,5923
12.620696299264418,1,5.0,6974
12.621043579402734,7,23.0,3565
12.621350441473883,13,1.0,-2118
12.622041270000306,6,2.0,6953
12.62223773524002,9,14.0,5099
12.62229012261977,9,11.0,5908
12.622424463961618,14,1.0,-2908
12.622693491652582,113,34.0,-2194
12.623173917664868,7,3.0,6624
12.623384207150472,13,23.0,-2783
12.62362234571959,5,1.0,0
12.623804980479834,5,6.0,0
12.624094520136746,6,2.0,6941
12.62419100839028,1,3.0,6975
12.624386834540287,13,1.0,-2224
12.624503014414223,6,18.0,6833
12.624748864095608,6,1.0,6920
12.624895522278862,7,6.0,6227
12.625200922187464,7,13.0,2671
12.625270063805644,9,1.0,5402
12.625759349108018,13,5.0,-3043
12.626309632894232,6,5.0,6783
12.6271502580978,7,22.0,6078
12.627657593283798,5,4.0,0
12.627678966980074,14,4.0,-2679
12.628196992800847,1,2.0,6976
12.62837477470418,5,2.0,0
12.629205296503644,5,6.0,0
12.629211989832806,14,2.0,-2122
12.629211989832806,17,2.0,-2122
12.629341985464453,13,7.0,-3061
12.629951828551691,14,1.0,-2225
12.631043201094462,14,3.0,-3115
12.631043201094462,17,3.0,-3115
12.631950289914508,8,1.0,6333
12.632083387913207,14,1.0,-2112
12.632296786836653,14,2.0,-2647
12.632668555911367,17,1.0,-1889
12.63319745766577,7,8.0,5128
12.6338992632582,8,1.0,6834
12.634273428242755,13,1.0,-2852
12.634362365345607,5,2.0,0
12.634362887331719,13,1.0,-2784
12.634362887331719,17,1.0,-2784
12.634467248051564,5,4.0,0
12.63487036609637,13,1.0,-2730
12.63487036609637,17,1.0,-2730
12.635064397679567,7,4.0,5527
12.635493154621729,7,26.0,5916
12.636546626547899,13,10.0,-2472
12.636643527553199,16,9.0,2684
12.637016819843703,7,9.0,6508
12.637096560267011,13,2.0,-2717
12.63743132657328,13,3.0,-3114
12.63743132657328,17,3.0,-3114
12.63778913195622,10,7.0,6912
12.637943664158199,7,1.0,5833
12.638308525216187,14,3.0,-2390
12.63879762145047,5,3.0,0
12.638850013798285,7,21.0,6052
12.63887985423186,14,2.0,-2710
12.641477036988332,9,3.0,1607
12.642147091194719,7,6.0,4858
12.642349684168984,13,4.0,-2820
12.642819173593164,7,5.0,5182
12.643125129126076,13,14.0,-2724
12.643639695017084,17,4.0,-382
12.643709981259795,5,6.0,0
12.644686955545856,5,4.0,0
12.645973469097937,13,1.0,-2905
12.646028771614832,13,1.0,-3102
12.646243404439055,14,3.0,-2169
12.647255966684067,1,1.0,6977
12.647544948487337,13,3.0,-2410
12.647880154292256,16,2.0,668
12.647918710619756,8,2.0,6953
12.648360315776195,5,2.0,0
12.6485213626144,13,41.0,-2664
12.6485213626144,17,41.0,-2664
12.64872882666125,5,2.0,0
12.649001856895282,7,1.0,6360
12.649259043046367,5,3.0,0
12.649404227117259,7,4.0,5995
12.64944992863959,13,1.0,-2133
12.64980216903306,7,7.0,1499
12.64987013183059,13,2.0,-2979
12.650125553174535,13,3.0,-2704
12.6501675386953,14,6.0,-3097
12.650446598286289,14,1.0,-2662
12.650735162722977,7,16.0,5548
12.651092960308711,14,1.0,-2942
12.651315467258296,14,1.0,-2742
12.651727850357647,5,2.0,0
12.651743962953908,5,3.0,0
12.6523517051659,6,2.0,6897
12.652374530227231,14,4.0,-2276
12.652374530227231,17,4.0,-2276
12.652503831175144,5,4.0,0
12.653571038437295,8,1.0,6239
12.654197657560719,6,5.0,5719
12.654656743630529,14,2.0,-2196
12.654759642976074,17,4.0,-1761
12.654815521195836,13,3.0,-2363
12.655247211290856,13,1.0,-2906
12.655263795662956,9,11.0,3375
12.655391352353968,5,3.0,0
12.655476019413147,1,2.0,6978
12.65557825944122,6,3.0,4277
12.655865785920911,14,1.0,-2955
12.655865785920911,17,1.0,-2955
12.656236533073796,5,2.0,0
12.65624994434879,13,6.0,-2998
12.656526830935027,13,4.0,-2681
12.656526830935027,17,4.0,-2681
12.656619952372784,1,5.0,6979
12.65716019008259,7,2.0,5742
12.657162060273581,6,2.0,6471
12.657860016329382,7,10.0,5130
12.660444336820172,14,1.0,-2485
12.660599788567366,11,57.0,6527
12.660826801344546,6,4.0,6892
12.661090150264979,7,2.0,4655
12.661149259164354,14,6.0,-3078
12.661380351597058,7,7.0,6109
12.662303395555371,17,3.0,-965
12.662964368780305,7,1.0,6496
12.663420126813818,6,4.0,6903
12.66353844482047,113,60.0,-2483
12.663587619470231,13,3.0,-2409
12.663692228848763,13,2.0,-2360
12.663936815973267,7,10.0,6184
12.663962529631762,14,2.0,-2422
12.663969421232432,8,2.0,6674
12.664222368850044,13,3.0,-2666
12.664222368850044,17,3.0,-2666
12.664282582069188,6,2.0,6701
12.664439343853461,13,2.0,-2351
12.66449859507327,14,13.0,-2427
12.665211913222487,5,2.0,0
12.665602345161437,5,6.0,0
12.665836690582172,13,3.0,-2950
12.666215840695276,5,3.0,0
12.666310062739512,7,15.0,2761
12.667026945726105,13,5.0,-2947
12.667088948331278,5,2.0,0
12.667094999969724,13,2.0,-2426
12.667347712139868,6,2.0,6131
12.669265998524704,7,5.0,4532
12.670136908484317,7,9.0,5181
12.670148143154073,6,8.0,3603
12.670570765474995,7,2.0,4442
12.670712494589703,7,18.0,6325
12.671663492661564,13,8.0,-2245
12.671973778447597,7,6.0,5386
12.672464787931885,14,2.0,-2310
12.673438321919438,9,12.0,5158
12.673556833225348,9,4.0,6432
12.673748054452094,14,3.0,-2818
12.67376665461606,14,1.0,-2606
12.673940096650309,5,7.0,0
12.674108796514115,7,4.0,5047
12.674680979161021,14,2.0,-2825
12.675562210365843,6,16.0,6320
12.675891906126191,1,1.0,6980
12.676048508284149,1,1.0,6981
12.676140883047854,7,3.0,5401
12.676350066747752,9,3.0,5096
12.676492440475851,9,3.0,4030
12.676546018605855,1,10.0,6982
12.676784208993423,6,1.0,6769
12.677128437668909,14,1.0,-2309
12.677407458918948,13,7.0,-2678
12.677407458918948,17,7.0,-2678
12.677518401298139,1,7.0,6983
12.677923674605982,8,2.0,6421
12.678048260345566,14,1.0,-2214
12.678929986220037,113,57.0,-2677
12.679026999214567,6,6.0,2535
12.680042155371403,6,6.0,6832
12.680595204638957,14,1.0,-2221
12.68089233993884,7,14.0,3719
12.681594998047032,7,6.0,4329
12.681905446318689,13,1.0,-2320
12.682043288938724,14,25.0,-3039
12.682171197815425,7,60.0,2983
12.682208244030093,9,10.0,6101
12.682954341748667,13,1.0,-3087
12.683081840885631,6,1.0,6969
12.683774100255656,5,10.0,0
12.684230749953457,9,2.0,6560
12.684456292314355,6,3.0,3872
12.685291229210147,13,1.0,-2620
12.685291229210147,17,1.0,-2620
12.685634923670069,13,1.0,-2822
12.685876004127882,14,7.0,-2661
12.686123096540946,7,1.0,6312
12.68613652640905,1,2.0,6984
12.686154530993669,13,17.0,-2933
12.686204839647278,7,5.0,6575
12.686211228221861,13,1.0,-2534
12.686681512435936,14,2.0,-2691
12.687549167859599,4,5.0,6985
12.688289626696633,5,3.0,0
12.688878497611528,9,3.0,6161
12.689581443069496,13,4.0,-2548
12.69036642700028,1,4.0,6986
12.690980505405683,6,6.0,5691
12.691169626421598,13,5.0,-2391
12.691227112192012,6,5.0,6645
12.691724562530267,7,1.0,5634
12.691757966746243,14,11.0,-2518
12.691757966746243,17,11.0,-2518
12.691852901190668,13,1.0,-2769
12.692430580952143,5,1.0,0
12.692794769433752,14,1.0,-3128
12.693044867007584,8,22.0,2253
12.693079759939868,14,2.0,-2841
12.693113124335184,6,4.0,6051
12.693176157315737,14,1.0,-2964
12.694014205627896,14,1.0,-2672
12.694101323794678,17,2.0,-1444
12.694345503853956,5,6.0,0
12.694773704032487,7,2.0,5333
12.695167497029527,5,2.0,0
12.695283694715135,9,5.0,5823
12.695334935221556,6,23.0,4054
12.695397815630052,9,4.0,5814
12.695990497658475,7,2.0,6561
12.69652684871756,13,7.0,-3056
12.69652684871756,17,7.0,-3056
12.697030029258176,5,1.0,0
12.697129085113179,14,4.0,-3106
12.697422439623091,8,5.0,6465
12.697467900962089,6,7.0,5475
12.697642991125974,7,8.0,3989
12.697772040206754,13,1.0,-2421
12.698041758421624,6,6.0,5259
12.699431246855815,7,3.0,4566
12.699964711700751,14,1.0,-2342
12.70040093336312,7,31.0,4478
12.700535318269235,5,1.0,0
12.700705983427811,7,37.0,4898
12.700852267005494,6,6.0,6948
12.70127629600647,1,6.0,6987
12.701483459333323,5,1.0,0
12.702880001223075,9,33.0,3696
12.703850657097536,5,2.0,0
12.7039487368551,7,9.0,5760
12.704848431620476,1,18.0,6988
12.705364582209484,9,17.0,2375
12.705437956977278,5,4.0,0
12.70547850037746,1,2.0,6989
12.705492990679836,14,3.0,-2983
12.705650464159175,5,2.0,0
12.705720620424188,7,4.0,4483
12.705799944786728,6,7.0,6616
12.705892586750643,7,13.0,4303
12.706048787394987,14,1.0,-2829
12.70645653173877,14,1.0,-2721
12.706972009586663,14,3.0,-2640
12.707612837174686,14,9.0,-2148
12.707963056769414,13,21.0,-2953
12.708018613985582,8,5.0,6248
12.708602083220141,14,1.0,-3091
12.709356596767144,14,3.0,-2743
12.710029953351754,1,10.0,6990
12.710367355726518,8,2.0,6689
12.71067179763728,7,2.0,6203
12.710829706604539,14,1.0,-2105
12.710973160551745,14,1.0,-2808
12.710973160551745,17,1.0,-2808
12.711004577022239,6,2.0,6630
12.711456950123143,8,6.0,6308
12.711545168527993,14,5.0,-2321
12.712504166901866,7,1.0,5336
12.712642492845118,9,3.0,4512
12.712895967293328,13,3.0,-3020
12.713041258187493,6,3.0,2250
12.71320666384734,9,8.0,6309
12.713355975444726,6,2.0,6967
12.713585164334301,7,2.0,4749
12.713739147605912,13,2.0,-2358
12.7140069591354,13,1.0,-2999
12.714094178301794,13,2.0,-2333
12.71531690148316,7,4.0,3059
12.716429562923807,7,4.0,5087
12.718282419130132,7,3.0,3625
12.718364690753269,14,4.0,-3040
12.718364690753269,17,4.0,-3040
12.718393296037249,7,9.0,6690
12.718396567800577,9,7.0,3741
12.718697614118817,8,3.0,5882
12.71894755389622,14,5.0,-2659
12.718996539798672,113,34.0,-2734
12.71905054688964,5,5.0,0
12.719124521452423,7,2.0,1139
12.719672188818697,7,1.0,6093
12.720040773842136,5,2.0,0
12.720440327301677,5,3.0,0
12.721293207615556,6,7.0,2492
12.721969606165572,3,57.0,6991
12.722623810080382,13,1.0,-2255
12.723113962870375,14,1.0,-2517
12.723919790501297,7,5.0,6613
12.724188137823004,1,1.0,6992
12.724272258879736,7,3.0,4084
12.724345057128943,6,1.0,6960
12.725545338118705,5,4.0,0
12.725950315745942,13,4.0,-2213
12.72645361776873,7,1.0,946
12.726821779980408,6,1.0,6519
12.726883666113487,14,1.0,-3132
12.727123783839577,6,2.0,6148
12.728066234900398,5,3.0,0
12.728290820604496,14,2.0,-2183
12.728290820604496,17,2.0,-2183
12.728726303858082,13,1.0,-2913
12.728726303858082,17,1.0,-2913
12.729125725372361,6,2.0,6853
12.729157032316788,14,2.0,-2957
12.729352914294317,13,3.0,-2521
12.729352914294317,17,3.0,-2521
12.729397321420846,1,4.0,6993
12.72940469523126,5,2.0,0
12.729545641980653,14,5.0,-3013
12.73007362153447,9,1.0,3065
12.730901224253591,14,7.0,-2337
12.731646384478434,7,5.0,2956
12.732259107994338,1,2.0,6994
12.732828486255832,17,2.0,-1538
12.732953403859403,10,4.0,6921
12.733200342023911,14,9.0,-2204
12.733658864763207,7,4.0,6125
12.733667507953443,13,4.0,-2911
12.733928024145133,6,1.0,4942
12.734268492261197,7,1.0,5699
12.734342836446046,13,1.0,-2898
12.734397531680957,13,1.0,-2614
12.734592772000555,5,4.0,0
12.734611347444927,13,4.0,-2311
12.734955404673357,9,2.0,4961
12.735391961510171,7,3.0,5684
12.735447843655063,6,5.0,6966
12.7355456417707,5,6.0,0
12.735703627235287,2,41.0,6995
12.735976437927793,9,5.0,4320
12.736043799156247,6,2.0,5967
12.736750186956579,5,7.0,0
12.736938447178131,13,2.0,-2939
12.737582976191849,7,7.0,5950
12.737582976191849,16,7.0,5950
12.737884951304645,1,4.0,6996
12.739270762414423,7,7.0,4150
12.73979320623566,6,2.0,6775
12.740580160783981,7,7.0,3392
12.740612308895573,13,2.0,-3084
12.740612308895573,17,2.0,-3084
12.741181629582474,13,1.0,-2836
12.741666393884646,6,3.0,4301
12.741957304449297,1,1.0,6997
12.742175606571312,7,1.0,5850
12.742312027952957,1,1.0,6998
12.742367802734513,13,2.0,-2217
12.742846679719502,1,1.0,6999
12.742903371546442,1,2.0,7000
12.743032547908975,13,12.0,-2463
12.743032547908975,17,12.0,-2463
12.743074402564506,10,8.0,6687
12.74322165756403,13,4.0,-2574
12.743709436677822,14,7.0,-3055
12.743800255472067,6,2.0,4427
12.74459291193099,14,7.0,-2703
12.745240378699503,5,1.0,0
12.745250487048061,6,3.0,6975
12.745663684264933,5,1.0,0
12.745782973035979,13,1.0,-2759
12.745977947782082,3,41.0,7001
12.746270815446428,13,2.0,-2317
12.746826834811701,13,1.0,-2414
12.747977790376344,13,3.0,-2892
12.748006102263036,1,2.0,7002
12.748048550965507,1,3.0,7003
12.748550208485792,6,16.0,6192
12.748933859622426,14,1.0,-2344
12.749173872262718,1,3.0,7004
12.749563845250858,6,11.0,6339
12.750006627354194,1,1.0,7005
12.750677459958593,5,4.0,0
12.750765370823007,7,7.0,5555
12.750784125475587,14,3.0,-2576
12.750784125475587,17,3.0,-2576
12.75090060608669,13,1.0,-2491
12.750930024066351,7,52.0,3800
12.750935789202762,5,20.0,0
12.751733395362974,13,2.0,-2582
12.751751615866983,7,1.0,4213
12.752105314295491,7,1.0,4580
12.752255062169914,4,1.0,7006
12.752441215534743,13,9.0,-2954
12.752852564657593,13,3.0,-2378
12.752852564657593,17,3.0,-2378
12.753514897712362,5,5.0,0
12.753565056803454,13,1.0,-2807
12.753649436918703,13,11.0,-2727
12.753649436918703,17,11.0,-2727
12.753759788266882,13,5.0,-2197
12.754310926505944,13,1.0,-3006
12.754310926505944,17,1.0,-3006
12.754339318453328,11,14.0,6434
12.754645246674503,13,1.0,-3046
12.755121231579814,7,2.0,4090
12.755501596284201,7,1.0,6477
12.755835468793654,13,1.0,-2716
12.755942674475268,17,2.0,-1699
12.75635003497369,13,2.0,-3100
12.756368368857508,6,6.0,6642
12.756563382693239,13,3.0,-2969
12.757070669790078,5,2.0,0
12.75738312268476,5,3.0,0
12.757414545292248,14,1.0,-2843
12.757463540115356,6,12.0,5971
12.758159161801316,7,4.0,5039
12.758183047542873,13,1.0,-2860
12.758326025618434,13,1.0,-2192
12.759405765089802,13,11.0,-2222
12.759655016859051,17,1.0,-359
12.759974194951635,13,1.0,-2722
12.760033479322999,7,5.0,2496
12.760490137610521,5,4.0,0
12.761315220598581,7,10.0,6353
12.761454171612469,9,7.0,5466
12.762105716788914,5,4.0,0
12.762285016552994,13,35.0,-2738
12.762873903874542,7,5.0,5689
12.76330693923107,13,1.0,-2404
12.76330693923107,17,1.0,-2404
12.763723075987278,6,2.0,6957
12.764336918873303,13,1.0,-2238
12.764336918873303,17,1.0,-2238
12.764555740176357,7,58.0,2332
12.764698926362131,13,2.0,-2921
12.764698926362131,17,2.0,-2921
12.764825446114443,9,12.0,5937
12.764825446114443,16,12.0,5937
12.764930179915986,8,5.0,4593
12.765865233298431,13,7.0,-3110
12.765878963426669,9,20.0,4420
12.766313586543978,5,2.0,0
12.766464050206935,7,7.0,5998
12.766472721950208,6,4.0,6551
12.766916672244726,13,6.0,-2997
12.766916672244726,17,6.0,-2997
12.767725660933575,7,7.0,5683
12.768201421196594,1,2.0,7007
12.768429114498549,14,4.0,-2211
12.768429114498549,17,4.0,-2211
12.76886910883945,6,3.0,6918
12.769201021265769,13,1.0,-3075
12.769948280422893,5,2.0,0
12.77006509133092,7,6.0,4694
12.770504860610949,6,29.0,4350
12.7707577201433,5,3.0,0
12.771210226481381,8,3.0,4911
12.772067983403904,13,2.0,-2604
12.773156896762366,6,6.0,4951
12.774238374911189,13,2.0,-3000
12.774490539513089,7,23.0,4079
12.774633765711036,13,7.0,-2264
12.774860563473707,17,4.0,-617
12.775609134020005,6,5.0,6874
12.775855517368452,9,1.0,5972
12.776051501925439,13,1.0,-2349
12.776328527627008,5,1.0,0
12.776447311520542,5,4.0,0
12.776543162776209,13,2.0,-2667
12.776617763082086,7,2.0,4233
12.776956443846931,13,1.0,-3094
12.777132926128061,7,42.0,3837
12.77783140718025,14,3.0,-3011
12.777986289561131,10,41.0,7001
12.778301879055746,13,2.0,-2136
12.778954954542245,13,5.0,-2765
12.779204637241719,8,1.0,5105
12.779222532472097,7,3.0,5056
12.779512916408478,13,4.0,-2500
12.779614500473555,13,1.0,-2201
12.77977761610846,13,1.0,-2868
12.77977761610846,17,1.0,-2868
12.78128137525653,7,7.0,4819
12.781287237333665,7,20.0,3828
12.781287237333665,16,20.0,3828
12.781495169657294,9,7.0,2945
12.781576100063571,5,1.0,0
12.782255041944627,6,1.0,6373
12.782597521677674,13,1.0,-2516
12.782597521677674,17,1.0,-2516
12.784026852441649,6,6.0,6512
12.7844153923735,9,1.0,6398
12.785107192271068,17,6.0,-79
12.785111019977682,16,59.0,2788
12.785327637910084,13,20.0,-2810
12.785327637910084,17,20.0,-2810
12.785959718631796,13,3.0,-3009
12.785959718631796,17,3.0,-3009
12.786450534676252,8,2.0,6019
12.786988499134678,6,3.0,6904
12.787013595325943,1,56.0,7008
12.787363363129892,6,2.0,6341
12.787371419797573,7,2.0,5832
12.787635666795031,5,4.0,0
12.788242967789259,6,5.0,6494
12.78832784542044,14,3.0,-3137
12.788542039844259,14,2.0,-2468
12.78951529713309,7,4.0,5685
12.789629785369668,17,27.0,-523
12.790039154874316,13,4.0,-3127
12.790428524220404,13,1.0,-3053
12.790909814659251,17,7.0,-1306
12.790938397811493,13,11.0,-2456
12.791193691455149,7,4.0,3041
12.79152250119885,6,4.0,6378
12.791566131378419,13,4.0,-3005
12.791574734331453,7,2.0,1846
12.792031542211523,5,18.0,0
12.792382645371514,5,4.0,0
12.792718482190816,14,3.0,-2167
12.792718482190816,17,3.0,-2167
12.793134186428189,6,18.0,6988
12.793317539667559,5,3.0,0
12.793650347678579,14,4.0,-2262
12.793859793299735,8,4.0,6889
12.794109621332947,7,3.0,3443
12.794487997118926,9,2.0,4210
12.794808429394937,6,10.0,5884
12.7948139837067,9,51.0,583
12.795163812972685,13,4.0,-2551
12.79534439491242,14,1.0,-2405
12.795433642734167,14,2.0,-3135
12.796113653447302,1,3.0,7009
12.796391698002374,6,6.0,6766
12.79644316715125,7,3.0,4475
12.796537771789572,6,8.0,6870
12.79654176195254,17,2.0,-1508
12.797481483099808,13,5.0,-2494
12.797969055708197,13,1.0,-2123
12.798363739964238,13,2.0,-2186
12.79852489726641,17,3.0,-1548
12.798593870537083,7,3.0,5443
12.799287999228735,13,1.0,-2812
12.799404949472803,5,5.0,0
12.80017327978198,13,5.0,-2242
12.80017327978198,17,5.0,-2242
12.800395738839175,13,1.0,-2839
12.800615350832905,113,54.0,-2579
12.801287452353398,13,1.0,-3069
12.801655013617674,5,4.0,0
12.80174440911055,13,19.0,-2316
12.80174440911055,17,19.0,-2316
12.802343152202205,14,11.0,-2465
12.802343152202205,17,11.0,-2465
12.802647042747827,1,2.0,7010
12.802806405255332,5,5.0,0
12.802908069047692,5,1.0,0
12.80292027527347,6,1.0,6221
12.803062715958202,7,6.0,3984
12.803636053243132,13,1.0,-3147
12.803919945841372,7,19.0,5237
12.804512157129025,13,1.0,-2595
12.80508442485006,7,1.0,6316
12.805438935829386,5,17.0,0
12.805793439912684,8,1.0,5519
12.805994991890291,14,6.0,-2840
12.806090613131843,13,2.0,-2599
12.80681066074631,13,1.0,-2570
12.80681066074631,17,1.0,-2570
12.807399522217736,5,1.0,0
12.80747299140963,6,1.0,6590
12.80782000312097,7,8.0,5707
12.807865125886607,17,4.0,-729
12.808604085849815,6,2.0,6994
12.80863562228974,7,21.0,6363
12.808679970487606,9,22.0,2253
12.809025061724945,13,2.0,-2182
12.809169839803694,13,1.0,-2519
12.809169839803694,17,1.0,-2519
12.810072016219424,10,1.0,7006
12.81010412703817,6,1.0,6801
12.81071026600016,13,2.0,-2886
12.81084371948955,7,2.0,6366
12.811618912374891,1,3.0,7011
12.81177711308471,10,10.0,6597
12.812556057703446,9,2.0,3969
12.812587538550417,9,6.0,6416
12.812620652096363,14,3.0,-2870
12.812776808542006,5,4.0,0
12.813623618610327,5,4.0,0
12.814145054804792,14,2.0,-2725
12.814146129049742,13,8.0,-2713
12.814370330454278,7,3.0,5640
12.814483175971375,6,6.0,5178
12.815491912752297,1,7.0,7012
12.815613904685438,7,1.0,5471
12.815631320036218,5,4.0,0
12.815739696273598,14,2.0,-2466
12.815871240011958,14,1.0,-2330
12.815871240011958,17,1.0,-2330
12.81683092385272,13,1.0,-3126
12.81683092385272,17,1.0,-3126
12.817559559665122,7,2.0,6529
12.817678138036129,5,4.0,0
12.818216017456587,5,1.0,0
12.818916191262215,13,2.0,-2151
12.819341469223795,13,14.0,-2943
12.819406661127532,7,2.0,4990
12.81947569891171,5,3.0,0
12.819677232569415,14,1.0,-2387
12.820033884117086,5,15.0,0
12.820109632581598,7,5.0,5398
12.820242607192956,5,1.0,0
12.820407529802663,6,2.0,6274
12.82081147950194,5,9.0,0
12.821364072447343,17,45.0,-1558
12.821650884240489,13,2.0,-2458
12.824147379011078,5,7.0,0
12.824174386010641,1,6.0,7013
12.824456457185045,5,7.0,0
12.824977784777642,7,36.0,6050
12.826011733177893,7,1.0,6365
12.82636908376917,5,2.0,0
12.826563734894272,13,2.0,-3070
12.826782726453986,13,9.0,-2851
12.826782726453986,17,9.0,-2851
12.826831884095046,13,7.0,-2498
12.827411762785028,5,9.0,0
12.827422307847161,13,3.0,-2325
12.827422307847161,17,3.0,-2325
12.82829610455723,7,29.0,4315
12.828366322084666,7,2.0,5727
12.828560137257812,9,2.0,6421
12.82859553415863,5,4.0,0
12.828629105649322,7,47.0,4279
12.829077593907185,14,1.0,-2235
12.829077593907185,17,1.0,-2235
12.829098391932998,11,10.0,6210
12.829328588938068,5,3.0,0
12.829671878149625,13,2.0,-3016
12.82992028476057,5,11.0,0
12.830463897424584,1,2.0,7014
12.831163142686734,15,1.0,-1009
12.831881521364869,7,2.0,4825
12.83244744911159,7,4.0,6269
12.832693817804547,11,1.0,6572
12.833674546938246,7,1.0,5557
12.834162097333126,1,2.0,7015
12.834207771340285,9,1.0,5024
12.834519176235348,13,1.0,-2867
12.834519176235348,17,1.0,-2867
12.834679806851648,6,16.0,5426
12.834680757044426,6,3.0,6658
12.835006405590047,13,1.0,-2848
12.835330814027094,13,2.0,-3038
12.835330814027094,17,2.0,-3038
12.835353672499737,1,2.0,7016
12.835488189728391,13,1.0,-3008
12.835676053468257,7,1.0,5163
12.835793655160252,7,2.0,6030
12.836855365150594,1,2.0,7017
12.837001946876219,17,5.0,-1392
12.837120080360792,4,7.0,7018
12.837644194933421,13,1.0,-2461
12.837649966917642,1,1.0,7019
12.83859876404909,7,4.0,6712
12.838971846461485,13,2.0,-2580
12.83909189513901,9,7.0,5523
12.840239094349393,14,8.0,-2592
12.84031458875786,13,1.0,-2651
12.840511903329512,5,10.0,0
12.840842824641094,1,4.0,7020
12.841039100837934,1,1.0,7021
12.842710212639682,9,11.0,5837
12.843090410880832,6,4.0,6463
12.843148895058901,5,4.0,0
12.843638680137923,113,42.0,-2918
12.843775794887373,14,2.0,-3015
12.843904170114623,14,2.0,-2709
12.844081439867619,6,6.0,5658
12.844470386692295,13,1.0,-2577
12.844683884407699,14,5.0,-2642
12.844979239866714,13,2.0,-2230
12.844979239866714,17,2.0,-2230
12.845118300600213,7,5.0,6080
12.845319309028373,14,1.0,-2239
12.845319309028373,17,1.0,-2239
12.84556164474471,13,2.0,-2416
12.845739154590376,6,5.0,6815
12.845850416314896,13,2.0,-2596
12.845850416314896,17,2.0,-2596
12.845885446088822,8,5.0,6135
12.845901736218952,7,4.0,6683
12.845950445692164,14,4.0,-2371
12.845950445692164,17,4.0,-2371
12.847157520429343,7,1.0,5508
12.847593154348441,8,10.0,5513
12.847707631187276,7,3.0,5310
12.8478550089344,6,6.0,6655
12.84851288159068,17,4.0,-1204
12.848621339332958,13,6.0,-2607
12.848738003222593,7,2.0,5377
12.84884053219583,7,2.0,5217
12.848996370864448,8,9.0,4982
12.8495489612762,6,3.0,6936
12.849803517009747,6,5.0,5854
12.849830886246725,5,2.0,0
12.849864564288168,7,3.0,6122
12.849980003087316,9,1.0,3675
12.850116122877438,13,1.0,-2335
12.850240594096672,7,2.0,5898
12.85035650705425,8,1.0,5694
12.850532761721336,13,1.0,-2496
12.850587468522765,8,2.0,6431
12.850748222106798,13,5.0,-2406
12.850748222106798,17,5.0,-2406
12.851307996662076,13,1.0,-2135
12.851394702276226,14,2.0,-2369
12.851394702276226,17,2.0,-2369
12.851657292966667,14,24.0,-2247
12.851663752568133,7,11.0,2371
12.85184923013396,7,9.0,4468
12.85188530380538,7,6.0,6042
12.852832539024446,1,3.0,7022
12.852956983537828,1,1.0,7023
12.853108490313934,7,6.0,3985
12.853357971686982,5,2.0,0
12.853922429959505,7,1.0,4751
12.854078453615738,8,6.0,4951
12.854200948359477,7,2.0,6031
12.854286330670497,14,1.0,-2140
12.854466634399326,7,18.0,4734
12.854563121353806,5,6.0,0
12.855032614924069,9,2.0,6397
12.855046847249929,13,1.0,-2745
12.85516532607734,5,1.0,0
12.855644723009402,1,10.0,7024
12.85603664042506,6,9.0,5907
12.856324854111195,3,13.0,7025
12.857029760159238,14,12.0,-2803
12.857666475183674,5,4.0,0
12.859545692274754,14,3.0,-2542
12.860715224749281,5,4.0,0
12.860875774004324,16,45.0,2129
12.861138374563884,1,8.0,7026
12.861175507007978,5,48.0,0
12.86140001585006,7,5.0,6094
12.861416598316294,13,2.0,-2778
12.861562338263258,14,3.0,-3018
12.861758447611463,7,6.0,4736
12.861854743180668,5,1.0,0
12.862113236534611,5,15.0,0
12.862428364298086,14,2.0,-3047
12.862428364298086,17,2.0,-3047
12.863136021918594,5,3.0,0
12.86323011954868,13,1.0,-2403
12.86358534242715,17,2.0,-522
12.863688778326182,13,1.0,-2187
12.864355591271874,6,2.0,6934
12.864909084882227,7,2.0,5638
12.86494510037,7,4.0,6040
12.865252306523244,5,1.0,0
12.865351490011658,13,3.0,-2986
12.865678433945654,13,3.0,-2527
12.86621234346691,14,1.0,-2657
12.866439614837493,14,1.0,-2929
12.866439614837493,17,1.0,-2929
12.866494278587009,9,39.0,4848
12.866671565185488,14,1.0,-2747
12.867653861870208,13,9.0,-2251
12.868348796852484,7,5.0,5723
12.868440492943215,7,1.0,4588
12.868957636794242,14,2.0,-3077
12.8692425201906,8,3.0,4141
12.869482178879773,5,1.0,0
12.86972639324423,6,3.0,6159
12.869736280629388,13,2.0,-2303
12.869858204117275,13,2.0,-3044
12.869858204117275,17,2.0,-3044
12.870181778706801,13,1.0,-2474
12.870334758626106,9,60.0,6482
12.871107117690546,6,7.0,6706
12.871274798432617,5,3.0,0
12.871377202071287,13,1.0,-2341
12.872540709898034,13,2.0,-2272
12.872667963683167,14,1.0,-2163
12.873102031383496,7,1.0,4585
12.873307583276576,1,4.0,7027
12.87337815061881,13,9.0,-2698
12.873899092894858,6,1.0,6875
12.874279256076724,14,5.0,-2412
12.874295933568629,13,1.0,-3151
12.874357888423635,6,4.0,6654
12.874716669515015,7,3.0,6760
12.874778246052287,7,16.0,5705
12.875462225007995,14,4.0,-2718
12.876664831343,7,1.0,4671
12.876925140806184,5,4.0,0
12.876931844041925,17,1.0,-1958
12.876973534058095,7,4.0,4985
12.877125376580363,13,1.0,-2770
12.877125376580363,17,1.0,-2770
12.877373069927359,9,4.0,4553
12.877401662712883,1,3.0,7028
12.877732340807801,9,1.0,6333
12.878255302404318,7,7.0,6145
12.879147297018841,13,1.0,-2695
12.87925760048166,7,1.0,4737
12.87925760048166,16,1.0,4737
12.87973859598354,6,1.0,6782
12.87981253467675,6,9.0,6334
12.880867648380159,14,1.0,-2805
12.881055175260641,14,1.0,-2897
12.881065941119099,13,3.0,-2790
12.881065941119099,17,3.0,-2790
12.88131268520464,5,1.0,0
12.881370772557844,1,8.0,7029
12.881970707889181,9,2.0,5840
12.883100674571594,13,8.0,-2119
12.883329626966338,7,5.0,4855
12.883395583593403,5,4.0,0
12.883831471042228,17,3.0,-590
12.884114731082839,7,6.0,6412
12.884248799542906,6,2.0,6656
12.884554912458409,6,3.0,6906
12.884562924455347,7,3.0,3284
12.884844176107801,6,3.0,6856
12.885208776739928,13,2.0,-2873
12.885208776739928,17,2.0,-2873
12.885399921235782,13,1.0,-2259
12.885871935221957,14,3.0,-3123
12.886171905672606,10,1.0,6869
12.886238897338417,1,2.0,7030
12.886395914487672,13,1.0,-2490
12.88712988188071,13,2.0,-2441
12.888093442365092,9,6.0,5280
12.888874151671038,6,56.0,7008
12.88905778560517,1,2.0,7031
12.890565415570679,6,6.0,6839
12.890903366522636,7,3.0,5793
12.891534915033716,13,1.0,-3103
12.891733705264322,13,1.0,-2377
12.891867265412449,13,2.0,-2219
12.892527604047254,7,2.0,5190
12.892621436487211,9,1.0,6401
12.892729439737336,5,1.0,0
12.892999565325255,7,1.0,4183
12.893174379440973,1,5.0,7032
12.893192891726176,7,2.0,2042
12.89393883148394,13,2.0,-2334
12.893953642876196,1,5.0,7033
12.894199571017763,13,3.0,-3073
12.894542953655424,13,2.0,-2372
12.89454373011553,7,5.0,6635
12.89462667546525,14,6.0,-2930
12.89462667546525,17,6.0,-2930
12.894701153482726,7,2.0,5696
12.895312140385991,7,5.0,6632
12.895488737281308,7,4.0,3753
12.896010218314924,13,6.0,-2307
12.89616627551868,13,2.0,-3142
12.896742914502644,13,2.0,-2304
12.896807493264928,5,3.0,0
12.897193081619182,9,1.0,5694
12.898426860393965,5,8.0,0
12.898642009613077,7,7.0,6428
12.899407908068499,14,7.0,-2889
12.899407908068499,17,7.0,-2889
12.89987641991208,13,1.0,-2430
12.900009451770027,13,1.0,-2731
12.900783197892434,9,6.0,5090
12.901230170449903,13,1.0,-2318
12.901275611749522,9,1.0,6116
12.901801750813332,5,16.0,0
12.903152635912528,7,1.0,6411
12.903309234019918,5,1.0,0
12.903917155120716,6,3.0,6322
12.905019364977013,13,4.0,-2207
12.905097103288485,113,41.0,-3030
12.905396193893306,13,3.0,-2952
12.905726809749897,5,8.0,0
12.905921120582247,17,1.0,-740
12.90599145269131,13,1.0,-2824
12.906233523458775,1,5.0,7034
12.90644980217455,6,2.0,6350
12.906713027225383,13,5.0,-2289
12.90692896454152,1,2.0,7035
12.906987312629544,13,2.0,-3136
12.9070926560787,7,3.0,5407
12.907148734508091,1,5.0,7036
12.907655596320243,9,7.0,5057
12.907724453217515,5,10.0,0
12.907890786958205,7,6.0,5812
12.90873331950392,14,4.0,-2435
12.908797933889597,14,12.0,-2568
12.908962580644133,13,5.0,-2142
12.90901994024666,6,1.0,6438
12.909079806605328,6,5.0,5692
12.909909934855126,5,1.0,0
12.909954093403476,5,13.0,0
12.910155709298314,13,12.0,-2445
12.910317422455188,1,1.0,7037
12.910444287347877,6,2.0,7030
12.910649708982088,9,10.0,5513
12.911381498090082,14,3.0,-2635
12.91162519548098,17,13.0,-274
12.91180236693914,13,2.0,-2209
12.91180236693914,17,2.0,-2209
12.911831503528083,5,2.0,0
12.911874357246873,14,2.0,-3021
12.912066403777526,7,3.0,2607
12.912564612376192,5,28.0,0
12.913489686355618,13,2.0,-3145
12.91357756181569,13,1.0,-2732
12.914148537696326,5,1.0,0
12.914210714164568,14,3.0,-3108
12.914263489909535,8,13.0,5243
12.914379261929847,6,2.0,6723
12.914815722662146,14,2.0,-3028
12.915021213666781,14,3.0,-2796
12.915116987538568,6,3.0,5594
12.915601716376505,7,5.0,6351
12.915925361460962,13,3.0,-2776
12.916052651555177,13,2.0,-2381
12.916579092217207,7,4.0,4376
12.916635269422189,6,1.0,6992
12.917763085957837,13,2.0,-2593
12.917822768840068,6,1.0,6691
12.918040078063765,7,2.0,5595
12.918392771856158,13,1.0,-2567
12.919150352211869,13,1.0,-2669
12.919242830666105,13,1.0,-2760
12.919543089921502,7,10.0,3708
12.919575833139646,14,3.0,-2565
12.919575833139646,17,3.0,-2565
12.919908032660432,7,2.0,5970
12.920115724915426,6,29.0,4471
12.920327644324225,7,2.0,6305
12.920421132312928,13,18.0,-2499
12.92042418013765,6,1.0,6894
12.920612285140583,13,3.0,-2712
12.921431525351673,5,15.0,0
12.92181242704984,14,4.0,-2161
12.921844853443915,13,1.0,-2144
12.92191664891306,13,4.0,-2797
12.92208608329003,14,4.0,-3074
12.923621862146069,14,3.0,-2215
12.923776437093226,1,2.0,7038
12.925048967525564,5,4.0,0
12.925247936267157,5,2.0,0
12.92551488935856,1,6.0,7039
12.925787808571346,13,2.0,-2629
12.925789253719405,6,1.0,6794
12.92596680238851,17,2.0,-603
12.92659271844041,9,1.0,5929
12.9267453504589,7,2.0,6128
12.926896311933083,12,5.0,6909
12.926983993384573,5,1.0,0
12.927239652665792,6,1.0,6999
12.927615820512038,7,9.0,6045
12.928437715704247,5,1.0,0
12.928592183000712,10,7.0,6696
12.929510703518446,14,9.0,-2170
12.929510703518446,17,9.0,-2170
12.929599997562402,14,3.0,-2811
12.929825272191332,5,11.0,0
12.92989658950611,5,8.0,0
12.929959311251297,13,1.0,-2937
12.930035023215812,14,6.0,-3068
12.930224742327733,6,2.0,6888
12.930236311345423,6,7.0,5409
12.930582684092009,9,2.0,5397
12.931493708535209,8,13.0,4428
12.931841855476078,7,6.0,4746
12.93256144676481,5,3.0,0
12.932957726814537,8,6.0,6430
12.93364256566422,13,2.0,-2564
12.93364256566422,17,2.0,-2564
12.934060116848055,14,4.0,-3138
12.93428894054013,13,48.0,-3080
12.93428894054013,17,48.0,-3080
12.934355690659274,6,9.0,6442
12.934985111650393,14,1.0,-2934
12.935203246672799,6,4.0,6900
12.935556551055855,13,3.0,-2432
12.935556551055855,17,3.0,-2432
12.936008878580385,6,3.0,6500
12.936604858546618,6,1.0,6306
12.936788745132578,17,3.0,-1441
12.936979241924657,9,5.0,2994
12.937212260546762,9,11.0,5767
12.937471819471854,7,1.0,5621
12.937494866997572,4,4.0,7040
12.938338388191811,4,20.0,7041
12.938498288922386,7,3.0,4744
12.938498288922386,16,3.0,4744
12.938658365691259,6,10.0,6990
12.938755998098522,1,5.0,7042
12.939123652787414,7,5.0,5023
12.939344644201814,7,2.0,5855
12.939451773822574,6,3.0,6063
12.939464549841691,13,3.0,-2475
12.939470534566125,5,4.0,0
12.939717325840203,7,4.0,3785
12.939779524924818,7,3.0,6297
12.940803554368175,5,1.0,0
12.940943437109214,113,54.0,-2775
12.941236800129792,7,2.0,5656
12.941333954264621,14,1.0,-2143
12.941333954264621,17,1.0,-2143
12.941355667694491,17,4.0,-9
12.941381955840377,9,17.0,6812
12.942406529416916,7,10.0,5611
12.942412474312938,7,1.0,6387
12.942433715504144,6,2.0,6924
12.943605004274174,6,1.0,6709
12.944384261742046,14,6.0,-2540
12.94472757678867,1,3.0,7043
12.944871673780945,6,2.0,3773
12.944943886445701,6,4.0,5559
12.945236380060377,1,3.0,7044
12.94584848943994,5,8.0,0
12.946068032776433,7,12.0,5553
12.94609498229816,8,3.0,6420
12.946157042233041,13,2.0,-2587
12.946163056180517,13,2.0,-2279
12.946516920795192,7,10.0,5576
12.946661045260441,14,7.0,-2539
12.947131907547913,7,13.0,6345
12.947640203227099,7,3.0,6300
12.947765420664437,6,13.0,6771
12.948451059279689,7,5.0,5110
12.949706106266284,14,7.0,-3125
12.949706106266284,17,7.0,-3125
12.95017456645008,5,3.0,0
12.950313266984397,13,1.0,-2755
12.95064705544239,13,3.0,-2386
12.951164624337752,7,2.0,5289
12.951553844522588,7,2.0,6110
12.951606363328278,8,4.0,5871
12.95202826803633,7,8.0,5132
12.952940384568638,14,6.0,-2195
12.952966833237827,5,3.0,0
12.953542241806254,13,3.0,-2616
12.953542241806254,17,3.0,-2616
12.95423355669797,7,3.0,6708
12.954275846080455,7,5.0,2566
12.954844516296426,8,6.0,4975
12.955516891552136,5,1.0,0
12.956365786256864,5,3.0,0
12.956871003406636,14,1.0,-2471
12.957096735808893,9,6.0,4793
12.95787162355953,10,5.0,6985
12.958249343986173,14,2.0,-2476
12.958496974365051,17,6.0,-933
12.959267110802754,14,4.0,-2355
12.959707759222582,7,6.0,3999
12.959824784784232,1,2.0,7045
12.960337019015345,14,1.0,-2220
12.960428141526691,13,1.0,-3121
12.960968568729156,13,3.0,-2291
12.961640921361635,8,1.0,5408
12.961845848336957,14,2.0,-2176
12.961845848336957,17,2.0,-2176
12.96204309139803,7,8.0,5979
12.962227108827229,7,3.0,5983
12.962955477061907,5,1.0,0
12.964599671589971,8,10.0,6582
12.964610250664121,5,10.0,0
12.965071992051602,14,2.0,-2438
12.966329672812385,14,24.0,-2537
12.966648608210276,6,3.0,7009
12.966802214284897,9,1.0,6400
12.9668406647676,6,2.0,6976
12.96689600709934,6,2.0,6538
12.966944075555949,13,3.0,-2488
12.967010856685885,13,2.0,-2505
12.967251377846214,13,1.0,-2130
12.967251377846214,17,1.0,-2130
12.96759378091861,17,2.0,-468
12.968104166757191,13,3.0,-2104
12.968851853779274,1,2.0,7046
12.96927553183084,7,50.0,6467
12.969354110078413,5,2.0,0
12.9693862968496,6,2.0,6955
12.969708713455733,9,1.0,4293
12.969803824837113,7,2.0,5663
12.969813797839786,6,5.0,6047
12.970205027802717,13,1.0,-2424
12.970335465260966,7,33.0,5465
12.970750670007888,6,5.0,7033
12.97100920752928,9,3.0,5966
12.971842644160148,6,5.0,6141
12.97192638443251,13,1.0,-2909
12.971929090293932,6,6.0,6844
12.972003144556487,5,2.0,0
12.972332227422797,13,3.0,-2332
12.972796909955942,13,6.0,-2165
12.973486212673393,8,17.0,5980
12.973646366491433,14,6.0,-3079
12.974330903259101,7,1.0,5951
12.974548546299097,7,17.0,5274
12.97577334356463,6,1.0,6841
12.975933363427332,13,2.0,-2573
12.975933363427332,17,2.0,-2573
12.976036828781574,5,10.0,0
12.976899442865662,11,50.0,6785
12.977611053005695,6,6.0,6246
12.978992566461379,13,3.0,-2683
12.979156784329229,14,17.0,-2910
12.97931935697306,7,5.0,6640
12.979439998229964,14,13.0,-3143
12.980033810567868,6,31.0,6816
12.981289251317707,8,4.0,3744
12.981359379544186,13,7.0,-2481
12.981502726170662,13,18.0,-2532
12.981520203812458,7,6.0,5615
12.981621037289328,7,1.0,5713
12.981851978442691,6,3.0,6747
12.98342790617945,5,4.0,0
12.983671140001258,7,5.0,6097
12.983734024367772,3,52.0,7047
12.985704565824808,7,2.0,4847
12.986364919984945,14,4.0,-2553
12.986489257561107,8,1.0,5271
12.987069603026978,13,6.0,-2367
12.987124280278056,13,4.0,-2815
12.987591390100727,7,8.0,6362
12.988454115538252,1,3.0,7048
12.988461467352428,7,5.0,4853
12.988713865730553,7,6.0,4494
12.988781869453742,6,4.0,6796
12.989022328390385,13,2.0,-2306
12.989512574941122,14,18.0,-3035
12.990449890383287,5,1.0,0
12.99099080998499,9,39.0,4536
12.99146194881749,7,4.0,5770
12.991768540847008,7,3.0,5290
12.992747977117094,5,5.0,0
12.992794669742606,14,1.0,-3096
12.993399862959121,7,4.0,6404
12.994893052846457,7,1.0,6358
12.994940836634543,5,1.0,0
12.996507991650745,13,3.0,-3064
12.996550667153253,14,4.0,-2611
12.996578071466669,10,7.0,7018
12.996845752614535,5,1.0,0
12.997418538221329,13,2.0,-2645
12.997490834968453,6,11.0,6252
12.998390456098393,7,3.0,6389
12.99883483217279,14,1.0,-3133
12.998884366112545,1,6.0,7049
12.999222275926645,13,2.0,-2234
12.99923171621596,6,1.0,6802
12.99924377168653,7,1.0,6558
12.999329491086387,13,2.0,-2684
12.999382325586934,13,2.0,-2575
12.999602294604301,6,49.0,6727
12.999688271492312,17,2.0,-1176
13.000544306031623,7,1.0,5549
13.001534683401498,13,1.0,-3187
13.002299930446384,14,5.0,-3651
13.003242483607208,13,1.0,-3235
13.003660142570364,14,3.0,-3504
13.003878187490118,14,1.0,-3161
13.00408618133203,15,1.0,-664
13.004805140007177,13,5.0,-3400
13.005016890747848,1,2.0,7050
13.005555869015048,8,6.0,5798
13.005938137617807,7,2.0,6446
13.006281180017446,18,,0
13.00635795879247,13,2.0,-3390
13.006447552527979,9,1.0,4648
13.006506730596266,101,5.0,7051
13.006948373495813,18,,0
13.006971750067112,6,2.0,4543
13.007030890446073,101,1.0,7052
13.007274253415861,13,12.0,-3293
13.007589599741038,5,3.0,0
13.007721401958879,7,2.0,5556
13.008203529786359,6,4.0,6922
13.008594604516905,7,4.0,6295
13.008764519382096,6,1.0,6732
13.008834133811344,13,5.0,-3481
13.010227203851318,5,6.0,0
13.010290527676204,13,2.0,-3474
13.010578035025317,1,5.0,7053
13.0106902900919,7,1.0,4018
13.010937197048142,6,3.0,6768
13.011022744983306,13,2.0,-3461
13.011768963655804,7,4.0,5002
13.011842282195095,5,4.0,0
13.011887893607739,8,1.0,5725
13.012136347429024,6,3.0,7022
13.013458161106595,7,12.0,5934
13.013893782168328,16,8.0,1214
13.014166372167338,7,21.0,3804
13.014707655742127,1,2.0,7054
13.015844994480815,7,2.0,6555
13.016141577387522,6,1.0,6798
13.016891463072737,5,1.0,0
13.01713115605678,7,1.0,6390
13.017131764265313,7,1.0,5345
13.017197093871951,7,5.0,6598
13.017487876949836,7,12.0,5201
13.017840163616016,5,5.0,0
13.018371508429357,5,3.0,0
13.018587800125584,6,2.0,5050
13.018598470995439,14,57.0,-3589
13.018827757708285,10,20.0,7041
13.018869694943024,7,2.0,6425
13.01921599963646,7,1.0,1254
13.019276394377455,7,5.0,6323
13.01977431990974,7,2.0,4959
13.02011861750198,1,7.0,7055
13.020464452181432,6,2.0,7000
13.021605772084285,5,29.0,0
13.02227406977195,7,5.0,5312
13.022596950610874,14,1.0,-3607
13.022968758543778,5,1.0,0
13.023650575530313,1,2.0,7056
13.026731722014576,9,3.0,3991
13.026994184239916,14,58.0,-3548
13.0271113470386,13,1.0,-3660
13.027492265502154,13,2.0,-3537
13.027537002429513,8,13.0,5273
13.02871881652016,8,5.0,5692
13.02937958853291,18,,0
13.029587795409343,101,8.0,7057
13.03035258913304,7,4.0,6464
13.030745968633621,9,1.0,5355
13.03081325066453,13,2.0,-3194
13.031347520394268,6,3.0,6946
13.031491074172273,7,37.0,6216
13.03222824640037,7,3.0,6262
13.032572394022242,16,34.0,1180
13.033145742018998,1,1.0,7058
13.033458321962335,6,6.0,6566
13.034011454294635,5,2.0,0
13.034042160441357,13,13.0,-3227
13.035597466840631,9,3.0,3937
13.036004438370197,9,29.0,3549
13.036107294471007,5,11.0,0
13.03634304191763,7,5.0,6605
13.03639593484798,18,,0
13.036602231717966,101,1.0,7059
13.036757110135687,13,2.0,-3229
13.037838865523515,13,3.0,-3355
13.037874945080654,5,2.0,0
13.039007941933969,5,2.0,0
13.040485327662564,9,36.0,1527
13.040847976584338,16,1.0,1632
13.040951721287318,9,8.0,3244
13.04100192589945,13,22.0,-3353
13.041453062301477,13,3.0,-3292
13.041907217386823,6,1.0,6665
13.042374670630933,16,57.0,1406
13.042483182321526,9,2.0,5140
13.042511468289108,6,4.0,6961
13.042590822227359,5,3.0,0
13.0428310693677,5,11.0,0
13.043800613242999,6,2.0,7054
13.04473896048964,14,7.0,-3306
13.0459014989799,13,5.0,-3517
13.046003642850813,13,1.0,-3594
13.047054002265451,6,6.0,5680
13.047085535932883,9,5.0,5362
13.04822304579153,7,6.0,3485
13.04892220642167,9,6.0,5505
13.049233677926114,7,26.0,6349
13.050183923159338,1,2.0,7060
13.050568904484768,9,4.0,5628
13.05095606792677,7,3.0,5236
13.051734658960212,15,3.0,-494
13.05203643453638,11,12.0,6330
13.052822905919811,7,39.0,3747
13.053051992693367,16,6.0,1907
13.053053090735391,6,5.0,6728
13.05306744164337,7,2.0,6505
13.053218803971518,6,7.0,7012
13.053812128710785,5,3.0,0
13.053872408773607,7,8.0,6372
13.054264660569014,13,3.0,-3522
13.055026682509327,15,1.0,-647
13.055102600247393,6,17.0,6130
13.05567108290733,13,1.0,-3321
13.057342195551081,8,3.0,6088
13.057346124658624,1,9.0,7061
13.057386495405831,13,3.0,-3255
13.057807510560053,9,1.0,4767
13.05902215359253,14,4.0,-3466
13.059126882038841,6,1.0,5198
13.0597213325149,6,5.0,6852
13.060060812344137,13,4.0,-3259
13.060198345541274,2,6.0,7062
13.0604261433507,15,1.0,-439
13.061222748762486,7,3.0,4765
13.061659024118192,5,2.0,0
13.061874401254254,1,17.0,7063
13.06191995150764,1,10.0,7064
13.061947564443802,10,25.0,6880
13.063177246638807,6,1.0,6932
13.063307136190687,7,3.0,6577
13.064460561068728,7,11.0,6382
13.065155154743099,6,3.0,6473
13.065311221312228,7,2.0,5888
13.065884804160472,7,5.0,4649
13.066087201195419,9,3.0,4529
13.06613255225277,7,1.0,4592
13.06699777287636,7,5.0,5249
13.06708728013653,13,1.0,-3652
13.067168835197334,9,4.0,5871
13.06790462055045,5,2.0,0
13.067944967970346,13,2.0,-3425
13.068118161619891,6,11.0,6026
13.069261915390694,6,2.0,6840
13.06988027389939,17,1.0,-2379
13.070029243775195,14,2.0,-3231
13.070306919047967,6,3.0,6753
13.070543864886778,1,2.0,7065
13.070563102847272,13,2.0,-3391
13.071006844986558,5,1.0,0
13.071067676799085,14,17.0,-3346
13.071620787492387,7,1.0,5739
13.072083003208967,7,6.0,6254
13.072675097008746,7,1.0,6743
13.072787887261219,13,2.0,-3470
13.072848135610597,6,11.0,6550
13.072881871273657,5,5.0,0
13.073438472131976,5,3.0,0
13.075255454455872,13,1.0,-3445
13.075509703593367,5,8.0,0
13.075512442131092,14,3.0,-3649
13.075626696187694,5,12.0,0
13.076040207233252,9,2.0,5704
13.076440298487732,13,1.0,-3506
13.076725989100812,9,5.0,6465
13.077427371367733,8,11.0,4859
13.07790627446669,5,1.0,0
13.078024408030249,16,5.0,1126
13.07804152101866,6,7.0,6860
13.078206818723695,7,38.0,3312
13.078242347490098,5,1.0,0
13.079291048385423,13,4.0,-3364
13.079313890620025,6,8.0,5734
13.079425996870876,5,7.0,0
13.079503642175181,5,3.0,0
13.079721795027572,4,1.0,7066
13.079774477170783,6,2.0,6250
13.079913669152957,5,1.0,0
13.080280900398089,17,3.0,-1472
13.080531527,14,1.0,-3367
13.080875243283186,5,3.0,0
13.080965469830636,17,17.0,-1808
13.081452150004248,5,1.0,0
13.081596635557787,5,1.0,0
13.081700768841866,5,1.0,0
13.08179060929564,9,15.0,2193
13.081801592409548,6,1.0,7021
13.082097039706639,4,1.0,7067
13.082764840790313,5,2.0,0
13.083223083940064,8,14.0,6570
13.083340553550233,5,2.0,0
13.084035034847318,5,2.0,0
13.084113019997806,17,12.0,-1223
13.084134742211553,5,2.0,0
13.084192082370036,5,1.0,0
13.084512297156724,13,2.0,-3175
13.084652400630635,14,1.0,-3586
13.085011476954655,5,3.0,0
13.085035918906456,5,5.0,0
13.085138394256218,7,12.0,5844
13.085638939451641,13,5.0,-3275
13.086015212835827,3,10.0,7068
13.086793073055569,17,6.0,-1359
13.087110559580497,17,5.0,-2322
13.087803192393242,16,48.0,610
13.087854128628296,6,41.0,6995
13.08792612417723,5,2.0,0
13.088066171795873,7,6.0,5626
13.088105372857472,5,53.0,0
13.089065141986378,13,3.0,-3528
13.089137242632576,7,7.0,6459
13.089574039902669,14,1.0,-3432
13.092160803868492,13,1.0,-3376
13.092221702037117,14,5.0,-3403
13.093083661008155,4,2.0,7069
13.094193657004773,6,4.0,6201
13.09457487346113,10,46.0,6854
13.094818736951275,7,5.0,6361
13.095579934333482,6,2.0,6072
13.095581328024023,6,2.0,6893
13.095628116100427,15,31.0,-132
13.095628116100427,17,31.0,-132
13.095767749120458,6,1.0,4824
13.096449420156613,7,4.0,4591
13.09685174868172,15,1.0,-574
13.09713322362365,5,1.0,0
13.097376362662612,6,7.0,5795
13.097805246049514,7,3.0,6535
13.097946742803412,9,7.0,4397
13.098804861089851,6,2.0,6521
13.098892992398232,13,1.0,-3557
13.099084992204014,17,1.0,-1267
13.099248475074393,13,2.0,-3451
13.099844839374281,14,13.0,-3291
13.100185529779528,7,8.0,6541
13.10046895850058,14,7.0,-3411
13.100827882892176,14,6.0,-3204
13.101478950903612,13,4.0,-3597
13.101478950903612,17,4.0,-3597
13.102639747906853,17,6.0,-1276
13.1027485743772,5,2.0,0
13.10389449950816,8,5.0,6725
13.10431069320281,5,2.0,0
13.104383112869993,1,19.0,7070
13.104573222979264,13,2.0,-3374
13.104659578694756,6,3.0,6916
13.104755511357142,8,1.0,6524
13.104835385493066,6,2.0,7056
13.105203323900987,7,3.0,6469
13.106365744017783,13,1.0,-3585
13.10706406043911,8,5.0,3774
13.107179127983738,9,2.0,3552
13.108168245151488,1,1.0,7071
13.108410386476328,11,56.0,5454
13.109601146944913,5,2.0,0
13.110304497238701,7,1.0,5737
13.110843635103508,8,2.0,6746
13.11095199612499,14,4.0,-3497
13.11121306851231,5,3.0,0
13.112047752527271,6,5.0,7032
13.112266857932081,7,32.0,4539
13.113081205602997,6,3.0,6910
13.113887543325674,7,2.0,5716
13.114054711749151,5,2.0,0
13.114164554706896,5,6.0,0
13.114673345366757,6,2.0,7065
13.114971226647048,5,8.0,0
13.11540289466288,14,5.0,-3516
13.115721910346592,14,1.0,-3512
13.115766810834524,7,1.0,4007
13.115932160941492,7,2.0,5959
13.118059854004358,4,4.0,7072
13.118357068222865,6,3.0,5825
13.118762805383602,17,1.0,-852
13.119338844094013,13,3.0,-3336
13.119527078723156,7,3.0,5257
13.119830046689383,7,1.0,6028
13.12024839357189,6,3.0,6952
13.121304172286845,5,3.0,0
13.1220367453835,11,14.0,5509
13.12232042134298,7,2.0,5728
13.1223735890212,13,8.0,-3226
13.122735653620325,5,1.0,0
13.122867693319854,13,2.0,-3253
13.122867693319854,17,2.0,-3253
13.124476846833419,5,7.0,0
13.124795751873481,9,8.0,4716
13.124924953039013,9,6.0,4975
13.124966170071511,1,8.0,7073
13.125009336239101,17,2.0,-1485
13.125102608165253,6,2.0,6767
13.125345475093608,1,1.0,7074
13.126375290443718,7,1.0,6179
13.12711692037848,1,3.0,7075
13.12741791319237,7,4.0,5924
13.127457230723097,7,16.0,3415
13.128027200995568,14,1.0,-3214
13.128027200995568,17,1.0,-3214
13.128467174741864,7,35.0,4885
13.128865649977616,5,1.0,0
13.129755509617548,8,2.0,7030
13.130330377716406,13,5.0,-3301
13.131250472892196,7,3.0,6403
13.131350039680306,5,5.0,0
13.131483022928686,14,1.0,-3507
13.132190743634276,4,13.0,7076
13.13299447668584,7,5.0,6223
13.133008621907845,1,6.0,7077
13.133230470215535,17,2.0,-381
13.133569698019915,7,2.0,5323
13.134206408197938,7,6.0,6376
13.134549591903273,6,9.0,7061
13.134818975648209,5,2.0,0
13.13491004220834,1,2.0,7078
13.135416444536064,7,1.0,6842
13.135643212241517,1,31.0,7079
13.138401846020995,7,9.0,6381
13.138831357788757,7,53.0,2345
13.13905045502692,5,4.0,0
13.139671849750217,6,2.0,6662
13.14055364262986,6,3.0,5901
13.140578692715373,5,1.0,0
13.140766984584001,6,2.0,6754
13.141938030233081,6,5.0,6458
13.14203395226862,5,1.0,0
13.142223390353767,13,1.0,-3274
13.142223390353767,17,1.0,-3274
13.142367753969001,15,2.0,-189
13.142408542945292,1,3.0,7080
13.143394434349878,14,1.0,-3611
13.143539041094009,13,2.0,-3503
13.143539041094009,17,2.0,-3503
13.144091719767692,5,3.0,0
13.1442304564657,7,29.0,4122
13.144324217646115,7,1.0,3754
13.144550083373899,13,2.0,-3575
13.14527424747334,6,2.0,6627
13.145330287366182,7,17.0,2396
13.145861180718164,5,1.0,0
13.146331232778818,5,2.0,0
13.146644464947531,5,9.0,0
13.1466776488162,13,2.0,-3219
13.146787705738204,1,3.0,7081
13.14729361019639,9,2.0,2621
13.147585864786741,1,9.0,7082
13.147902501409849,13,1.0,-3370
13.14797229197832,11,17.0,6272
13.148054563474737,13,4.0,-3464
13.148264274389522,13,10.0,-3457
13.148307961198634,7,2.0,4954
13.148738078940873,1,8.0,7083
13.148992315988295,5,2.0,0
13.149488689933982,14,1.0,-3326
13.150112558426065,6,2.0,7060
13.150470353554544,5,8.0,0
13.15103187072055,5,9.0,0
13.152066539032212,9,3.0,6420
13.152609648962116,9,1.0,5519
13.153622736338352,6,9.0,6865
13.153960044954541,5,3.0,0
13.155389285858776,13,1.0,-3569
13.155970256619927,6,13.0,3956
13.156467343477505,7,3.0,6497
13.157112818781073,7,6.0,3812
13.158588056803072,13,2.0,-3462
13.158588056803072,17,2.0,-3462
13.160359080015992,1,6.0,7084
13.16050596917548,7,1.0,6474
13.160643813216028,14,4.0,-3316
13.160643813216028,17,4.0,-3316
13.160664865115386,1,15.0,7085
13.16077934973416,1,8.0,7086
13.160793531441188,7,1.0,6440
13.161638400592269,14,2.0,-3368
13.161684565708178,10,52.0,7047
13.162387044965286,5,5.0,0
13.163194423230626,14,2.0,-3354
13.163194423230626,17,2.0,-3354
13.163428571142976,6,7.0,5722
13.163773179105227,9,1.0,4822
13.164865929498369,5,3.0,0
13.165831958489937,6,2.0,7002
13.165927283046281,113,22.0,-3533
13.166114574787008,17,3.0,-1117
13.166642314158976,16,3.0,2998
13.166705955538093,9,4.0,4838
13.167401457186095,6,3.0,6947
13.16740611221344,7,2.0,5826
13.167436602988914,1,1.0,7087
13.167444799378353,7,8.0,5395
13.167676258717929,6,6.0,7049
13.169153049273477,5,1.0,0
13.170406570593716,7,3.0,5608
13.170483575119675,7,1.0,5491
13.170573089204971,113,58.0,-3667
13.1720692203609,13,9.0,-3395
13.172194579701205,1,1.0,7088
13.172229664402884,6,1.0,5841
13.17296540207194,14,1.0,-3266
13.173504995713404,14,4.0,-3656
13.174035927592039,6,3.0,7048
13.175366433931357,5,1.0,0
13.175850775746126,1,2.0,7089
13.17762457780096,13,1.0,-3260
13.17774588792846,6,6.0,6380
13.17830590243804,7,1.0,6587
13.178818067472124,1,6.0,7090
13.179882941262674,14,8.0,-3240
13.179882941262674,17,8.0,-3240
13.180067206217341,6,1.0,6901
13.1800834887381,13,19.0,-3671
13.1800834887381,17,19.0,-3671
13.18010801903792,5,29.0,0
13.180525153439376,13,1.0,-3299
13.180989264791247,13,1.0,-3601
13.181106082916319,7,3.0,4871
13.181158440126929,13,1.0,-3664
13.181375523464594,13,2.0,-3311
13.181401311309495,6,9.0,6862
13.181766880967745,5,2.0,0
13.183535430265346,5,1.0,0
13.184008353426691,7,18.0,6074
13.18428003976479,15,1.0,-257
13.184339559510937,5,4.0,0
13.184603158166919,9,6.0,6303
13.185010056585764,7,4.0,5776
13.187939474231108,16,2.0,1572
13.187999276548235,8,3.0,6779
13.188418461922215,8,4.0,6805
13.188429913619043,13,1.0,-3401
13.18922817345279,5,2.0,0
13.189290024415733,6,2.0,6784
13.189784833952002,7,3.0,3893
13.19068504361212,5,3.0,0
13.190771073275021,14,2.0,-3340
13.192298951057381,1,4.0,7091
13.192877320244996,13,1.0,-3592
13.19325450449455,9,13.0,5243
13.19339964115681,14,2.0,-3283
13.193440915334437,5,2.0,0
13.193833003844112,13,3.0,-3330
13.193833003844112,17,3.0,-3330
13.193881371395795,7,11.0,4523
13.19510184240921,7,4.0,6602
13.195363806658863,9,1.0,5105
13.196519155309979,7,28.0,5052
13.197021814188956,14,6.0,-3196
13.197470664452002,1,9.0,7092
13.197600786934464,5,30.0,0
13.197956573376956,13,1.0,-3236
13.198386527902674,1,4.0,7093
13.199071119076182,1,5.0,7094
13.199144277340528,14,7.0,-3554
13.199237699466057,7,1.0,4809
13.199422430305525,7,5.0,4500
13.199725333244269,5,4.0,0
13.199860118394067,7,4.0,4197
13.199942907494494,13,3.0,-3429
13.199942907494494,17,3.0,-3429
13.20011426394538,5,3.0,0
13.200582476689748,8,7.0,6563
13.201149551690982,7,5.0,5230
13.201472184819794,5,2.0,0
13.203415968914895,6,5.0,7034
13.203555758075908,7,1.0,6724
13.203586888291843,13,1.0,-3608
13.205057172199314,6,1.0,6997
13.205470670599412,13,7.0,-3328
13.20645107278397,14,6.0,-3428
13.206530056646882,17,2.0,-255
13.207402981666753,14,2.0,-3545
13.207738257120418,13,3.0,-3531
13.208010726373766,7,5.0,5536
13.208261437509927,1,4.0,7095
13.208578751053041,14,2.0,-3288
13.208578751053041,17,2.0,-3288
13.208661528326505,13,1.0,-3480
13.208702162423027,6,3.0,6596
13.209075592755681,7,14.0,6317
13.209250505677682,5,4.0,0
13.209526302503416,13,8.0,-3653
13.209616236227095,10,2.0,7069
13.210941066958567,7,36.0,2397
13.211138447799526,4,3.0,7096
13.211986396529442,7,4.0,5738
13.212104007909119,6,3.0,5058
13.213366474829526,1,2.0,7097
13.214088664422551,15,1.0,-826
13.214088691592373,13,1.0,-3180
13.215444375715222,13,6.0,-3221
13.215444375715222,17,6.0,-3221
13.215909703694344,7,13.0,6751
13.2163682933239,6,2.0,7046
13.216405897232285,7,18.0,6554
13.216457111799139,13,5.0,-3500
13.216642120090151,9,58.0,6006
13.21674332413245,2,5.0,7098
13.21695387272692,13,11.0,-3181
13.21695387272692,17,11.0,-3181
13.217294342960063,6,7.0,7055
13.217375978891086,13,1.0,-3324
13.217577977559698,5,2.0,0
13.217711336968973,7,11.0,5276
13.218066834097185,5,4.0,0
13.21816948486111,6,1.0,6876
13.218243906218916,5,8.0,0
13.218484398536084,13,2.0,-3296
13.218721398455683,7,2.0,6671
13.218962844864384,5,2.0,0
13.218998978952516,13,15.0,-3606
13.219092762154464,1,6.0,7099
13.219838669245526,15,2.0,-82
13.220154448682203,1,6.0,7100
13.220595309212767,13,4.0,-3384
13.221033946397215,6,2.0,7035
13.221245446980975,1,2.0,7101
13.221435362894296,14,3.0,-3463
13.221435362894296,17,3.0,-3463
13.221682534882422,14,2.0,-3613
13.221782018161804,6,1.0,6891
13.22197863102388,13,1.0,-3413
13.222166681195526,7,11.0,6071
13.222687674066384,13,1.0,-3595
13.223609742273837,6,3.0,6973
13.22415026406138,13,5.0,-3591
13.224654918054148,13,8.0,-3467
13.224751446140491,1,3.0,7102
13.225266422431918,5,11.0,0
13.225301756078942,7,1.0,6266
13.225749245062426,5,8.0,0
13.22662698644818,5,3.0,0
13.226946818026315,5,28.0,0
13.228060994116772,13,4.0,-3561
13.228060994116772,17,4.0,-3561
13.228470198835627,17,1.0,-2557
13.228750640557497,6,3.0,6595
13.228765445918214,6,24.0,4167
13.229689723139725,17,1.0,-1748
13.230079184894626,113,32.0,-3362
13.231978589172565,5,1.0,0
13.23279653658135,6,19.0,7070
13.23314212482354,1,56.0,7103
13.233330660255186,13,2.0,-3387
13.233661421792545,17,4.0,-693
13.2346163644779,14,5.0,-3351
13.23570055732795,1,1.0,7104
13.235990725839548,6,1.0,6857
13.236966362970282,7,2.0,4035
13.237103657227541,1,1.0,7105
13.237585526032175,6,1.0,6668
13.237717215113623,6,2.0,5460
13.238084382748657,5,2.0,0
13.238404664945937,13,2.0,-3630
13.238504470699317,8,6.0,6540
13.23851620775423,7,14.0,6086
13.238801173035377,14,3.0,-3426
13.238867854802987,16,12.0,2658
13.23924011442693,5,4.0,0
13.23946540648999,17,1.0,-443
13.239476206034432,6,1.0,3818
13.239540965831663,5,2.0,0
13.240073783477108,17,8.0,-1273
13.240950246898144,5,5.0,0
13.241143507049927,15,3.0,-287
13.241559380439568,5,3.0,0
13.241564196546959,14,3.0,-3538
13.242882144854914,15,1.0,-230
13.243284741445754,6,4.0,6731
13.244043802551207,5,4.0,0
13.244247535394505,6,10.0,7064
13.244289208455461,5,2.0,0
13.24469176456789,17,2.0,-239
13.244883772115417,7,1.0,4776
13.245050235010464,7,4.0,6186
13.245057535353288,17,2.0,-220
13.245522146269483,1,2.0,7106
13.245768063556906,7,6.0,3421
13.247089296348395,13,1.0,-3479
13.247089296348395,17,1.0,-3479
13.247770091410196,5,9.0,0
13.247969816274937,14,3.0,-3207
13.247969816274937,17,3.0,-3207
13.247982640587775,1,5.0,7107
13.248679153262293,13,13.0,-3215
13.249539921541022,5,24.0,0
13.249863608613488,6,4.0,5842
13.250678954498587,6,3.0,5859
13.251579716064784,13,3.0,-3183
13.251585680459652,14,6.0,-3349
13.251659165666451,1,4.0,7108
13.252153653281763,17,2.0,-926
13.252592031230009,14,1.0,-3344
13.255261016224935,7,1.0,6367
13.255605337285425,5,1.0,0
13.255651032531318,1,5.0,7109
13.255734807742051,7,10.0,5014
13.257061345882436,7,3.0,6552
13.257207288590983,6,1.0,6980
13.257355207810257,7,2.0,6260
13.257485496236255,10,13.0,6448
13.257629086004245,1,4.0,7110
13.258765833952472,5,1.0,0
13.25936340077497,13,2.0,-3333
13.260051903003635,17,2.0,-1547
13.261795412956198,17,2.0,-2502
13.262237110571828,7,3.0,5366
13.262368085576066,17,4.0,-2411
13.262384682070065,7,3.0,5803
13.262830764894883,1,3.0,7111
13.262930704346616,7,5.0,6653
13.26417613550908,13,1.0,-3172
13.264581439777952,6,3.0,7011
13.264904398229957,7,2.0,4113
13.267035650901073,5,2.0,0
13.267132930585964,7,22.0,4875
13.26718846188802,1,4.0,7112
13.268066003473802,14,4.0,-3404
13.268261010539648,6,2.0,7106
13.269576919407157,9,1.0,5909
13.270214328045169,5,4.0,0
13.270984091274556,9,4.0,5835
13.271752909855412,14,23.0,-3398
13.271752909855412,17,23.0,-3398
13.272712847404536,13,2.0,-3624
13.273195233425735,8,1.0,5449
13.274766037617589,8,3.0,6159
13.27487079835919,14,12.0,-3473
13.276219087145442,5,3.0,0
13.276369788586278,7,6.0,6617
13.276812757988981,1,14.0,7113
13.277470770595015,5,8.0,0
13.277752418371746,6,3.0,6454
13.278710913438637,9,31.0,6485
13.279192539822176,14,9.0,-3213
13.279288565276836,6,3.0,6809
13.279510015982796,5,4.0,0
13.27987758756477,9,3.0,4355
13.279956619732934,7,2.0,6697
13.280349713115246,8,6.0,5691
13.281227526192676,5,2.0,0
13.281371017094475,6,2.0,7014
13.28151756009698,5,1.0,0
13.281926044465603,7,37.0,1585
13.282752209940428,5,3.0,0
13.283305175948518,16,5.0,3484
13.283308513447512,9,2.0,4974
13.283521427154392,6,2.0,7007
13.283624502789866,7,4.0,6660
13.284133994428247,13,2.0,-3599
13.284955487212413,6,3.0,7081
13.2859431382993,1,4.0,7114
13.286190977258343,7,3.0,5429
13.2865516094085,13,53.0,-3237
13.286723751186978,1,4.0,7115
13.286758164035119,5,5.0,0
13.287063463080495,7,4.0,5040
13.28729607989541,5,3.0,0
13.28736458735722,6,6.0,7090
13.287494369591219,13,1.0,-3317
13.288256662782116,13,6.0,-3581
13.288337164308508,13,2.0,-3521
13.28967228426664,13,3.0,-3439
13.289995231811853,1,3.0,7116
13.290011636657923,6,5.0,6661
13.290730729586041,14,5.0,-3446
13.290765152963754,14,5.0,-3584
13.291604794733706,13,2.0,-3634
13.29172592137196,9,5.0,3774
13.292040518440452,6,9.0,6838
13.293063623821501,7,5.0,5015
13.293265631932925,7,1.0,5671
13.294223139150258,9,2.0,6019
13.294354410038707,2,2.0,7117
13.294596377927586,12,46.0,6854
13.29483975583031,8,2.0,5821
13.294840725605132,17,2.0,-2258
13.295167983661273,7,7.0,3275
13.295583239598546,7,2.0,6583
13.296134480679314,13,1.0,-3486
13.296506104237578,5,2.0,0
13.299009893641502,5,2.0,0
13.299062368368038,5,3.0,0
13.299478696067675,5,2.0,0
13.299805127340017,14,2.0,-3308
13.300499358487977,13,3.0,-3453
13.300643983612654,5,2.0,0
13.300736534707205,5,1.0,0
13.300907112521738,6,1.0,5662
13.301409489430018,113,26.0,-3297
13.301782388162078,7,2.0,6140
13.30193318950828,113,37.0,-3358
13.301942949480472,13,5.0,-3646
13.302068062966304,6,25.0,4917
13.302917602707387,5,4.0,0
13.303509345327932,5,2.0,0
13.30359355372861,9,7.0,5862
13.304850545405188,13,23.0,-3278
13.304850545405188,17,23.0,-3278
13.305529246551474,6,10.0,6982
13.305531817070435,14,2.0,-3405
13.306229736719336,13,2.0,-3547
13.306229736719336,17,2.0,-3547
13.307100863536238,14,8.0,-3587
13.3071763986386,5,2.0,0
13.307873445375673,6,4.0,4263
13.30919358298713,6,2.0,7016
13.309243680863151,17,1.0,-1130
13.309482956596614,1,1.0,7118
13.309547849875047,7,3.0,5783
13.310635455372148,1,3.0,7119
13.310937554214057,9,3.0,5675
13.312277639609407,13,2.0,-3174
13.312292326831477,1,2.0,7120
13.312378256146083,6,1.0,5813
13.312402657653209,6,3.0,4211
13.312893818238887,13,3.0,-3310
13.31507188581296,5,7.0,0
13.316136961506704,14,4.0,-3337
13.316435349985413,13,1.0,-3657
13.316509168734271,1,1.0,7121
13.316930653595353,7,50.0,3618
13.318575029202195,15,2.0,-206
13.318760258980298,5,4.0,0
13.31901911005324,1,3.0,7122
13.31919783274257,8,6.0,4905
13.319209317523411,13,1.0,-3460
13.319826027473201,6,18.0,6758
13.319996103494297,8,1.0,6798
13.320056368969428,5,1.0,0
13.320493382524432,8,21.0,6011
13.322659137847086,1,11.0,7123
13.322677231544612,13,4.0,-3437
13.323612990567282,17,3.0,-1976
13.32382750916753,13,5.0,-3489
13.32382750916753,17,5.0,-3489
13.324018146195531,9,1.0,3347
13.32444260813433,7,13.0,4574
13.32444260813433,16,13.0,4574
13.324648093423365,14,8.0,-3434
13.325654209927212,7,7.0,6547
13.325717609002286,6,1.0,6878
13.326185296505772,1,4.0,7124
13.326218466479197,3,40.0,7125
13.326886051544978,14,1.0,-3539
13.327100974305932,13,2.0,-3276
13.327303354402117,7,3.0,6514
13.32843473927892,5,1.0,0
13.328590370060223,7,38.0,4117
13.328605625979398,5,3.0,0
13.328694003267238,14,4.0,-3188
13.3289483817267,16,1.0,295
13.329132501702446,15,1.0,-91
13.329758684076477,1,3.0,7126
13.329813474781709,7,3.0,4923
13.330120283842394,5,1.0,0
13.33044416430742,6,22.0,6761
13.330980483442218,6,2.0,6861
13.33111329563352,5,3.0,0
13.332002352480558,5,4.0,0
13.332684685842047,1,1.0,7127
13.332952737355068,13,1.0,-3443
13.332952737355068,17,1.0,-3443
13.333555573996913,6,3.0,6445
13.333825244944473,5,5.0,0
13.33406059349176,14,24.0,-3210
13.334457490162864,8,56.0,7008
13.334951500127058,6,2.0,6863
13.334961463090035,14,1.0,-3505
13.334961463090035,17,1.0,-3505
13.335310906241743,5,4.0,0
13.335816491359758,6,8.0,7086
13.335897038084852,9,3.0,6194
13.337814237528994,13,1.0,-3416
13.338464101267865,7,11.0,6147
13.338581332411403,7,5.0,3627
13.338633667912386,13,1.0,-3494
13.339020953972117,1,4.0,7128
13.339327571576238,1,3.0,7129
13.34074799314618,14,47.0,-3366
13.341576080439449,13,3.0,-3361
13.342351632095975,14,1.0,-3424
13.342351632095975,17,1.0,-3424
13.342700679865912,6,4.0,6729
13.343087501448743,1,1.0,7130
13.343357339720859,13,2.0,-3490
13.344096125506535,6,8.0,6929
13.344564031492745,15,4.0,-686
13.345385653335544,10,5.0,6629
13.345448971095996,8,3.0,3872
13.345476711287063,6,2.0,6962
13.34578590142879,13,2.0,-3580
13.346204905473368,7,2.0,1170
13.346247765937992,17,3.0,-988
13.3464259862603,7,19.0,5944
13.347611999948013,13,1.0,-3217
13.34788036912564,9,24.0,6016
13.34812568463874,9,1.0,4823
13.348721241294255,7,1.0,4742
13.349885333034234,7,2.0,6356
13.351534636118899,6,2.0,4245
13.351762852428006,5,19.0,0
13.35209591718652,16,1.0,5504
13.352225135694018,5,4.0,0
13.35357138172412,17,1.0,-564
13.35446729055449,5,17.0,0
13.35517508213896,5,1.0,0
13.356131400268579,6,4.0,6680
13.35619346609944,1,6.0,7131
13.356227522511652,17,1.0,-2535
13.35626432748003,13,5.0,-3242
13.35626432748003,17,5.0,-3242
13.356278232704721,17,1.0,-1939
13.356537460996849,7,1.0,6835
13.356776927642874,5,2.0,0
13.356788020329434,7,3.0,4301
13.357368860934264,13,1.0,-3397
13.357467802361377,13,2.0,-3249
13.357467802361377,17,2.0,-3249
13.35761160515275,6,2.0,6073
13.358024130441084,7,1.0,6084
13.35837680539402,13,1.0,-3633
13.359115727962912,6,8.0,6456
13.359767396055497,5,1.0,0
13.360974111522147,6,3.0,7004
13.361698001851796,11,12.0,6592
13.362334765279197,7,22.0,6344
13.362961664964354,15,2.0,-279
13.363064093151404,7,2.0,5092
13.363530290579089,6,3.0,5994
13.363838067521462,7,3.0,2750
13.364110317136854,8,3.0,6034
13.364215425012787,14,3.0,-3335
13.364215425012787,17,3.0,-3335
13.364930107748446,14,8.0,-3472
13.365583565571384,17,2.0,-825
13.365938753980346,13,2.0,-3562
13.366809210112347,1,5.0,7132
13.367179926820395,7,3.0,6104
13.367198449186649,7,1.0,5743
13.36821640036034,6,5.0,6710
13.369281603910778,113,26.0,-3627
13.371786175331327,14,3.0,-3318
13.371786175331327,17,3.0,-3318
13.371971056321732,14,3.0,-3543
13.372528826072163,15,1.0,-731
13.37258469294165,6,9.0,7092
13.372865261163547,14,8.0,-3491
13.373064438070243,9,5.0,5003
13.373921157772958,6,3.0,6820
13.373976881788117,9,1.0,5481
13.374525225563225,7,3.0,6567
13.374732117432137,1,4.0,7133
13.375303084470175,5,47.0,0
13.375547090688642,7,2.0,6580
13.37590785590006,7,9.0,6193
13.37629343879136,9,9.0,5890
13.377172960356717,14,1.0,-3386
13.377899809099386,11,9.0,6819
13.379007221341743,14,5.0,-3431
13.379433136470636,13,2.0,-3170
13.381925613409802,17,3.0,-670
13.382117896419171,17,3.0,-2331
13.382259545423597,15,2.0,-807
13.38255027439735,5,4.0,0
13.382862291590998,7,16.0,5589
13.383065008038255,1,6.0,7134
13.383237127411197,5,5.0,0
13.38449518536435,5,2.0,0
13.385417069546289,6,2.0,6989
13.386081120754083,7,14.0,6626
13.386413746970423,7,3.0,3826
13.38666267504583,7,3.0,4808
13.386803071053324,7,3.0,5620
13.387080897309751,13,2.0,-3295
13.387080897309751,17,2.0,-3295
13.387211493485768,6,3.0,6887
13.387498492690579,5,4.0,0
13.388484539957904,8,2.0,6131
13.389096469578952,7,6.0,6536
13.389202997070926,14,7.0,-3421
13.389202997070926,17,7.0,-3421
13.389592376343009,6,4.0,6693
13.389894204863152,8,2.0,6461
13.391311245486726,12,5.0,5982
13.39148952178138,17,2.0,-1919
13.39289826469303,6,3.0,6877
13.393912770765033,1,4.0,7135
13.394594610706726,17,3.0,-221
13.39478377540398,7,3.0,6100
13.395196174367843,9,8.0,5470
13.395220187301891,13,1.0,-3417
13.397351397675063,6,5.0,7107
13.39743282324326,6,6.0,7077
13.397807797550513,6,1.0,6951
13.398285636671075,7,6.0,5780
13.398577346424254,6,14.0,6790
13.398643600234168,7,9.0,4957
13.398792233602617,13,1.0,-3211
13.398923653093103,5,4.0,0
13.39918301303059,7,3.0,6942
13.399375584595884,15,5.0,-157
13.402240911789322,5,4.0,0
13.402392461044203,7,2.0,6394
13.402864593516698,6,4.0,7115
13.403692140053908,5,60.0,0
13.404556852100313,7,2.0,6207
13.40505748218234,7,11.0,4908
13.405237943402064,7,1.0,4275
13.405513604047243,14,6.0,-3530
13.40587697903111,8,1.0,6715
13.40693930208628,7,11.0,5612
13.407788136542575,7,14.0,6009
13.407963040091708,15,5.0,-193
13.4106151647215,7,2.0,6410
13.410967795483892,7,1.0,5618
13.411025564570696,7,3.0,5868
13.411340559017637,14,1.0,-3284
13.411444756339831,8,4.0,6051
13.41234227450704,14,2.0,-3302
13.41274567027858,13,2.0,-3492
13.413420238862562,7,7.0,4791
13.413710675981617,7,23.0,4717
13.414218707396756,7,26.0,3020
13.41464705294374,1,1.0,7136
13.414664787044718,7,14.0,6460
13.416113290749431,6,1.0,6730
13.41625434598408,13,1.0,-3499
13.416254523467805,7,2.0,5843
13.416360716842236,7,2.0,2486
13.416639859312177,5,2.0,0
13.417014391727756,13,3.0,-3341
13.417091151963984,14,9.0,-3631
13.417530864007077,6,49.0,3198
13.417744348751237,1,1.0,7137
13.419517591055603,9,17.0,5980
13.41960481497834,6,1.0,6899
13.419784660559584,1,2.0,7138
13.420101528724327,7,3.0,4313
13.42055889793769,9,13.0,5273
13.420582442128087,13,7.0,-3377
13.421305146146272,7,4.0,5876
13.42155150745593,7,2.0,6408
13.42199901610339,5,2.0,0
13.422817424901325,13,5.0,-3334
13.422817424901325,17,5.0,-3334
13.423255046200552,13,1.0,-3496
13.423290733380064,9,21.0,6264
13.423808253562694,7,6.0,6103
13.42384661280702,17,2.0,-1854
13.424150117082142,7,7.0,5800
13.424618311793685,14,1.0,-3495
13.425547891690664,7,6.0,6263
13.425676073162379,7,24.0,5580
13.425697973538597,10,3.0,6896
13.426179944406034,9,2.0,6267
13.426428743224996,1,2.0,7139
13.426591750704183,13,19.0,-3508
13.426699192880857,9,7.0,6238
13.426907096499082,7,1.0,4621
13.427580883191617,13,3.0,-3448
13.428367030177148,13,1.0,-3636
13.428717682837146,7,1.0,5614
13.428968215883751,13,1.0,-3456
13.429265321177576,1,9.0,7140
13.429279126497864,7,2.0,6881
13.429512695409468,5,5.0,0
13.430038327376677,7,9.0,4915
13.430901832701334,5,1.0,0
13.43101754535387,17,4.0,-1545
13.431810964473788,5,1.0,0
13.431848750772156,13,1.0,-3263
13.431954148408128,14,2.0,-3208
13.432366445634553,8,3.0,6044
13.433071943224594,9,2.0,6049
13.433138563153268,15,1.0,-910
13.433949098135484,14,4.0,-3669
13.433949098135484,17,4.0,-3669
13.434392960682503,7,2.0,6924
13.434820981997266,5,25.0,0
13.43685187952425,1,1.0,7141
13.436986677078345,113,48.0,-3265
13.437302359273444,17,1.0,-1200
13.437852510007213,7,2.0,4414
13.438729252569386,7,50.0,6402
13.43938643559035,5,40.0,0
13.440140761935465,7,6.0,5520
13.440442772393936,7,2.0,6591
13.440584725684086,7,5.0,4970
13.441050220421515,7,1.0,6858
13.44169701607199,13,18.0,-3329
13.442099330226538,7,5.0,5227
13.44258533776417,113,38.0,-3171
13.443021075067339,6,1.0,7137
13.443041928712413,6,5.0,6879
13.443624146402998,8,2.0,6350
13.443723435940262,7,2.0,6015
13.44376617269744,6,4.0,4948
13.443767036656583,9,1.0,5449
13.444019221821591,7,3.0,5428
13.444336478247262,7,3.0,4260
13.444336478247262,16,3.0,4260
13.445524613844748,8,7.0,5905
13.446456933448832,15,1.0,-762
13.446548556696449,8,3.0,6422
13.44750809631665,8,6.0,5596
13.448965553563598,5,1.0,0
13.449092273542314,5,3.0,0
13.449328986916068,1,2.0,7142
13.449747468846592,5,3.0,0
13.450356986635152,6,6.0,7131
13.450634399266036,13,2.0,-3378
13.451153615616017,13,6.0,-3465
13.451153615616017,17,6.0,-3465
13.452476059938515,9,5.0,6248
13.452853383234446,1,2.0,7143
13.453109182275387,7,43.0,3821
13.453333399648383,17,6.0,-2686
13.453500257474564,10,40.0,7125
13.45360368898441,5,3.0,0
13.454144964477887,1,3.0,7144
13.454288569503387,7,3.0,6586
13.454823551566374,6,6.0,5986
13.45536343760381,9,3.0,6034
13.456012256704243,5,1.0,0
13.456494135462696,1,7.0,7145
13.456745537319456,6,14.0,6823
13.457430550630175,13,1.0,-3191
13.457779205978776,15,1.0,-178
13.458578118432259,15,13.0,-95
13.458586702828022,7,2.0,6033
13.459043474112903,15,6.0,-992
13.459462024766104,9,2.0,6461
13.459770145719146,7,2.0,6132
13.46027732634035,6,4.0,6491
13.460676714950301,16,6.0,3037
13.46295556779109,3,30.0,7146
13.463229040163759,7,5.0,3547
13.463640199719963,9,1.0,2661
13.46378055329145,6,2.0,6958
13.464266679755493,15,1.0,-517
13.464650747418744,9,1.0,5652
13.465737708032274,7,8.0,6340
13.465949847066977,6,9.0,1880
13.466498641452825,5,3.0,0
13.466627757956545,6,10.0,6480
13.466990020024959,7,4.0,3472
13.46780789121994,13,1.0,-3414
13.468176316949402,1,2.0,7147
13.468440460106642,7,3.0,5609
13.469794655229705,17,3.0,-674
13.470745271610465,6,3.0,7119
13.470804643013027,13,1.0,-3450
13.471134666267798,14,2.0,-3256
13.47177194791928,8,1.0,6169
13.47215205195503,14,4.0,-3168
13.473133106300299,5,3.0,0
13.473507380016652,8,2.0,6797
13.474189087946318,14,12.0,-3626
13.474258814106463,16,8.0,1664
13.475174571003109,13,1.0,-3588
13.475174571003109,17,1.0,-3588
13.475225459500157,17,10.0,-1374
13.475660460046015,7,1.0,6611
13.476042066967953,9,2.0,6228
13.476048283711233,9,5.0,5075
13.47629708440749,7,1.0,4369
13.477590836819296,14,1.0,-3270
13.477800106446054,7,35.0,4111
13.477982029719787,14,3.0,-3233
13.478067242584888,15,1.0,-1043
13.478212417901483,8,6.0,6176
13.478356386182915,13,19.0,-3338
13.478356386182915,17,19.0,-3338
13.479357025301184,13,2.0,-3320
13.479357025301184,17,2.0,-3320
13.479519391285141,5,8.0,0
13.480119777831073,5,1.0,0
13.480491337844033,7,3.0,5891
13.480901732967336,6,2.0,7017
13.480913836480958,8,13.0,3956
13.481004067182129,13,5.0,-3458
13.48291399275407,16,58.0,665
13.48351847316158,14,4.0,-3392
13.48351847316158,17,4.0,-3392
13.484050050779848,7,5.0,5261
13.484192224732293,7,1.0,5775
13.484991238251292,1,1.0,7148
13.484999213010179,13,1.0,-3573
13.485147256985549,7,3.0,6452
13.48553008403293,17,1.0,-605
13.48574067889103,7,2.0,5910
13.48620192754758,14,3.0,-3262
13.486393005545507,13,15.0,-3190
13.486587322844429,6,1.0,6027
13.48732983880995,7,3.0,4058
13.487391801308783,8,3.0,4495
13.488349865232937,113,58.0,-3200
13.488925866508213,1,18.0,7149
13.48969753771872,7,4.0,6738
13.489931647168305,5,16.0,0
13.490541292625817,1,2.0,7150
13.490619732112746,17,1.0,-661
13.491207548002915,13,1.0,-3501
13.491301403480154,9,7.0,6563
13.4914309607729,6,1.0,6273
13.49212160086202,8,26.0,5836
13.492329923818302,7,1.0,5393
13.492484220102078,16,9.0,421
13.492909246597947,5,3.0,0
13.492957713539722,13,9.0,-3670
13.493128009005348,8,5.0,6641
13.493777489904694,13,1.0,-3382
13.493777489904694,17,1.0,-3382
13.494340803030514,5,6.0,0
13.495191776283797,1,6.0,7151
13.4959912532075,7,5.0,5718
13.496122752486674,13,1.0,-3645
13.497114744341436,6,1.0,6817
13.497231007576014,6,4.0,6993
13.497268745336434,13,2.0,-3564
13.49748450137546,7,7.0,5857
13.49863703899295,6,8.0,6914
13.499808930005386,5,9.0,0
13.49995182314256,17,8.0,-899
13.500165917140958,6,4.0,7091
13.500444303167711,17,3.0,-1317
13.500554350319003,7,4.0,6639
13.500794452772894,13,18.0,-3379
13.50130175677629,13,1.0,-3281
13.501452732052222,7,5.0,6735
13.501508758599687,13,2.0,-3383
13.501595340863336,7,11.0,5647
13.501623389378725,14,4.0,-3216
13.502546100217879,13,1.0,-3264
13.502755431140121,1,1.0,7152
13.504022992997054,6,4.0,6564
13.504033801052145,7,2.0,5686
13.50442554609231,13,1.0,-3449
13.505147463849468,7,3.0,5947
13.505281878838574,6,7.0,6483
13.505829227186767,5,2.0,0
13.506931748547448,13,1.0,-3277
13.506931748547448,17,1.0,-3277
13.50716164794803,5,2.0,0
13.507968338213182,14,2.0,-3157
13.508658165155294,7,12.0,6062
13.509251842202536,17,1.0,-1341
13.509306253819165,1,5.0,7153
13.509363196395581,9,16.0,4128
13.509815163291577,6,2.0,6676
13.510581917503494,8,4.0,6733
13.510868872680856,1,2.0,7154
13.512143448386587,7,1.0,5203
13.513638591200895,5,1.0,0
13.514090335851604,13,1.0,-3269
13.514585909858901,17,3.0,-171
13.514617154220488,7,7.0,5468
13.514684551742892,17,3.0,-128
13.515061807386992,16,16.0,1642
13.515308677578483,5,1.0,0
13.51545946170545,5,2.0,0
13.516273325160224,6,14.0,7113
13.517964784642558,6,1.0,6930
13.51798860524355,1,7.0,7155
13.518275358601969,6,4.0,5469
13.518306600842909,113,48.0,-3641
13.518654456715556,5,1.0,0
13.519018364997711,7,3.0,4520
13.519631454798363,10,1.0,7067
13.520625025454384,9,5.0,6548
13.521494081598993,13,1.0,-3251
13.522267267477705,6,6.0,7099
13.52246521687927,7,6.0,5063
13.522866194534963,7,26.0,5484
13.52295834224423,7,11.0,6526
13.523223058360912,17,12.0,-1120
13.523884939482876,5,2.0,0
13.524494217093748,113,55.0,-3202
13.52485141421517,7,3.0,2809
13.52600247864757,14,1.0,-3422
13.526446923436389,17,2.0,-1507
13.526535171945238,13,2.0,-3371
13.52785756796539,17,5.0,-818
13.528308118217847,7,3.0,5044
13.528387720079012,13,4.0,-3159
13.52860061409536,6,8.0,6739
13.528845377582762,6,11.0,3220
13.529183656965635,7,7.0,6453
13.53013347286696,14,1.0,-3289
13.530643489243182,6,1.0,7088
13.53092939501439,15,1.0,-493
13.531541621426554,13,2.0,-3423
13.531607250570993,6,2.0,6240
13.53177915381738,5,4.0,0
13.532738282118874,16,56.0,761
13.533834844156146,7,2.0,5744
13.534312021744238,1,11.0,7156
13.534511606814014,6,1.0,6450
13.535030583936821,13,1.0,-3220
13.535450325456766,5,1.0,0
13.535520330681575,5,5.0,0
13.535531454604927,1,1.0,7157
13.536038042681614,13,1.0,-3363
13.536067322461435,6,13.0,5334
13.536306838333802,17,2.0,-2758
13.53639068736365,14,1.0,-3579
13.536580152220097,13,3.0,-3319
13.5370231032464,16,55.0,554
13.537394122932877,7,2.0,5953
13.537430522005302,13,4.0,-3650
13.537430522005302,17,4.0,-3650
13.537849740480492,7,5.0,5729
13.538330261699931,5,1.0,0
13.538346476137963,5,3.0,0
13.5399310211417,7,3.0,5847
13.540121690327895,13,1.0,-3603
13.540233866288656,6,1.0,7148
13.540769960969062,5,9.0,0
13.541320963423928,5,4.0,0
13.541585463773291,9,56.0,7008
13.541713460236116,7,6.0,5415
13.541916619603876,5,3.0,0
13.54235903383248,11,38.0,4686
13.542408055674876,1,2.0,7158
13.54297735623556,8,5.0,6645
13.543141025740331,9,4.0,3744
13.543971382122606,16,2.0,4706
13.54494916343869,7,7.0,7055
13.546108745374498,8,2.0,4325
13.547381567212847,13,1.0,-3286
13.547448912383075,9,2.0,5839
13.547756982847671,14,2.0,-3352
13.547958616048946,8,4.0,6543
13.548106136663492,5,4.0,0
13.548561254881266,9,13.0,4428
13.548655637649674,13,1.0,-3553
13.549957318010684,9,8.0,6495
13.550011422287527,13,1.0,-3488
13.550951405019728,5,2.0,0
13.551253536269108,7,7.0,5957
13.551885645019526,7,2.0,6776
13.551955360099202,9,3.0,2911
13.552286674610261,5,4.0,0
13.552365988955584,13,3.0,-3540
13.552654043179302,8,3.0,5825
13.55300204727105,6,4.0,6133
13.553136169958146,7,14.0,5531
13.555432073189028,15,2.0,-306
13.556145696370928,5,2.0,0
13.556761038849277,17,7.0,-956
13.557020892640121,7,1.0,6155
13.557636866081783,5,7.0,0
13.55890915735247,7,11.0,6339
13.558919538017236,8,8.0,5864
13.559446094193326,14,5.0,-3176
13.559525203406404,7,1.0,6046
13.559535979015038,13,3.0,-3243
13.559655880866432,16,7.0,1090
13.559671959328606,13,1.0,-3409
13.559671959328606,17,1.0,-3409
13.561145337225245,7,2.0,6105
13.561889368632343,6,18.0,6139
13.562809250019843,7,5.0,4700
13.56296027979364,7,24.0,4167
13.563525681543148,5,1.0,0
13.564008429530757,5,14.0,0
13.56424404545689,1,3.0,7159
13.565179694334715,5,1.0,0
13.565258040131255,5,1.0,0
13.565342420624367,5,2.0,0
13.565414073472317,1,4.0,7160
13.566510922050348,6,8.0,7026
13.567276064640364,1,31.0,7161
13.567758237890434,8,3.0,6946
13.567932292358314,14,18.0,-3189
13.568073893953969,13,1.0,-3232
13.568073893953969,17,1.0,-3232
13.568195447053947,13,1.0,-3498
13.568600479949868,13,1.0,-3343
13.568600479949868,17,1.0,-3343
13.569129900031491,1,6.0,7162
13.569710428105543,8,3.0,6906
13.5699137853449,7,1.0,6329
13.570998364587565,7,2.0,6826
13.571276896024344,6,4.0,7095
13.57140143884176,14,8.0,-3238
13.57161965448599,14,8.0,-3427
13.57161965448599,17,8.0,-3427
13.571942251415585,7,1.0,5799
13.572256709856456,7,1.0,6393
13.572456156678232,5,2.0,0
13.572670945671797,13,2.0,-3315
13.573566758373,14,6.0,-3574
13.57429444507323,5,4.0,0
13.574491455126957,5,18.0,0
13.574513568804194,7,2.0,5210
13.575760000006095,15,1.0,-727
13.575993813754408,7,3.0,7009
13.57614595740726,7,6.0,4987
13.576663884464466,6,3.0,7080
13.57708582772119,5,20.0,0
13.577515457751758,7,2.0,6843
13.577899523985861,7,1.0,5129
13.578125437547385,7,3.0,6614
13.578893413516251,13,1.0,-3519
13.578893413516251,17,1.0,-3519
13.578915162292846,7,1.0,5763
13.579529770408,14,2.0,-3452
13.579658230050985,9,1.0,3718
13.579765040482032,5,1.0,0
13.57979680849839,1,3.0,7163
13.5807928856432,17,1.0,-1843
13.580915935175392,13,6.0,-3604
13.581779308635692,7,2.0,2140
13.581797224692327,8,2.0,5941
13.582219216513838,7,3.0,4277
13.583118704650634,14,3.0,-3628
13.583604841948931,13,4.0,-3282
13.583604841948931,17,4.0,-3282
13.584208128761565,6,8.0,2590
13.584261510341282,14,6.0,-3659
13.584389263708873,8,5.0,6786
13.584435625831738,13,1.0,-3663
13.584476149266543,7,2.0,5034
13.584595742670109,7,2.0,6119
13.584852976111906,8,8.0,6929
13.585128829579608,5,1.0,0
13.585516244662676,7,6.0,6545
13.587109312071867,13,4.0,-3565
13.59028600527797,6,1.0,6762
13.590374812173552,1,9.0,7164
13.59102875295232,5,1.0,0
13.59164267766919,13,2.0,-3294
13.59168392014966,7,5.0,6615
13.591957437681966,5,1.0,0
13.592608996408787,1,3.0,7165
13.59329242231608,7,2.0,6072
13.593598144457463,113,41.0,-3327
13.593734447384275,9,5.0,6725
13.595240001190396,5,3.0,0
13.595276470467567,8,5.0,6374
13.595392050448526,17,1.0,-2308
13.595750685949195,5,9.0,0
13.595994015200425,13,3.0,-3244
13.596255251728193,14,8.0,-3205
13.597171201084167,14,3.0,-3577
13.59753416565126,13,1.0,-3444
13.59753416565126,17,1.0,-3444
13.59791723154671,6,4.0,6919
13.598386078703944,17,1.0,-1605
13.598499250316916,8,3.0,6952
13.599438825220988,8,2.0,7060
13.600273852485728,7,5.0,6310
13.60191454877177,6,1.0,6772
13.603750294939212,8,2.0,6332
13.604276887244296,1,3.0,7166
13.604995708024939,14,5.0,-3418
13.605107000627845,5,1.0,0
13.606244053921372,17,10.0,-2086
13.606758010927326,13,1.0,-3410
13.608643189182331,13,1.0,-3307
13.609128174593602,17,11.0,-1993
13.609175431218453,13,1.0,-3388
13.609308654921918,6,6.0,7151
13.609484022827527,9,6.0,2474
13.609737538663204,1,3.0,7167
13.610802862255385,13,2.0,-3303
13.610802862255385,17,2.0,-3303
13.611233994119843,5,1.0,0
13.61177140961957,9,2.0,5518
13.61218321625504,13,1.0,-3342
13.612952392634234,13,3.0,-3620
13.612983458342326,7,3.0,6451
13.613371583918264,8,1.0,6515
13.61406210515705,9,5.0,5692
13.614756312707335,14,1.0,-3356
13.614756312707335,17,1.0,-3356
13.61560776377405,15,1.0,-208
13.615878366359018,13,5.0,-3459
13.616477769972258,5,2.0,0
13.616539692163528,9,2.0,3350
13.617463143335632,6,2.0,7097
13.617854626266466,9,2.0,6746
13.617960062532646,17,2.0,-2869
13.618870831589115,5,1.0,0
13.619329942544208,9,52.0,4680
13.619638219365003,13,1.0,-3570
13.619994301556112,9,7.0,5045
13.62040501530006,5,2.0,0
13.620437941074526,13,5.0,-3502
13.620951081709624,6,5.0,5521
13.621078167678547,8,19.0,6368
13.621722804363088,6,5.0,6737
13.62283369838963,13,2.0,-3312
13.623088459867104,5,15.0,0
13.623494788459212,13,1.0,-3655
13.623573646924228,14,20.0,-3559
13.624034037190562,5,1.0,0
13.626645176279993,14,3.0,-3169
13.627658226205625,14,1.0,-3279
13.627658226205625,17,1.0,-3279
13.627723770617418,7,2.0,5978
13.628332214840272,7,5.0,5869
13.628740045230316,8,2.0,6775
13.628944396770176,13,5.0,-3164
13.630486935938606,5,1.0,0
13.630891959593402,14,4.0,-3155
13.631200480545607,13,10.0,-3523
13.63161698657622,5,60.0,0
13.63229480509343,14,2.0,-3546
13.632482433195626,1,5.0,7168
13.632865260979179,15,4.0,-324
13.63290977528398,9,3.0,6044
13.633056079406723,14,2.0,-3167
13.633750588742473,14,5.0,-3593
13.633750588742473,17,5.0,-3593
13.633753707701475,5,38.0,0
13.634877831081264,6,3.0,6970
13.635737228544683,7,1.0,6414
13.63634346703439,8,3.0,6747
13.636404128261521,13,3.0,-3357
13.636404128261521,17,3.0,-3357
13.636748568048505,7,2.0,4991
13.636949668239351,13,1.0,-3647
13.636961318204815,13,1.0,-3639
13.638753750244565,9,5.0,5982
13.638807385713628,7,17.0,5569
13.638980115182514,13,2.0,-3419
13.63904829720822,7,3.0,6530
13.639159518782668,14,3.0,-3550
13.639266872468427,9,2.0,4538
13.639564812466956,6,1.0,6472
13.640542692047527,5,1.0,0
13.640556609804838,17,2.0,-716
13.640639403512871,5,1.0,0
13.641099239354132,14,12.0,-3372
13.641099239354132,17,12.0,-3372
13.641453340029972,17,3.0,-1137
13.641930929892872,6,3.0,7167
13.641976788558791,14,4.0,-3455
13.641976788558791,17,4.0,-3455
13.642235855959207,14,6.0,-3313
13.642235855959207,17,6.0,-3313
13.642357166259076,1,2.0,7169
13.642458242208665,6,1.0,5387
13.642496621577378,6,5.0,6667
13.64307554493027,1,2.0,7170
13.643963246662379,5,1.0,0
13.64405943644748,15,12.0,-374
13.64428426508151,9,1.0,6413
13.64505779826778,2,22.0,7171
13.64522988236357,8,4.0,6961
13.645542258137121,6,3.0,6882
13.645636374960986,6,1.0,6850
13.646662185722768,9,6.0,5748
13.647263354341723,13,1.0,-3542
13.64727151049961,13,5.0,-3248
13.64727151049961,17,5.0,-3248
13.647275343369278,13,1.0,-3394
13.647597004111677,1,1.0,7172
13.64845563186033,13,1.0,-3323
13.649373005659005,5,9.0,0
13.649714287830312,14,1.0,-3625
13.65060070413012,13,1.0,-3532
13.65060070413012,17,1.0,-3532
13.65100836141811,15,2.0,-802
13.65114854900903,9,2.0,6702
13.651361039965177,5,4.0,0
13.651607772428468,7,8.0,6385
13.65269281777835,15,1.0,-113
13.652949054094671,14,14.0,-3544
13.654832371277625,14,3.0,-3438
13.654940614530403,7,1.0,6198
13.655862919447392,7,6.0,6717
13.656179961574098,1,6.0,7173
13.656534962649998,6,2.0,7078
13.658234320667301,6,9.0,7140
13.65870546176135,7,1.0,5420
13.658898676859922,7,3.0,6649
13.659083010102528,7,1.0,4564
13.659642641013038,1,4.0,7174
13.66020073770156,5,4.0,0
13.660641485635644,7,5.0,5565
13.661149259164354,17,6.0,-3078
13.661354689576912,9,4.0,4231
13.661622224822816,6,17.0,7063
13.661716538645273,7,2.0,6864
13.662605684582067,17,3.0,-1030
13.663218596564542,7,4.0,6539
13.663233998308849,1,2.0,7175
13.663279588424778,6,34.0,5879
13.66333190341977,6,2.0,5921
13.66357416182597,5,3.0,0
13.664198641578091,6,5.0,7153
13.66438951529703,8,7.0,6319
13.66528873935502,5,3.0,0
13.665298637671413,7,7.0,6257
13.665616988234733,13,1.0,-3482
13.666128379154511,7,4.0,6175
13.666198952993241,14,2.0,-3441
13.666198952993241,17,2.0,-3441
13.667174038113341,9,6.0,5798
13.667174529359423,5,3.0,0
13.667440782167148,15,3.0,-135
13.668307174835551,14,2.0,-3314
13.668427735037405,1,12.0,7176
13.669933904859082,5,2.0,0
13.66997218703618,1,12.0,7177
13.671113631410492,7,30.0,696
13.67172706124648,17,2.0,-376
13.671925385819002,1,6.0,7178
13.672321663770813,17,1.0,-28
13.67235273488375,13,1.0,-3206
13.673509162092866,5,1.0,0
13.674005871946452,9,1.0,6214
13.675342994843568,13,3.0,-3192
13.675527746371253,8,4.0,7115
13.675666329660297,15,1.0,-549
13.675845857265468,6,6.0,5298
13.676645918818961,13,1.0,-3578
13.67741402546515,1,2.0,7179
13.67742789051697,5,4.0,0
13.67773947261613,5,4.0,0
13.678018027598844,7,44.0,2980
13.678975778460579,7,3.0,5897
13.679021068317702,7,4.0,6684
13.679932142565695,13,2.0,-3381
13.679932142565695,17,2.0,-3381
13.680006644250255,13,1.0,-3596
13.68098391845278,7,3.0,5887
13.681490593367851,7,9.0,6211
13.682049856537198,14,3.0,-3534
13.682049856537198,17,3.0,-3534
13.683015387608961,13,1.0,-3305
13.683062067671084,7,37.0,5194
13.683620582632035,7,1.0,6395
13.68369000405662,13,1.0,-3518
13.683808155353864,5,7.0,0
13.684308353985184,6,3.0,6711
13.684895167063472,7,9.0,5927
13.68519917296286,13,2.0,-3637
13.685578134604954,5,3.0,0
13.686003679349094,1,7.0,7180
13.686356199891348,5,1.0,0
13.686466518459866,7,1.0,6196
13.686545498496532,7,3.0,5997
13.686709920347091,7,3.0,5455
13.686844177574478,7,9.0,6335
13.68694817629622,9,1.0,6715
13.687367363699693,9,2.0,6197
13.687749821203798,7,1.0,4824
13.688265439537165,7,3.0,6035
13.688777451655703,7,5.0,4110
13.689082611206315,5,1.0,0
13.689287687814254,7,2.0,6225
13.689343141789744,5,4.0,0
13.689816811857964,5,1.0,0
13.689890589154205,14,11.0,-3552
13.690321059441366,7,2.0,5894
13.690831766864397,1,7.0,7181
13.69103018339383,13,1.0,-3475
13.691333713957832,13,1.0,-3267
13.69186140620509,7,3.0,6095
13.692189591921782,6,1.0,6977
13.692949193300398,14,26.0,-3399
13.692949193300398,17,26.0,-3399
13.693241517999327,7,16.0,6759
13.69526604529761,13,2.0,-3280
13.695571050759604,7,27.0,5561
13.695883999358276,15,2.0,-986
13.69608444162696,113,48.0,-3359
13.696292767997418,11,9.0,6669
13.696622774564988,13,6.0,-3665
13.697387507752602,5,4.0,0
13.697646269313523,14,1.0,-3484
13.697646269313523,17,1.0,-3484
13.697829493058466,17,3.0,-492
13.69825943746877,13,2.0,-3618
13.698593909243868,6,1.0,6012
13.69984628587458,7,2.0,6418
13.700183294638945,7,8.0,6855
13.700308694333652,7,27.0,5424
13.700308694333652,16,27.0,5424
13.700531046347951,13,1.0,-3610
13.70069879210146,5,2.0,0
13.700847102164527,7,46.0,5067
13.704553406101125,14,1.0,-3339
13.705740142776554,7,5.0,5854
13.706087588047707,1,11.0,7182
13.70659021594555,17,3.0,-951
13.707111933761054,7,3.0,4364
13.7083294485644,13,4.0,-3261
13.7083294485644,17,4.0,-3261
13.708706957614414,13,1.0,-3158
13.708893276553361,7,3.0,6704
13.710141062526878,5,4.0,0
13.710671764546134,15,4.0,-1022
13.711279317840413,13,1.0,-3551
13.711344247119705,7,8.0,6507
13.712247495812173,14,3.0,-3514
13.713059728217857,17,1.0,-271
13.713470186622315,6,5.0,6943
13.713669454131582,14,8.0,-3635
13.713669454131582,17,8.0,-3635
13.713737694623333,7,2.0,6166
13.715093877534958,7,3.0,6973
13.715095807079722,13,9.0,-3365
13.715095807079722,17,9.0,-3365
13.715409527919315,5,10.0,0
13.715720900350206,5,1.0,0
13.716333215617032,15,3.0,-136
13.716790358509042,15,1.0,-211
13.717162201038061,7,18.0,6644
13.718225318154822,5,3.0,0
13.718484686231372,13,5.0,-3331
13.718484686231372,17,5.0,-3331
13.71917995730593,7,4.0,4267
13.720123480978982,14,1.0,-3246
13.720568831112141,17,1.0,-1523
13.72060480065756,1,3.0,7183
13.720704674877089,8,1.0,6808
13.72182491664522,14,12.0,-3245
13.721923759749297,6,1.0,7141
13.722239954797898,6,2.0,7179
13.722837457378464,10,57.0,6991
13.723445409564228,7,7.0,5622
13.723967183276542,13,1.0,-3185
13.724456147384348,9,3.0,5724
13.725406747365634,6,1.0,7118
13.72547911397235,14,9.0,-3177
13.725603247594668,17,1.0,-1098
13.72565677501173,6,7.0,6347
13.725890253513347,5,3.0,0
13.726883666113487,17,1.0,-3132
13.72691081095827,7,9.0,5878
13.728208954976223,9,1.0,5725
13.728521766316623,13,1.0,-3440
13.728521766316623,17,1.0,-3440
13.729180070143023,13,1.0,-3524
13.72962370078208,16,1.0,650
13.729844860312848,6,1.0,6744
13.732090172772887,5,6.0,0
13.732107565314003,9,1.0,6239
13.732633058881493,1,1.0,7184
13.73275296546553,5,3.0,0
13.733198867933991,6,2.0,7117
13.733200342023911,17,9.0,-2204
13.73335158013177,13,2.0,-3415
13.733451596182451,16,5.0,2889
13.7344270545682,7,2.0,5220
13.7344270545682,16,2.0,5220
13.735045183972147,14,1.0,-3290
13.735405250863202,8,3.0,6936
13.735661810124418,5,1.0,0
13.735679558543872,13,10.0,-3165
13.73574794093188,14,2.0,-3582
13.736076937452406,9,1.0,5912
13.736505099268769,17,8.0,-1818
13.73678049353942,5,3.0,0
13.73721060218032,10,4.0,6954
13.739235225623423,113,35.0,-3184
13.739910271061948,7,29.0,5758
13.740442117213965,5,1.0,0
13.740509488555306,6,8.0,5196
13.740698549319825,6,13.0,6927
13.74076940807827,9,5.0,6386
13.740911789709457,13,9.0,-3360
13.741106955935438,15,1.0,-1012
13.741306517710935,7,2.0,5991
13.741310334640568,15,1.0,-358
13.74140626407526,7,25.0,4174
13.74178073175463,13,2.0,-3661
13.74178073175463,17,2.0,-3661
13.741868318170924,7,1.0,6923
13.742483737097524,13,1.0,-3642
13.74254731798503,7,6.0,5648
13.743097304394889,17,8.0,-1305
13.743398711317067,14,3.0,-3536
13.743778135665698,1,2.0,7185
13.743816795862472,5,2.0,0
13.744414113448858,5,5.0,0
13.744597562447002,7,3.0,6612
13.745167501526977,16,35.0,1669
13.745251294872,8,3.0,5688
13.7454924759263,7,3.0,5327
13.746655558626802,7,1.0,5400
13.747382842219091,4,8.0,7186
13.74771049267235,5,2.0,0
13.747892315202774,6,1.0,7005
13.749863894774883,9,14.0,6570
13.750268810588476,7,3.0,6025
13.750452772098814,7,5.0,5948
13.750994935061682,13,2.0,-3332
13.752099829131952,17,1.0,-2097
13.753225613315303,2,4.0,7187
13.753591668075941,9,1.0,5271
13.75399267364445,6,11.0,7156
13.754757944662328,113,32.0,-3643
13.755505769704897,17,4.0,-570
13.755636332043357,14,4.0,-3396
13.755835468793654,17,1.0,-2716
13.755894084278559,6,28.0,3693
13.756259656590228,13,1.0,-3520
13.756335559644146,5,3.0,0
13.756873461187899,7,3.0,6018
13.758182225199537,15,1.0,-137
13.758541394260268,7,6.0,6553
13.759018280217733,1,4.0,7188
13.759203434869686,14,5.0,-3209
13.761018018026288,17,4.0,-1684
13.76177391173862,13,1.0,-3224
13.762271426022243,5,3.0,0
13.762521172812551,13,1.0,-3156
13.764667095093255,13,4.0,-3272
13.76471711338032,13,2.0,-3477
13.764882323960016,8,1.0,6218
13.76507382265952,7,8.0,6502
13.765372651498787,13,2.0,-3234
13.766025115554612,13,1.0,-3558
13.767388045299056,14,15.0,-3389
13.767420658682873,6,4.0,7027
13.768258462769493,14,1.0,-3406
13.768258462769493,17,1.0,-3406
13.768403073290612,6,2.0,7147
13.768681756575043,5,4.0,0
13.768824170052463,14,1.0,-3166
13.769206773651693,5,1.0,0
13.770170399832672,13,8.0,-3526
13.77104637909913,13,1.0,-3478
13.77104637909913,17,1.0,-3478
13.771819926976862,1,2.0,7189
13.77271756545241,8,3.0,6055
13.773275197474385,7,7.0,4195
13.773337780132108,5,2.0,0
13.774108407946617,6,9.0,6818
13.774277297919067,6,7.0,7180
13.774388125179648,7,2.0,1117
13.775526109758228,5,2.0,0
13.775766128281068,17,2.0,-127
13.775777293366177,9,3.0,6936
13.77603381532794,7,5.0,6509
13.77643284038355,7,22.0,4865
13.776984589944401,9,2.0,6689
13.777296790542495,5,1.0,0
13.777486895228131,11,53.0,6866
13.777549036803942,7,4.0,5440
13.77762693523863,5,3.0,0
13.778067636190553,1,3.0,7190
13.778149823237595,6,1.0,6928
13.778382609478937,1,2.0,7191
13.778528244639483,6,5.0,7168
13.77984569543478,6,4.0,6945
13.779941930226249,1,14.0,7192
13.78045998882545,5,25.0,0
13.780664468151908,13,3.0,-3644
13.780694468558297,9,7.0,6013
13.78088586007101,7,5.0,5069
13.781222084533004,7,1.0,6066
13.781710219672233,14,1.0,-3436
13.782528877983578,13,3.0,-3407
13.782528877983578,17,3.0,-3407
13.782559903689346,14,1.0,-3435
13.782559903689346,17,1.0,-3435
13.784293503344596,14,4.0,-3668
13.78455152724792,7,2.0,6701
13.785247018048118,6,9.0,6069
13.785791325323931,14,1.0,-3560
13.785871806491839,16,1.0,3505
13.785892522158843,15,1.0,-512
13.78705214466499,9,2.0,4325
13.78712329712299,7,3.0,6778
13.78761883581073,13,1.0,-3616
13.78919352447313,7,33.0,5913
13.78949941498021,1,1.0,7193
13.78961590724093,5,1.0,0
13.78978103478077,7,6.0,6384
13.790579113384556,9,3.0,6088
13.790631874710888,17,19.0,-1857
13.791052517322843,7,1.0,6894
13.792024499033154,13,6.0,-3322
13.792024499033154,17,6.0,-3322
13.792401947822123,7,3.0,6846
13.792864053197912,5,1.0,0
13.79304175484488,7,4.0,6867
13.79304175484488,16,4.0,6867
13.793878090613337,17,1.0,-151
13.794046428084723,7,2.0,6939
13.794330164912092,7,3.0,6964
13.794564959041175,14,1.0,-3218
13.794564959041175,17,1.0,-3218
13.794616463565406,13,38.0,-3563
13.79467888474573,14,1.0,-3567
13.79536345134108,5,4.0,0
13.795686589265655,13,2.0,-3160
13.795686589265655,17,2.0,-3160
13.796127048709423,6,6.0,6836
13.79642862718734,14,4.0,-3198
13.79642862718734,17,4.0,-3198
13.796571780581282,7,2.0,6424
13.796626897247783,13,15.0,-3485
13.796804301470818,7,11.0,6694
13.797646391164617,5,4.0,0
13.797880045199326,8,2.0,3773
13.798476670270766,14,1.0,-3199
13.798681894495427,7,4.0,6463
13.798858156160508,5,11.0,0
13.798887660823752,6,5.0,7053
13.798915500548338,13,5.0,-3193
13.799057339730206,13,17.0,-3672
13.799057339730206,17,17.0,-3672
13.799310263302504,14,3.0,-3602
13.799677696558192,5,2.0,0
13.799851799270042,6,4.0,6793
13.80104897148857,7,1.0,6486
13.801467497706913,1,8.0,7194
13.801543051976081,1,15.0,7195
13.801594750762597,5,2.0,0
13.80305564756358,6,2.0,7189
13.803210668123182,7,2.0,5448
13.80323634302057,9,10.0,6370
13.8038011585883,7,8.0,3603
13.804537882134484,7,1.0,6338
13.805502501830828,14,4.0,-3182
13.805507832743078,13,1.0,-3273
13.805507832743078,17,1.0,-3273
13.806092192751866,13,4.0,-3402
13.806450453771811,7,7.0,2492
13.8064930913236,13,4.0,-3549
13.8064930913236,17,4.0,-3549
13.806958732508553,5,3.0,0
13.80720690364695,7,1.0,6215
13.807884269524202,1,11.0,7196
13.807952886948563,14,1.0,-3345
13.80834132667421,7,1.0,5902
13.808440273112376,14,3.0,-3566
13.808440273112376,17,3.0,-3566
13.809202477148348,6,1.0,7121
13.809718583665866,6,12.0,7177
13.809854848719107,1,2.0,7197
13.809996305497735,14,4.0,-3511
13.809996305497735,17,4.0,-3511
13.810129042403865,6,11.0,6259
13.810188702063629,7,2.0,6247
13.81031593048428,13,2.0,-3654
13.81063824623244,5,2.0,0
13.810667144449392,4,6.0,7198
13.810717719344048,5,1.0,0
13.811062013228247,17,1.0,-1051
13.811908582277534,6,2.0,7185
13.813012905254297,9,2.0,5941
13.81330693527115,7,1.0,6519
13.813400830383125,7,5.0,5282
13.813491582835074,17,1.0,-1388
13.813949882915491,7,2.0,7000
13.814113692025138,6,6.0,6788
13.814331437520453,13,5.0,-3615
13.814331437520453,17,5.0,-3615
13.814796164184223,9,2.0,6346
13.818530054349033,13,1.0,-3555
13.818731298413217,17,1.0,-1129
13.819579985015608,6,3.0,7043
13.819603368923946,1,11.0,7199
13.819701706937954,9,9.0,4982
13.81971450773444,17,1.0,-1518
13.819898919301004,13,5.0,-3225
13.820875130104074,8,4.0,6324
13.82131176333169,13,1.0,-3247
13.82144276673176,7,1.0,6290
13.82157669011244,13,1.0,-3640
13.821901969103402,5,1.0,0
13.822129339143325,10,14.0,6748
13.822564241099892,5,4.0,0
13.822581025948466,7,2.0,6359
13.823016283718202,13,3.0,-3241
13.823548381079133,5,2.0,0
13.824215080612422,9,5.0,6641
13.824347699640272,7,3.0,6585
13.824536942584777,9,12.0,6417
13.824653481096087,6,4.0,6757
13.825134280282898,7,1.0,6721
13.825852341247847,17,1.0,-737
13.827082182068363,14,5.0,-3658
13.82830433384213,14,2.0,-3309
13.82830433384213,17,2.0,-3309
13.828418220989724,13,2.0,-3179
13.828418220989724,17,2.0,-3179
13.828431116780004,14,5.0,-3257
13.828779351702606,5,1.0,0
13.828929362785466,7,6.0,7049
13.829197433451323,7,47.0,3536
13.829634002315895,8,1.0,6857
13.830393011767617,5,1.0,0
13.830708310583164,13,1.0,-3212
13.830832929484158,9,1.0,4021
13.831106929098013,9,3.0,6722
13.831297255513515,5,1.0,0
13.831543139634283,5,4.0,0
13.831909057053561,5,3.0,0
13.832422393253479,5,3.0,0
13.832526536069333,1,9.0,7200
13.832714969490594,8,3.0,4852
13.833687005681414,6,2.0,6907
13.83381862881453,5,2.0,0
13.834272490586415,14,1.0,-3285
13.835006405590047,17,1.0,-2848
13.835438199566951,5,1.0,0
13.836278677587078,9,6.0,5506
13.836423690707065,13,2.0,-3629
13.836423690707065,17,2.0,-3629
13.83658549873631,15,5.0,-913
13.836605088863816,7,2.0,6811
13.836663934816873,14,9.0,-3576
13.836663934816873,17,9.0,-3576
13.837077006583197,7,2.0,6102
13.837567671557958,1,5.0,7201
13.837855563566656,17,8.0,-373
13.83870279234819,9,2.0,6599
13.839274069419114,8,53.0,5172
13.839745957841886,13,3.0,-3430
13.8400472228274,13,2.0,-3468
13.840136425828693,8,4.0,6167
13.840244789913722,7,3.0,6918
13.84116140325509,5,3.0,0
13.841210133804985,14,3.0,-3619
13.841210133804985,17,3.0,-3619
13.841359700135607,6,3.0,6821
13.841708236900695,14,2.0,-3666
13.842144288090587,8,3.0,6454
13.843075629408075,6,2.0,7010
13.843111408393964,7,6.0,5416
13.843302184464616,5,4.0,0
13.843474608525808,6,2.0,7045
13.844197432720023,14,2.0,-3617
13.844364386465807,5,1.0,0
13.84488413538371,10,25.0,6594
13.845118300600213,16,5.0,6080
13.8456364905218,1,30.0,7202
13.845803408506539,5,3.0,0
13.845810366179501,7,3.0,6770
13.845830506514256,6,7.0,5786
13.845915734399858,7,1.0,6447
13.845956653195811,14,9.0,-3476
13.845956653195811,17,9.0,-3476
13.846380090607568,5,3.0,0
13.846495760593923,5,2.0,0
13.84654927218465,113,59.0,-3408
13.846779601513477,7,4.0,6600
13.847251859388601,7,9.0,5291
13.847511318786273,7,1.0,6652
13.84864181285087,5,8.0,0
13.848964901170731,7,4.0,3049
13.849656847078425,6,2.0,5732
13.8498872533849,7,9.0,6589
13.850268661571898,13,1.0,-3393
13.850390775838928,7,1.0,5445
13.850390775838928,16,1.0,5445
13.85058818189914,7,9.0,6334
13.850848346601499,7,5.0,6675
13.851256462773748,8,2.0,6968
13.851664607821819,5,1.0,0
13.852657108247627,13,2.0,-3350
13.852809280188614,14,11.0,-3623
13.852809280188614,17,11.0,-3623
13.852949050698463,7,1.0,6849
13.853211971721555,13,1.0,-3442
13.853542262047299,13,2.0,-3250
13.854796617801108,13,1.0,-3375
13.854796617801108,17,1.0,-3375
13.854952093947249,7,2.0,6274
13.855385044422688,6,28.0,6304
13.855998820249008,5,6.0,0
13.856206630593356,7,2.0,4259
13.856322949453322,9,3.0,5791
13.857150111342166,5,1.0,0
13.857422133992934,9,2.0,3773
13.857486101691014,6,2.0,7138
13.857799525961019,13,13.0,-3572
13.857956737221595,7,16.0,6740
13.85916136714691,7,3.0,4681
13.85963844072355,13,7.0,-3510
13.860019248610786,8,25.0,5272
13.860104789176406,5,4.0,0
13.860155025361149,7,1.0,6557
13.860787464702044,9,2.0,6953
13.861177655385802,7,4.0,5494
13.861287366379687,6,1.0,7058
13.861440145138227,13,4.0,-3348
13.86144385214924,7,4.0,6903
13.861562338263258,17,3.0,-3018
13.862003983319674,8,18.0,5122
13.864007710353295,1,1.0,7203
13.86508420060618,13,1.0,-3609
13.865310003299113,14,3.0,-3673
13.865646389449896,1,4.0,7204
13.865978355249522,8,2.0,6621
13.866494278587009,16,39.0,4848
13.866986651340149,6,7.0,6813
13.867499854461107,10,3.0,7096
13.867988577856803,7,9.0,6443
13.868235632742966,7,1.0,5754
13.868279226694286,7,1.0,6769
13.869407024984616,7,5.0,3309
13.869907067374394,13,2.0,-3590
13.870354644237706,5,3.0,0
13.870622865828626,13,6.0,-3598
13.870622865828626,17,6.0,-3598
13.871296270386445,11,5.0,6890
13.871634173660519,14,2.0,-3380
13.871634173660519,17,2.0,-3380
13.873061869896638,6,4.0,7133
13.874171070741877,5,2.0,0
13.874998488356539,5,3.0,0
13.875123549986679,13,1.0,-3509
13.875323662682545,9,3.0,6677
13.87628082202255,5,3.0,0
13.876677232373412,4,2.0,7205
13.877591633665437,4,3.0,7206
13.877615576133246,5,2.0,0
13.87773826573205,1,1.0,7207
13.878005484701678,6,1.0,6981
13.879027780076962,9,2.0,6674
13.879028722925195,5,9.0,0
13.879935532789311,13,1.0,-3298
13.880100854700615,13,2.0,-3487
13.881063963959868,6,4.0,6765
13.882087909639345,13,1.0,-3513
13.882152312056515,14,4.0,-3632
13.882152312056515,17,4.0,-3632
13.882378192948693,7,12.0,5613
13.883517272630938,16,9.0,1311
13.88421983597826,13,3.0,-3304
13.884254002220635,17,5.0,-699
13.884354956019028,6,2.0,6938
13.885131898071522,6,6.0,7178
13.885789744319993,9,4.0,5779
13.887257404908008,7,2.0,6383
13.887434592737044,5,2.0,0
13.887745280264653,14,3.0,-3373
13.887783142388177,13,1.0,-3621
13.888023896951339,17,4.0,-796
13.888128682561687,1,1.0,7208
13.888939292043084,2,3.0,7209
13.889412246993558,13,1.0,-3239
13.889921103782878,1,1.0,7210
13.89095785712796,5,1.0,0
13.891274941459859,13,3.0,-3433
13.891733705264322,17,1.0,-2377
13.891950148831974,16,5.0,26
13.892190723045514,7,9.0,6279
13.892557027379276,14,2.0,-3469
13.893089153259494,7,2.0,6571
13.893836916472983,1,3.0,7211
13.894373942902881,7,2.0,6056
13.895014439488493,5,15.0,0
13.895654584265312,13,1.0,-3535
13.895654584265312,17,1.0,-3535
13.897497102126055,1,4.0,7212
13.897624190512209,1,2.0,7213
13.898654810683546,1,2.0,7214
13.898662520651499,5,2.0,0
13.899158419266033,5,2.0,0
13.899368239802156,6,2.0,6426
13.899541015257295,6,2.0,7120
13.899815211554595,9,4.0,6324
13.900009451770027,17,1.0,-2731
13.90093743060189,5,4.0,0
13.901063746985024,7,2.0,1818
13.90160616667434,16,3.0,3822
13.901932759040704,5,2.0,0
13.90214303633515,13,1.0,-3471
13.90214303633515,17,1.0,-3471
13.9028849379604,6,3.0,6940
13.90357224721667,8,2.0,7185
13.904433688506504,13,2.0,-3648
13.904690391619466,16,2.0,4343
13.90472274328172,7,46.0,4843
13.906131649105768,1,1.0,7215
13.906992896560224,5,2.0,0
13.907316020057714,1,2.0,7216
13.908110571304517,6,1.0,7127
13.908137643236879,1,8.0,7217
13.910471351616913,13,1.0,-3369
13.91081824347822,5,5.0,0
13.911015925408595,5,4.0,0
13.911163064827734,13,2.0,-3325
13.911332765494816,7,38.0,5186
13.91152169480638,4,3.0,7218
13.912688848338394,7,1.0,5674
13.912830251877248,9,57.0,2189
13.912998456338077,5,3.0,0
13.913400191419594,14,2.0,-3638
13.913452303440668,8,2.0,6714
13.913489686355618,17,2.0,-3145
13.913775657094993,6,6.0,7039
13.913792116597769,15,6.0,-553
13.913792116597769,17,6.0,-553
13.914436898946986,1,1.0,7219
13.91467742644988,5,1.0,0
13.914968399921928,7,2.0,7054
13.915096563148229,7,6.0,5341
13.918623975937226,14,5.0,-3254
13.920026350490748,5,13.0,0
13.920506959628314,15,1.0,-434
13.920990030327852,6,2.0,6679
13.921725271485629,13,1.0,-3568
13.921725271485629,17,1.0,-3568
13.922394226300247,17,8.0,-107
13.92268392106184,13,6.0,-3454
13.92268392106184,17,6.0,-3454
13.922956307701638,7,16.0,6885
13.92339256234041,13,1.0,-3300
13.924255733828092,7,17.0,5306
13.924429020415428,6,8.0,6336
13.925475003918782,5,2.0,0
13.926237203826592,5,19.0,0
13.926394865693428,14,6.0,-3178
13.926394865693428,17,6.0,-3178
13.926584305498421,5,2.0,0
13.927407371127124,9,4.0,6805
13.92798388992588,7,5.0,5427
13.92802482327808,7,18.0,6833
13.928228472939761,13,1.0,-3201
13.928839767062968,13,2.0,-3541
13.928971901324458,6,2.0,7101
13.929217295736064,10,3.0,7206
13.930190781498005,1,3.0,7220
13.930251816217913,15,1.0,-179
13.93045564155325,5,4.0,0
13.93051181158445,13,1.0,-3154
13.930658724560917,1,8.0,7221
13.932006266509745,14,1.0,-3605
13.932006266509745,17,1.0,-3605
13.932687348331545,8,17.0,5363
13.933039029674493,7,2.0,6650
13.93333664056933,1,8.0,7222
13.935406172929516,7,1.0,6618
13.935980210299583,5,1.0,0
13.93629376549454,10,4.0,7072
13.936339799229199,13,1.0,-3268
13.936339799229199,17,1.0,-3268
13.936380383388679,14,1.0,-3483
13.936380383388679,17,1.0,-3483
13.93641228433805,7,2.0,6427
13.936433342764376,13,2.0,-3447
13.937199916731657,13,7.0,-3173
13.937367794339501,5,3.0,0
13.937515107204293,13,2.0,-3347
13.937851698327076,4,31.0,7223
13.939161985850932,14,3.0,-3622
13.939939847451292,5,1.0,0
13.94237812967922,6,3.0,7159
13.942394717797338,7,10.0,5870
13.942428123845382,14,3.0,-3420
13.942989344613643,13,4.0,-3230
13.942989344613643,17,4.0,-3230
13.943095177633037,5,1.0,0
13.943119740708447,113,51.0,-3197
13.943821362097134,13,1.0,-3493
13.944547652351446,6,2.0,6965
13.944555314614762,7,1.0,6898
13.944610620595958,7,10.0,6205
13.94512103490651,6,7.0,3402
13.945157041366175,8,3.0,6877
13.946661045260441,17,7.0,-2539
13.946748612224514,7,16.0,5426
13.947217823102138,8,3.0,5517
13.947546737386867,1,16.0,7224
13.948553474257613,12,14.0,6748
13.948590370853854,5,1.0,0
13.949548797390737,8,1.0,6951
13.951553844522588,16,2.0,6110
13.951713372713062,7,6.0,6664
13.95202826803633,16,8.0,5132
13.952080938864405,6,4.0,5999
13.952141762127827,14,3.0,-3258
13.952180605903953,5,11.0,0
13.952583094373727,1,5.0,7225
13.95315292358943,13,25.0,-3600
13.954070662087355,5,1.0,0
13.955519442478673,5,2.0,0
13.955810735621068,14,2.0,-3271
13.955810735621068,17,2.0,-3271
13.956345040834883,7,1.0,6219
13.957270587750155,7,11.0,4203
13.957900872238543,7,6.0,6120
13.958183482194425,13,2.0,-3163
13.958362816112615,6,5.0,6678
13.958508695756091,5,1.0,0
13.95886151137675,13,6.0,-3203
13.95922862200291,14,4.0,-3222
13.960653154590709,9,18.0,5122
13.962543038808695,14,2.0,-3252
13.962576464124076,7,10.0,4714
13.963649612380124,14,4.0,-3228
13.963850892666484,9,6.0,5596
13.965017309399434,8,1.0,6850
13.965055100181088,14,2.0,-3162
13.966275057981512,7,1.0,6208
13.966516926737778,6,8.0,7029
13.968302539988226,13,1.0,-3186
13.968355763392484,1,2.0,7226
13.968856514159636,6,4.0,6935
13.970333526349089,13,2.0,-3583
13.970333526349089,17,2.0,-3583
13.970523318221609,7,2.0,4486
13.971858512878578,6,2.0,7213
13.972324802344648,15,1.0,-886
13.972580828407379,6,5.0,7036
13.97492802874956,11,41.0,7001
13.975770291979908,13,2.0,-3515
13.975790217312277,14,1.0,-3412
13.975790217312277,17,1.0,-3412
13.976024260418336,6,2.0,6010
13.976692252535384,6,1.0,6998
13.97694663698857,6,6.0,6959
13.976970091499114,6,3.0,5952
13.977072523216846,17,3.0,-1801
13.977215008120627,6,2.0,7038
13.977511164161557,13,24.0,-3195
13.97844788787794,14,1.0,-3662
13.97860654753164,13,30.0,-3223
13.978848870057373,17,3.0,-746
13.978978310857231,15,1.0,-321
13.98014102379892,5,2.0,0
13.980998240418758,7,6.0,6655
13.981796041937091,5,3.0,0
13.98317778844702,7,1.0,3859
13.98327181245754,13,2.0,-3287
13.983572965191428,13,1.0,-3385
13.984021749586393,13,1.0,-3612
13.984021749586393,17,1.0,-3612
13.984139603742078,1,5.0,7227
13.984275299540798,14,1.0,-3529
13.985919330029828,8,11.0,6470
13.986302478739406,9,6.0,4784
13.986929695877093,15,22.0,-801
13.98738453987891,15,6.0,-888
13.98806278321833,9,25.0,5272
13.988085826924317,7,6.0,6294
13.988414158762067,13,5.0,-3525
13.9884350108777,17,1.0,-975
13.98843804117547,6,2.0,7050
13.99010636510393,7,2.0,5772
13.990606985202387,7,3.0,6168
13.990898623800236,7,1.0,5370
13.991058200301557,5,5.0,0
13.991267680635335,13,1.0,-3527
13.991267680635335,17,1.0,-3527
13.991883828179365,6,7.0,6523
13.992142892288333,6,4.0,7108
13.992311126913089,7,3.0,5578
13.993258426009993,13,1.0,-3614
13.993440140538176,16,4.0,1153
13.994281648743206,7,3.0,6937
13.995203018528057,13,2.0,-3571
13.995254635895346,6,7.0,6236
13.99680573448087,5,46.0,0
13.996861929033095,13,1.0,-3556
13.996861929033095,17,1.0,-3556
13.998245406991966,6,5.0,6974
13.998568099378447,5,3.0,0
13.99982003716599,7,6.0,6844
14.000803768156988,5,6.0,0
14.000882166825399,9,1.0,6169
14.002346659764399,7,2.0,6341
14.002536966720696,1,2.0,7228
14.002992410631176,7,14.0,6091
14.003335365744796,5,4.0,0
14.003483780915499,6,2.0,6648
14.003518214258909,6,7.0,7145
14.003764310246126,5,3.0,0
14.004122375211455,1,1.0,7229
14.004527180869445,1,3.0,7230
14.005342982675678,6,1.0,7157
14.005452731173964,7,7.0,6265
14.00567430684772,7,5.0,6692
14.00596548716109,13,2.0,-3907
14.006447552527979,16,1.0,4648
14.008087547979052,13,2.0,-4017
14.008129471883667,6,2.0,6688
14.008141025525495,8,2.0,7213
14.008743424659269,14,4.0,-3994
14.010216257693182,5,1.0,0
14.010577254790984,7,10.0,3537
14.010763719989999,6,56.0,7103
14.011133006365455,5,1.0,0
14.01172188286401,6,15.0,6915
14.012175743297803,1,2.0,7231
14.012391270883446,5,1.0,0
14.012462733369286,5,3.0,0
14.01251806938226,5,1.0,0
14.013024777606068,1,11.0,7232
14.013100032019562,13,2.0,-3699
14.01403741362899,5,2.0,0
14.01466338588745,14,1.0,-4061
14.015723711451262,8,49.0,6727
14.017062276772442,6,6.0,6837
14.017238396374886,7,3.0,5046
14.017474593354843,13,3.0,-3734
14.017882024503901,13,3.0,-3836
14.018014228099227,13,2.0,-4014
14.018821143342882,9,2.0,6377
14.01937696099427,5,4.0,0
14.020176841954813,13,1.0,-3958
14.020706451950927,5,6.0,0
14.02098800713952,14,11.0,-3852
14.021552011841797,5,19.0,0
14.022074338400557,7,12.0,5534
14.022475886622754,18,,0
14.022532299314847,101,3.0,7233
14.022757061928957,9,3.0,4495
14.023619857737513,7,4.0,5931
14.023798557531453,1,3.0,7234
14.024230702312789,4,23.0,7235
14.024277180087443,1,5.0,7236
14.024524861730917,10,2.0,7205
14.025566151268894,7,5.0,5804
14.026672876849547,14,1.0,-3722
14.027433129983956,13,1.0,-3980
14.027797509467932,7,4.0,6729
14.028310195440254,5,36.0,0
14.028346961463415,16,3.0,1441
14.029504887072127,7,2.0,6199
14.029564723712436,7,10.0,5183
14.02992507802934,5,43.0,0
14.030275315216967,18,,0
14.030281195808435,101,9.0,7237
14.030382725710824,16,17.0,3590
14.030676933510772,14,44.0,-3715
14.031482426002233,5,5.0,0
14.031484363045609,5,1.0,0
14.03158060235985,7,1.0,3866
14.03164524597572,5,1.0,0
14.031873642666458,13,7.0,-4152
14.032049778016791,7,1.0,5900
14.032601170359008,18,,0
14.032601289321196,5,2.0,0
14.032667809903717,101,2.0,7238
14.033177491204535,14,4.0,-3995
14.035114896801467,7,5.0,4511
14.035267097314241,14,1.0,-3725
14.036985502100853,6,1.0,7105
14.037082284314074,6,4.0,7110
14.037180319321074,18,,0
14.037432017762422,101,2.0,7239
14.038436391431082,7,24.0,6537
14.039139418134262,14,3.0,-3791
14.03936301623635,11,3.0,6237
14.03946962098116,6,2.0,7216
14.039563086188156,6,4.0,7114
14.039673388032547,13,4.0,-3787
14.040248150374737,18,,0
14.040368589117382,102,4.0,7240
14.040523043659615,7,12.0,2497
14.041006267559922,7,6.0,7151
14.041126497658722,13,3.0,-3675
14.041462940571606,9,19.0,3776
14.041614681085516,7,2.0,5425
14.04257834090133,18,,0
14.042683577024311,13,1.0,-3965
14.0427106705397,14,3.0,-3881
14.042846012511472,101,3.0,7241
14.043412749161025,9,2.0,6542
14.043492808013651,5,5.0,0
14.045155671569352,17,3.0,-2429
14.04599200361103,5,5.0,0
14.046491860987613,14,5.0,-4138
14.046798631263401,15,1.0,-562
14.047306563181245,7,2.0,6298
14.04764072633302,17,1.0,-2053
14.048051409331052,13,3.0,-3978
14.048700931783477,13,36.0,-3990
14.048893327164109,13,2.0,-3783
14.050227742745362,5,3.0,0
14.050324500503537,14,5.0,-3828
14.050404926871726,15,55.0,-967
14.05058777137148,5,21.0,0
14.053884144198335,9,10.0,6582
14.05450415162855,8,2.0,6861
14.054786880423016,7,5.0,6636
14.05487394805048,15,3.0,-576
14.05516966804579,5,2.0,0
14.05577608116352,9,2.0,6621
14.055805512222308,6,2.0,3947
14.056674580288867,5,15.0,0
14.056878942982728,13,2.0,-3704
14.057714766281215,5,3.0,0
14.057772516210079,17,2.0,-2417
14.058419166286086,5,2.0,0
14.058747025792112,13,2.0,-3833
14.05891710894657,14,3.0,-3799
14.059477032491266,8,29.0,4350
14.059938528791868,15,6.0,-915
14.060616574197928,5,2.0,0
14.061127736027572,6,7.0,6441
14.06123493481708,13,3.0,-3822
14.061480731039234,14,2.0,-3710
14.061822432483462,7,2.0,6957
14.062151219668893,6,1.0,6415
14.062397709068645,14,7.0,-3922
14.062462704963414,13,4.0,-3970
14.062964676978968,1,3.0,7242
14.063272923436259,14,4.0,-3762
14.063440527721646,17,1.0,-2159
14.063463999369613,13,1.0,-4053
14.063733695674829,9,3.0,6895
14.064113312995675,6,3.0,6742
14.064390470794075,6,30.0,7202
14.065635210990504,14,2.0,-3971
14.066044942746146,13,2.0,-4015
14.066176138426686,1,6.0,7243
14.066318050510455,10,8.0,6628
14.067215335638599,13,8.0,-3910
14.06742720708744,5,2.0,0
14.067751209708625,13,1.0,-4040
14.068046603300738,7,26.0,3606
14.068126627065766,6,10.0,6698
14.069122493198744,5,4.0,0
14.071002998833787,5,2.0,0
14.07138525591493,14,1.0,-3930
14.071499934186669,7,3.0,6603
14.071740830893779,9,5.0,6135
14.072835357880638,13,4.0,-3803
14.073192080196597,6,3.0,7163
14.073549029913243,5,2.0,0
14.073721595912511,14,3.0,-3780
14.074079249478608,6,5.0,7042
14.074231897019935,13,1.0,-4174
14.07424881945739,7,33.0,4223
14.074389761062957,13,1.0,-3724
14.074864396205715,7,3.0,6096
14.076656503540597,10,23.0,7235
14.07666244173036,8,8.0,6549
14.077880074125591,14,4.0,-3702
14.078384678539928,13,27.0,-4050
14.079778729331085,1,14.0,7244
14.080592978246115,13,1.0,-3899
14.08068559886333,5,4.0,0
14.081213481722322,9,1.0,6515
14.081324401530127,7,31.0,6816
14.081346373218,5,2.0,0
14.08260438476347,5,9.0,0
14.082634141303286,7,2.0,5702
14.08269339924972,5,2.0,0
14.083417845895216,9,3.0,5882
14.084492949114141,6,5.0,7109
14.086956521215956,9,1.0,5076
14.087200715197998,15,3.0,-611
14.08730883392263,5,3.0,0
14.088027771075245,14,2.0,-3889
14.088168642909476,1,1.0,7245
14.088470435274665,6,1.0,7152
14.091128813955306,7,5.0,4589
14.09190978115485,8,7.0,6268
14.094153094062634,17,3.0,-1318
14.094181698857593,6,5.0,6979
14.095152029752388,15,1.0,-242
14.095880936664189,7,1.0,5049
14.097432003323256,13,7.0,-3757
14.097442800853209,17,2.0,-2464
14.098199699910374,13,1.0,-4167
14.099146949484656,17,40.0,-2011
14.100353903925534,5,5.0,0
14.100723026527271,13,1.0,-3961
14.102007883224172,7,7.0,6270
14.102733821456702,1,3.0,7246
14.10281461117324,5,1.0,0
14.10335186414316,7,1.0,4033
14.103957041177313,7,9.0,4309
14.104578931290684,9,7.0,6268
14.105071423195815,17,1.0,-2590
14.105863666139863,7,3.0,6479
14.106239176550618,15,6.0,-200
14.10721013548016,1,2.0,7247
14.10785256837807,13,1.0,-3893
14.109456723244568,6,2.0,6926
14.109552163731559,17,3.0,-2960
14.10997444515712,13,2.0,-4162
14.110997432304494,6,9.0,7082
14.11145137926441,17,1.0,-2353
14.111546053017376,15,2.0,-259
14.111930641020253,1,1.0,7248
14.112016891805,5,1.0,0
14.11210859330817,5,6.0,0
14.112171056603607,7,9.0,5907
14.112844220476864,13,3.0,-3768
14.113766774322535,5,12.0,0
14.113922374857728,15,3.0,-183
14.115058091541606,12,8.0,6687
14.115698022828365,1,1.0,7249
14.115986932845818,7,5.0,6054
14.116832956070661,7,1.0,6872
14.117457617929661,7,7.0,6651
14.117627415872938,13,1.0,-3718
14.11814353651659,13,13.0,-3928
14.118264754951852,6,4.0,6996
14.118332168870129,17,2.0,-499
14.118750123586087,8,3.0,6686
14.118834103842179,6,2.0,6978
14.118837914505752,13,3.0,-4171
14.119245099722233,7,14.0,6734
14.119887941224913,14,3.0,-3805
14.119941239471423,7,5.0,6736
14.12019633393638,11,22.0,6281
14.121843277810559,14,4.0,-3854
14.121943716094897,14,19.0,-3935
14.122978955621042,1,1.0,7250
14.124985674754614,9,3.0,5688
14.125479992258406,6,4.0,7187
14.125896829085374,1,2.0,7251
14.126073074959166,5,11.0,0
14.126268484651696,15,9.0,-728
14.126900073886503,1,4.0,7252
14.127273013413127,7,20.0,5769
14.127273013413127,16,20.0,5769
14.12743805913502,14,1.0,-3847
14.127650010266585,13,2.0,-3683
14.127684643331083,6,11.0,7196
14.128388254397223,13,1.0,-4076
14.128767897781696,1,6.0,7253
14.128790207397536,5,3.0,0
14.129029453394587,6,9.0,6609
14.129223219294051,1,1.0,7254
14.129359333754826,7,2.0,5476
14.129718997418083,16,2.0,2922
14.129773089742523,7,7.0,6616
14.130095007111139,14,4.0,-3945
14.13109450784177,6,1.0,7215
14.131942841891474,13,1.0,-3806
14.132320533544576,7,4.0,5559
14.132769932878219,1,2.0,7255
14.133654622661275,17,3.0,-1349
14.134628372776666,7,2.0,4358
14.135293892821922,5,8.0,0
14.135398940350226,15,4.0,-224
14.136053649182537,15,2.0,-292
14.136235041322191,8,4.0,6935
14.136532552260224,3,36.0,7256
14.136602659776926,9,19.0,6368
14.137267218773147,9,5.0,6374
14.137339862186879,16,8.0,3241
14.137341381919041,5,3.0,0
14.137617391953189,13,5.0,-4131
14.137689716050083,14,4.0,-3703
14.13811414316987,1,6.0,7257
14.13904996004321,1,2.0,7258
14.141374587751622,17,5.0,-2032
14.142455425999076,8,1.0,6732
14.142477325813424,6,18.0,7149
14.142662925449434,13,2.0,-4170
14.143028953911935,15,3.0,-551
14.143396449086282,8,6.0,6836
14.1435900260248,7,4.0,4897
14.14424598453852,13,3.0,-3800
14.144782289692136,17,4.0,-1697
14.14648392654902,17,3.0,-1050
14.147201897222642,5,6.0,0
14.147335446424457,5,10.0,0
14.1487841571496,1,1.0,7259
14.14913993233781,14,1.0,-3824
14.150258059699006,14,4.0,-3944
14.150630478259348,13,2.0,-4070
14.150989194727956,5,9.0,0
14.151373911444034,17,2.0,-3027
14.15154468692353,7,1.0,6891
14.151686638107996,7,8.0,6914
14.151834099476586,8,1.0,6782
14.152084934762494,5,1.0,0
14.152184987174191,7,13.0,4399
14.152578499067731,5,21.0,0
14.153132469639397,9,3.0,6422
14.154359366364574,14,11.0,-4093
14.154660072648136,5,2.0,0
14.156890947732157,9,5.0,6786
14.157490075850205,1,6.0,7260
14.157518549454716,5,4.0,0
14.157950171814761,13,5.0,-3810
14.158103595890202,6,14.0,7244
14.158193731250849,13,2.0,-4008
14.160118924294038,5,4.0,0
14.160195407040742,1,6.0,7261
14.160430010923115,14,1.0,-3876
14.161056276519751,14,1.0,-3920
14.161351017896576,17,1.0,-862
14.161418472183277,6,1.0,7087
14.16172308802946,9,8.0,6549
14.161833817292898,6,2.0,7170
14.16292312587716,14,2.0,-3903
14.163650692831052,7,6.0,3091
14.163670741862797,13,1.0,-3815
14.163769866705877,17,2.0,-850
14.164023379544478,8,6.0,5259
14.164600468965086,13,3.0,-3700
14.164746834994425,1,1.0,7262
14.165308229814675,16,23.0,2055
14.1654954982583,6,7.0,6983
14.16554584953237,5,8.0,0
14.165799747979097,17,1.0,-1982
14.166696169114568,13,1.0,-4153
14.167483605104163,15,2.0,-744
14.167684220228043,17,7.0,-1314
14.168871735141924,7,2.0,6619
14.168876743234463,13,3.0,-4035
14.168879996670402,7,9.0,1880
14.169118839356383,13,3.0,-3906
14.169292187503105,13,1.0,-4044
14.169769572142936,5,1.0,0
14.17120155911842,7,39.0,4227
14.171413521862913,6,3.0,6604
14.171807032046036,5,3.0,0
14.17206617822869,7,2.0,5885
14.172535932299832,13,1.0,-3934
14.174229431916096,14,1.0,-3832
14.174305185816015,13,1.0,-3859
14.175546138401367,9,17.0,5363
14.175867461860859,13,3.0,-4158
14.17599570932533,13,1.0,-4127
14.176351203722978,7,9.0,6099
14.176679953466351,6,3.0,7111
14.176693575330669,13,2.0,-3936
14.17772667705435,5,1.0,0
14.178001811797822,6,15.0,7195
14.178192713428937,6,1.0,7262
14.179202168306379,1,4.0,7263
14.179923140625494,13,1.0,-3720
14.18105756132455,7,1.0,5886
14.181314208041892,6,11.0,7123
14.182103084409608,15,4.0,-480
14.183216229210895,7,39.0,5974
14.183423971847267,5,2.0,0
14.18347076534826,14,2.0,-3865
14.184427012646406,13,3.0,-3749
14.184620461293433,6,8.0,7073
14.18476646818758,14,3.0,-3860
14.184862114538065,3,12.0,7264
14.185282572721617,6,2.0,7228
14.185502479371594,5,1.0,0
14.18633079998823,7,8.0,5911
14.186519037694655,5,1.0,0
14.186664756129822,5,6.0,0
14.186870956092617,5,3.0,0
14.18789969568886,13,12.0,-3723
14.188046822945461,5,13.0,0
14.188683750091268,7,1.0,5467
14.1887905016394,5,1.0,0
14.188995503683758,5,5.0,0
14.189141575626879,113,48.0,-3744
14.189352133428908,5,29.0,0
14.189359528272435,5,2.0,0
14.190528571638673,13,1.0,-3870
14.190594281784252,3,8.0,7265
14.190695740466545,8,7.0,6706
14.190857290490566,1,25.0,7266
14.192503983200613,5,2.0,0
14.19340044103471,14,2.0,-3877
14.19357531657582,7,7.0,5722
14.1945639167033,7,5.0,6559
14.194582418591795,113,56.0,-4026
14.194831404508752,6,6.0,7243
14.19642969351388,4,3.0,7267
14.196621648166445,15,1.0,-61
14.19684801752672,16,13.0,2059
14.19741505942397,13,1.0,-4023
14.197868534758623,6,1.0,7019
14.198165913194932,13,1.0,-3974
14.198410489019254,11,57.0,6991
14.198424362714483,13,1.0,-4128
14.198637009618107,13,3.0,-4160
14.200188355846972,8,2.0,6847
14.201065526222102,5,3.0,0
14.201202661284398,5,9.0,0
14.201410696183181,4,4.0,7268
14.201774363749818,5,3.0,0
14.201815139812755,5,1.0,0
14.20274738387207,1,4.0,7269
14.203771339979076,9,7.0,6706
14.204783278327522,5,1.0,0
14.206096513342187,15,2.0,-199
14.206210632506385,1,3.0,7270
14.206606413397404,7,5.0,6409
14.206677892346875,5,1.0,0
14.206686013370003,16,2.0,5794
14.207261389101866,5,4.0,0
14.20742449782105,17,1.0,-2376
14.208388163619754,5,5.0,0
14.208553220673732,14,4.0,-4062
14.20904332165777,7,2.0,4956
14.210736196348954,5,2.0,0
14.210944841483037,17,2.0,-2992
14.21163146474397,5,1.0,0
14.211699143003466,5,3.0,0
14.212307610335795,5,1.0,0
14.21266732233764,5,1.0,0
14.213117503983506,6,25.0,7266
14.214130151367574,13,6.0,-3735
14.214259901431966,13,5.0,-4052
14.214607185785662,14,1.0,-3711
14.214618152587512,1,2.0,7271
14.215629347257103,13,1.0,-4043
14.21567523661101,9,5.0,4593
14.215738607202706,6,11.0,7182
14.216076173609169,14,4.0,-3773
14.216484524818135,10,30.0,7146
14.218012997275345,14,1.0,-3857
14.218841113449608,6,1.0,6780
14.21897107975925,6,1.0,7250
14.21914204614599,6,10.0,3159
14.220235898169632,8,5.0,7051
14.221326295304571,1,8.0,7272
14.221690864583906,10,1.0,7066
14.221870102446832,8,9.0,6838
14.222226704372536,14,13.0,-4147
14.22225728759866,6,3.0,7220
14.222400042025013,5,4.0,0
14.22260534588751,7,7.0,6483
14.222695293878912,4,8.0,7273
14.224277069336736,7,2.0,5781
14.224282160136543,7,1.0,4077
14.224648053214253,17,2.0,-2284
14.22520374817435,7,5.0,6966
14.225596717438199,17,26.0,-57
14.226170975376967,13,1.0,-4188
14.226291859494976,6,1.0,7074
14.226538742523527,17,10.0,-602
14.227385455009037,7,6.0,6142
14.227919800136604,7,2.0,6630
14.228382369231705,13,1.0,-4183
14.228382369231705,17,1.0,-4183
14.22845540830975,5,6.0,0
14.229281954432942,7,41.0,6181
14.229352559218256,7,15.0,6791
14.22971626493271,7,2.0,6478
14.23020977279633,1,3.0,7274
14.230223663763201,14,1.0,-3705
14.230223663763201,17,1.0,-3705
14.230469579494013,13,1.0,-4071
14.230923662246733,13,7.0,-4117
14.231842352292974,8,2.0,7056
14.233069739582687,13,18.0,-3861
14.233069739582687,17,18.0,-3861
14.233798052580577,14,2.0,-3775
14.23475005240245,13,1.0,-3761
14.23475005240245,17,1.0,-3761
14.234917430280262,15,11.0,-550
14.235198962238801,1,14.0,7275
14.23598160941393,5,10.0,0
14.236722299031594,7,2.0,5853
14.23738385846143,14,4.0,-3966
14.23738385846143,17,4.0,-3966
14.237870066155718,15,1.0,-657
14.238322728519078,14,2.0,-4186
14.238322728519078,17,2.0,-4186
14.238514334278229,15,2.0,-884
14.238598160567014,13,2.0,-4079
14.239054009862414,7,2.0,6663
14.239264498846483,7,1.0,6781
14.24025818252726,13,1.0,-3927
14.241453897488718,11,30.0,6800
14.241637132670435,14,8.0,-3743
14.241637132670435,17,8.0,-3743
14.241879600600175,14,1.0,-3693
14.24215541656835,5,45.0,0
14.24311857709188,5,1.0,0
14.244056097585592,16,11.0,3510
14.244827494377315,5,9.0,0
14.245265651136936,16,37.0,61
14.245323017907692,17,2.0,-2688
14.246445663754047,6,4.0,7093
14.246758957299013,6,5.0,7132
14.247395498127718,5,1.0,0
14.247696426941593,8,1.0,5566
14.247898371650669,5,4.0,0
14.24831584247488,7,2.0,6510
14.248442224179357,7,6.0,6468
14.248848447563306,13,2.0,-4136
14.249133388197517,17,14.0,-1440
14.249622404834536,13,6.0,-3829
14.250151116471791,17,8.0,-1567
14.250600190353207,8,6.0,6380
14.251786326504511,17,4.0,-3010
14.252111395897051,13,1.0,-4081
14.252111395897051,17,1.0,-4081
14.25450174885143,7,4.0,4604
14.254967083740212,13,3.0,-3719
14.255460529917496,1,3.0,7276
14.256628633305667,13,1.0,-3742
14.257113265926478,9,4.0,6889
14.258026829028553,8,2.0,7239
14.259358458566897,13,3.0,-3834
14.261030114037013,13,2.0,-3746
14.26155071049897,13,2.0,-4140
14.262442978934384,9,2.0,5270
14.26295477079826,7,10.0,7064
14.263421328464988,5,2.0,0
14.2639193191763,7,16.0,6320
14.264118162610531,9,2.0,4919
14.26499755861854,6,3.0,5698
14.265157585972931,5,4.0,0
14.265222943963774,7,1.0,6878
14.266998893761892,1,16.0,7277
14.267130724355821,4,6.0,7278
14.267373963083141,5,2.0,0
14.267958455409046,10,13.0,7076
14.269218262702275,12,4.0,6954
14.26950747053232,16,19.0,655
14.270064527234902,7,6.0,5658
14.270325915215583,14,4.0,-4080
14.270797781660377,6,11.0,7199
14.271387887077731,17,1.0,-1428
14.271544076820716,1,1.0,7279
14.271716162282265,8,5.0,7036
14.27199991857802,113,32.0,-4191
14.27267360202034,8,7.0,6983
14.272784178317684,1,3.0,7280
14.273413043400456,13,1.0,-3998
14.274349961259631,10,12.0,7264
14.274586801354602,9,8.0,5864
14.276094867095287,5,3.0,0
14.276344654217366,7,2.0,5665
14.276481575835387,7,2.0,6955
14.276642988143195,14,3.0,-4034
14.277410137384468,7,3.0,6172
14.278074273963844,14,4.0,-3875
14.278084239772422,5,4.0,0
14.278265574671568,8,5.0,6065
14.279033285909705,7,16.0,6369
14.2794137270271,13,2.0,-3684
14.279673066824376,5,4.0,0
14.281040066522513,7,11.0,6026
14.281068579529387,9,1.0,6261
14.28126684214325,6,4.0,7212
14.282305173373725,9,3.0,5038
14.28252820614376,13,1.0,-4031
14.283015093436337,9,1.0,6808
14.283684705329508,13,1.0,-3914
14.284092064729881,7,1.0,4942
14.28423718635808,13,1.0,-4106
14.28423718635808,17,1.0,-4106
14.284427289316065,17,1.0,-2177
14.284730147046526,7,3.0,6063
14.287130123248673,7,6.0,6832
14.28805805564552,13,1.0,-3716
14.28820292137933,1,5.0,7281
14.288361058063481,5,4.0,0
14.288668800805858,5,2.0,0
14.289063472456885,14,4.0,-3872
14.289141242291953,15,25.0,-64
14.289233856168991,1,3.0,7282
14.28975759024782,6,6.0,5570
14.29051558807047,14,3.0,-3969
14.291140525848816,16,38.0,1684
14.291601998409561,5,4.0,0
14.291783522493729,8,8.0,7057
14.292483458832628,16,2.0,3709
14.292807411800549,5,16.0,0
14.294483156496343,5,1.0,0
14.295364654751857,17,2.0,-1172
14.295814994968834,9,46.0,6854
14.296571689092628,15,2.0,-404
14.296571689092628,17,2.0,-404
14.297108124654748,7,25.0,4810
14.297884523000286,13,4.0,-3769
14.298208286494095,9,21.0,6011
14.298705109612985,8,5.0,6151
14.29893357817905,7,9.0,6862
14.29905947448294,6,1.0,7207
14.299557773643937,7,1.0,3818
14.299929137046723,8,6.0,5298
14.30018630808462,5,1.0,0
14.300630778027784,6,1.0,7184
14.30205548880788,14,3.0,-3817
14.302618179727753,7,3.0,6077
14.302867525025606,2,5.0,7283
14.302967740010216,14,3.0,-3759
14.302979052173727,8,2.0,6531
14.303298429679824,13,2.0,-4123
14.303298429679824,17,2.0,-4123
14.303474304038952,13,1.0,-4119
14.303690676788554,7,3.0,6500
14.30406181241685,5,2.0,0
14.30542130373966,5,1.0,0
14.305788208458821,8,1.0,5387
14.30598116790001,13,3.0,-3706
14.30774469474523,13,2.0,-3701
14.30774469474523,17,2.0,-3701
14.307883210113088,7,2.0,6250
14.307957783693817,14,3.0,-3804
14.308563095574183,7,1.0,5841
14.30870959604957,17,6.0,-509
14.309088528612365,7,1.0,6969
14.309280897919281,5,2.0,0
14.30946260018394,5,1.0,0
14.309926301582394,5,4.0,0
14.310326020718234,6,3.0,7242
14.31076544023554,13,1.0,-4139
14.31153155392188,13,9.0,-3788
14.312368521218087,16,3.0,1413
14.313254161189155,6,2.0,6883
14.313376800697746,17,4.0,-2965
14.313593081645088,1,1.0,7284
14.314227103585706,8,19.0,6163
14.314468294397447,7,1.0,5790
14.314497859387846,14,1.0,-3827
14.315694372362596,6,1.0,3825
14.316052416294779,16,5.0,2008
14.3160762338087,17,2.0,-303
14.3166688374027,14,15.0,-4099
14.316977610192554,13,4.0,-3809
14.317175097531992,13,1.0,-4175
14.317648258987358,17,1.0,-2256
14.317719904015762,13,1.0,-3795
14.317994469743628,6,21.0,6354
14.320422765992951,14,2.0,-3918
14.321295628595436,17,3.0,-2701
14.321341627283722,7,2.0,6662
14.321534737986006,13,1.0,-3880
14.321603919346748,13,2.0,-4000
14.322156647920409,6,14.0,7192
14.322961199212209,5,5.0,0
14.324472959858909,17,1.0,-2041
14.32570350281817,7,19.0,4888
14.3261580053574,13,2.0,-3696
14.326321985552056,8,1.0,6276
14.326527838158173,14,2.0,-3953
14.326527838158173,17,2.0,-3953
14.326678545554149,6,1.0,7104
14.328342041815564,7,5.0,6141
14.328635058868699,13,6.0,-3786
14.328916477331642,7,2.0,6976
14.32895056826321,7,9.0,5287
14.3294189454616,13,2.0,-3999
14.329432172861978,5,7.0,0
14.329483152635547,1,2.0,7285
14.329597199740885,16,7.0,6232
14.329662420876181,2,2.0,7286
14.329828936030324,6,1.0,7229
14.330024929391687,7,2.0,4386
14.330584765391865,5,4.0,0
14.330892294605212,15,3.0,-870
14.331354112268919,13,1.0,-4114
14.3314245501019,13,1.0,-4063
14.3314245501019,17,1.0,-4063
14.332394763684364,15,38.0,-350
14.332695209822598,13,4.0,-3853
14.332695209822598,17,4.0,-3853
14.333314837686189,7,1.0,6691
14.334088978984836,7,1.0,6741
14.335021403601194,5,4.0,0
14.336022089667448,1,2.0,7287
14.336635869409513,17,5.0,-1750
14.33730975188898,5,4.0,0
14.338307804954137,7,2.0,6831
14.33866179824135,7,7.0,3546
14.339004098753364,7,2.0,6656
14.339203722448078,7,6.0,5463
14.3393663117772,6,4.0,6606
14.33951744534802,6,3.0,7044
14.340489683424115,7,6.0,6512
14.340717039902474,1,1.0,7288
14.341116202491182,14,2.0,-4048
14.342585829156013,5,9.0,0
14.343246348026156,1,3.0,7289
14.343570663634278,5,4.0,0
14.345985747908712,17,1.0,-2091
14.346363281335941,9,3.0,6952
14.3465516494237,13,2.0,-4042
14.346673613255987,7,2.0,6787
14.34698632588509,8,11.0,6252
14.348338224678674,7,1.0,6079
14.349553016032075,6,1.0,6851
14.349626117173868,5,3.0,0
14.349676889633148,13,6.0,-4103
14.349676889633148,17,6.0,-4103
14.350025758424426,7,1.0,3029
14.350177405092788,7,3.0,6492
14.350565348542323,7,2.0,5676
14.35201728935006,15,3.0,-147
14.35221264990885,5,4.0,0
14.35237434052559,17,1.0,-756
14.352560270065759,5,10.0,0
14.355077808296885,17,1.0,-456
14.355246454575372,5,4.0,0
14.355615287482163,9,1.0,6951
14.356075112359985,113,24.0,-3830
14.356631358308832,15,2.0,-329
14.357794061856877,7,1.0,2916
14.358059356035609,8,3.0,6703
14.359253288012964,5,7.0,0
14.359935757446241,7,13.0,6771
14.360705384020234,7,4.0,3691
14.36104020109697,7,5.0,7053
14.361373538180805,13,1.0,-3843
14.36316794333641,7,10.0,6982
14.363477428386277,1,16.0,7290
14.365031260269182,7,2.0,5732
14.365528262440977,5,3.0,0
14.366502109662264,10,13.0,7025
14.36664658138103,7,4.0,6680
14.366829342714949,5,2.0,0
14.369134175088032,6,5.0,6713
14.369398367461105,5,4.0,0
14.369735377771752,14,1.0,-4179
14.370042202368138,17,1.0,-1947
14.370066158240457,5,3.0,0
14.370142909393001,5,1.0,0
14.370246413313467,7,3.0,5389
14.370738807858077,5,4.0,0
14.371302162258099,13,1.0,-4016
14.371311013238664,9,6.0,6176
14.372626264804007,15,4.0,-660
14.372935458296162,7,3.0,6856
14.374221293484723,13,6.0,-4116
14.374770477842665,13,1.0,-3819
14.374937812856533,6,3.0,7116
14.375368869062852,6,5.0,7225
14.376407773881406,6,1.0,7279
14.37677250337427,7,7.0,5489
14.376943711588952,7,53.0,1968
14.377085522918739,1,5.0,7291
14.377143746744427,13,5.0,-3987
14.377143746744427,17,5.0,-3987
14.377232918277285,13,5.0,-4121
14.377350078263834,6,6.0,7173
14.3779121930183,16,8.0,4272
14.377969607092943,7,5.0,6774
14.378012240808916,6,3.0,7211
14.378449632809167,17,2.0,-185
14.378897070828247,7,5.0,6282
14.37999446224391,5,1.0,0
14.381555947352924,15,3.0,-991
14.382084828643778,7,2.0,6520
14.382730552937698,9,3.0,6779
14.382794013707793,13,3.0,-3823
14.383331917621385,6,2.0,7287
14.383453511221978,13,1.0,-3687
14.383453511221978,17,1.0,-3687
14.383765278807148,13,9.0,-4173
14.38437202806325,13,2.0,-3707
14.38437202806325,17,2.0,-3707
14.384511029469271,7,3.0,6473
14.384783472532916,17,7.0,-2782
14.385622701646753,17,3.0,-1900
14.386632871400343,7,10.0,6990
14.386769614147681,6,31.0,7079
14.38687648693784,13,2.0,-3890
14.387294983941299,7,5.0,6719
14.389203371516848,5,3.0,0
14.38929725470139,17,4.0,-429
14.389899884354922,5,3.0,0
14.390076368588314,14,9.0,-4143
14.390076368588314,17,9.0,-4143
14.39073874408352,5,4.0,0
14.390922858338948,9,2.0,6136
14.391072327285555,5,6.0,0
14.391126037153366,16,20.0,310
14.392054817091147,13,1.0,-3726
14.392794418789562,6,4.0,6986
14.392943352469329,13,13.0,-3820
14.392950513860782,14,2.0,-3997
14.393014640585728,9,2.0,6861
14.393336695503978,5,1.0,0
14.39400128121842,17,2.0,-397
14.394179589829232,14,1.0,-4187
14.394189349837758,7,4.0,6716
14.394978369345873,5,1.0,0
14.394983348129582,6,3.0,7274
14.395071926907638,13,2.0,-3814
14.395071926907638,17,2.0,-3814
14.395246033837774,5,45.0,0
14.396292513758585,7,6.0,6792
14.398168772730294,7,3.0,5714
14.398168772730294,16,3.0,5714
14.39853783098451,6,2.0,7285
14.398907657304232,14,4.0,-3923
14.398907657304232,17,4.0,-3923
14.400506693877889,6,8.0,7083
14.400596721612393,15,4.0,-111
14.40061497042485,6,5.0,7283
14.401969280016392,7,3.0,6209
14.401990346930686,1,4.0,7292
14.402119849099348,14,3.0,-4075
14.402119849099348,17,3.0,-4075
14.40221811626563,7,7.0,6576
14.403720029405555,5,1.0,0
14.404031646332413,5,11.0,0
14.404180280749815,1,1.0,7293
14.404859130293637,5,1.0,0
14.405345014777133,7,23.0,4054
14.405805413571493,5,4.0,0
14.406005417525726,7,3.0,6327
14.40678956082756,10,36.0,7256
14.407170575582793,8,5.0,6487
14.408601453730535,7,2.0,6501
14.4089367445333,1,15.0,7294
14.409447298724894,9,9.0,6838
14.40996179677279,13,7.0,-4149
14.40996179677279,17,7.0,-4149
14.410037640812588,13,1.0,-4059
14.410698541337412,5,6.0,0
14.410761045717578,13,6.0,-3912
14.411740166476614,6,1.0,7193
14.411967556121683,17,2.0,-2117
14.412669747837214,13,8.0,-3896
14.412669747837214,17,8.0,-3896
14.413606396475323,17,1.0,-1569
14.413686834957987,13,1.0,-4122
14.413686834957987,17,1.0,-4122
14.414165869611958,7,2.0,7007
14.414281364534792,5,7.0,0
14.414358670125793,7,3.0,5828
14.415020109266766,5,49.0,0
14.41549645492705,13,1.0,-4003
14.415818386337762,7,5.0,7033
14.41673927151358,5,1.0,0
14.416975848659012,1,6.0,7295
14.418166810635892,13,1.0,-3968
14.418404445516556,13,1.0,-3774
14.419912597843858,7,18.0,6988
14.41996585223878,13,1.0,-4111
14.420717217634344,13,4.0,-4041
14.420717217634344,17,4.0,-4041
14.420968551066107,7,2.0,6941
14.421623736926243,7,3.0,6117
14.422115563946555,14,2.0,-4051
14.423039027831551,5,8.0,0
14.423529667340338,5,6.0,0
14.423684323223753,13,4.0,-3766
14.424363731672923,9,2.0,5821
14.424977749925032,1,3.0,7296
14.425156742344146,9,3.0,6686
14.425408043828282,6,3.0,7190
14.42558227566813,7,2.0,5925
14.42588913191464,7,2.0,6633
14.426143565858258,17,1.0,-2588
14.42654102888627,5,1.0,0
14.428174031061902,5,12.0,0
14.428877308401598,13,1.0,-3813
14.429128148025567,13,2.0,-4004
14.429128148025567,17,2.0,-4004
14.429257961148503,5,1.0,0
14.430711626473261,17,1.0,-1655
14.431985892979457,9,3.0,3166
14.432220643685438,7,3.0,6975
14.432233323042826,17,11.0,-2714
14.432344816246625,14,4.0,-4120
14.43251133512941,11,7.0,7018
14.432776618650145,7,2.0,5474
14.434842519126002,13,2.0,-3781
14.434842519126002,17,2.0,-3781
14.435415846707734,7,6.0,6566
14.436425905930339,14,9.0,-4046
14.437604236338117,14,1.0,-4193
14.438624504491898,7,6.0,6799
14.438825725569064,9,1.0,6556
14.439447669631592,7,28.0,3693
14.439593089232613,14,2.0,-3784
14.439800151064345,13,1.0,-3682
14.440869862360296,17,4.0,-722
14.44151843071557,14,19.0,-3956
14.441532977876207,7,1.0,6859
14.441608645191943,8,3.0,6157
14.441945474215348,1,2.0,7297
14.442106085021233,7,12.0,6750
14.44217029546615,14,3.0,-3941
14.44226124322501,13,3.0,-4092
14.44226124322501,17,3.0,-4092
14.443216500001723,13,1.0,-3917
14.443465928068614,17,3.0,-750
14.444254414109361,8,14.0,6790
14.444494804632765,13,1.0,-3858
14.444696205203373,7,34.0,5879
14.444932073671048,7,7.0,5409
14.444986635180966,7,2.0,6648
14.445024357741586,4,35.0,7298
14.445550137345396,5,3.0,0
14.44608179919551,13,1.0,-4006
14.44608179919551,17,1.0,-4006
14.446556888435168,17,1.0,-743
14.447280972741828,13,5.0,-4084
14.447280972741828,17,5.0,-4084
14.451204829135895,11,6.0,6032
14.451228614482982,7,12.0,5971
14.451375029150554,13,1.0,-3686
14.451408559324719,9,3.0,4852
14.45189918608905,7,10.0,5946
14.452094391419315,13,1.0,-3681
14.452510693427898,17,2.0,-2830
14.452657264817558,17,1.0,-1935
14.452944337667622,6,6.0,7253
14.453824940073686,13,2.0,-3937
14.453826730131656,13,2.0,-4155
14.454268296865004,1,2.0,7299
14.454479888229072,5,2.0,0
14.454594205642643,14,1.0,-4102
14.454594205642643,17,1.0,-4102
14.455044874010968,17,2.0,-184
14.455337321879325,9,6.0,5691
14.456334377556772,8,5.0,5212
14.457190022802807,13,4.0,-3841
14.457190022802807,17,4.0,-3841
14.457555494421053,14,3.0,-4169
14.457979496565205,9,1.0,5566
14.460334806978778,13,1.0,-3713
14.46090815382744,6,4.0,7292
14.46095444912294,13,1.0,-3777
14.46095444912294,17,1.0,-3777
14.462277859651671,9,3.0,6498
14.462455364643548,6,6.0,7261
14.462825191438869,14,3.0,-3838
14.463078701853489,13,1.0,-4091
14.463805309101476,7,5.0,5544
14.46443511289519,14,1.0,-4077
14.464884074451826,8,2.0,7014
14.465129053218341,14,1.0,-4088
14.465540764509285,11,3.0,6756
14.465786744389515,17,1.0,-2145
14.465860647761902,14,2.0,-3712
14.465981589341627,17,4.0,-2297
14.466542211620592,5,1.0,0
14.466590320055722,7,2.0,5375
14.46663724139467,113,41.0,-3807
14.466893285322833,9,3.0,6454
14.467107304226714,9,14.0,6748
14.46747077647694,8,1.0,6876
14.467816568337785,113,57.0,-3901
14.467989292421505,7,5.0,6494
14.468593199852627,6,2.0,7297
14.46930728415976,5,1.0,0
14.470108900129791,13,2.0,-4110
14.471091335145998,6,1.0,7071
14.471147601525125,13,2.0,-3767
14.471276490283687,6,2.0,6925
14.471396302827173,4,2.0,7300
14.471874083738985,5,3.0,0
14.472366404108833,13,6.0,-4013
14.472858370158903,13,1.0,-3959
14.473424677231806,1,2.0,7301
14.47356515328671,9,2.0,6968
14.473650799763092,6,2.0,7226
14.473710321877103,17,1.0,-1587
14.47407963133435,6,2.0,6950
14.474197643979522,6,5.0,7291
14.474493331522899,1,6.0,7302
14.475762835753153,14,8.0,-3676
14.47707992375841,9,5.0,6151
14.477093202321601,6,16.0,7290
14.477657103100482,7,2.0,7002
14.477872771537342,5,2.0,0
14.47810466664692,13,1.0,-3866
14.479819921760084,10,3.0,7218
14.479991366152115,13,1.0,-3878
14.480210339767705,17,33.0,-987
14.480922013858592,17,3.0,-2733
14.481631269939887,6,2.0,6631
14.481986716860545,1,2.0,7303
14.48231053207828,6,15.0,7294
14.482351771654491,7,10.0,6480
14.482453651979327,13,1.0,-3993
14.48250982180144,15,1.0,-143
14.482812485510198,14,3.0,-3886
14.483032327787816,7,19.0,7070
14.483175189537551,5,2.0,0
14.483654720225333,7,7.0,7012
14.48366679078753,14,3.0,-3794
14.48366679078753,17,3.0,-3794
14.485444835593716,17,2.0,-1654
14.486138153196615,13,1.0,-3771
14.486172493275024,14,6.0,-4072
14.486318070862483,5,1.0,0
14.486361336306851,1,2.0,7304
14.4864784513039,5,3.0,0
14.486968117314873,6,1.0,6137
14.487322336292864,5,1.0,0
14.48814812133234,6,13.0,5657
14.488426723382162,13,5.0,-3790
14.488571724524048,13,1.0,-3691
14.488905948793489,6,8.0,7221
14.489673703420614,5,2.0,0
14.490202135255132,5,2.0,0
14.490299031046549,6,2.0,6984
14.490491923245862,6,2.0,7271
14.49229776520783,13,1.0,-4073
14.492810021974313,1,1.0,7305
14.492943239992243,7,13.0,4258
14.493324584261416,9,4.0,6961
14.493324584261416,16,4.0,6961
14.494515977553576,5,4.0,0
14.494615642675214,10,10.0,7068
14.49479141887427,7,7.0,5475
14.494999412179908,17,2.0,-275
14.495674154604025,15,2.0,-588
14.496101184412433,1,1.0,7306
14.496214569813436,6,9.0,6873
14.496674706235373,9,1.0,6798
14.498617207029032,6,31.0,7161
14.498696021185209,6,5.0,7281
14.498747817420186,113,42.0,-4039
14.49922948728702,7,1.0,6226
14.499311951940683,7,8.0,4596
14.499947379431955,7,10.0,5884
14.50012721678534,4,7.0,7307
14.500886815773208,1,3.0,7308
14.500951971723088,1,3.0,7309
14.502026765385226,16,6.0,1460
14.502283778422214,12,3.0,7206
14.502296818137138,5,2.0,0
14.503587853826298,5,1.0,0
14.503632812099305,15,3.0,-320
14.503658478405681,5,3.0,0
14.504067854714581,5,3.0,0
14.504724194737731,7,4.0,6900
14.504749469781498,5,3.0,0
14.50497297490207,8,5.0,6458
14.505614774731713,7,7.0,5795
14.505905953350318,7,6.0,5422
14.506141757408429,9,7.0,5905
14.507699507804682,1,10.0,7310
14.508714353684562,17,3.0,-863
14.508716143896429,13,1.0,-3864
14.508716143896429,17,1.0,-3864
14.509269624869983,13,5.0,-4098
14.509826942935398,7,1.0,6588
14.510215169160226,5,5.0,0
14.510531732651707,9,3.0,6703
14.510735824242222,15,2.0,-49
14.510747040787539,17,1.0,-2380
14.514017194028575,9,11.0,6252
14.514695913450803,7,3.0,6768
14.515323424009743,7,4.0,6892
14.515351614959666,7,40.0,6848
14.515449393995793,10,35.0,7298
14.516146063588335,8,2.0,7065
14.516253897182693,7,3.0,6573
14.516262809431286,16,39.0,1665
14.51715738323689,1,6.0,7311
14.518361879635572,11,7.0,6696
14.518412526553632,13,1.0,-3947
14.518630387017886,13,3.0,-3938
14.519235800583687,11,59.0,6544
14.521408264003941,7,3.0,6286
14.52218631437635,14,2.0,-3900
14.522872139013787,5,5.0,0
14.523597576028347,17,1.0,-2218
14.52397583259623,6,7.0,6902
14.525166650509188,7,4.0,5955
14.52525245037021,14,6.0,-3698
14.52525801573752,7,6.0,5178
14.525406322200515,14,2.0,-3989
14.525740481159357,15,7.0,-407
14.525932517024508,17,1.0,-2299
14.525946570155188,5,2.0,0
14.526411750089817,13,1.0,-3977
14.52696683317987,14,17.0,-4024
14.527181688191854,1,2.0,7312
14.527442170976828,16,15.0,556
14.52837330870115,17,5.0,-70
14.529657266412125,6,3.0,7282
14.529770830716206,9,23.0,6695
14.529997128399412,7,5.0,4774
14.530495013308242,13,2.0,-3867
14.53132925290964,7,2.0,4601
14.531946860022233,7,17.0,6868
14.532027347138595,5,4.0,0
14.532359550186124,7,2.0,5875
14.533190379514899,17,4.0,-1372
14.5335132081505,9,6.0,6308
14.536059413220286,13,3.0,-4082
14.536059413220286,17,3.0,-4082
14.537197963934664,5,3.0,0
14.537847025592118,10,3.0,7267
14.538499217590097,14,3.0,-3772
14.539118380271074,14,11.0,-4163
14.539118380271074,17,11.0,-4163
14.53956135783743,13,1.0,-3921
14.541243006418012,5,4.0,0
14.542022072365713,7,2.0,4368
14.542439335828014,9,1.0,5942
14.542529057264934,5,1.0,0
14.543195593368402,13,8.0,-3689
14.543296277637543,13,5.0,-3991
14.544651957107352,5,3.0,0
14.545031004183953,7,25.0,3296
14.545516327987885,13,1.0,-4107
14.546040730655145,11,1.0,6455
14.546468386952585,13,1.0,-3933
14.546476473667179,11,4.0,6921
14.546903573409129,6,1.0,7306
14.547366525921914,17,1.0,-312
14.547756982847671,17,2.0,-3352
14.548056996452438,17,4.0,-3003
14.549181799515834,8,6.0,6839
14.549891659719268,6,3.0,7003
14.549962183560007,13,3.0,-3845
14.550012849944864,14,1.0,-3916
14.550248640906961,14,1.0,-4097
14.550370553208996,7,3.0,6525
14.551357506812664,13,1.0,-3764
14.55176019143526,1,9.0,7313
14.551804314053348,13,8.0,-3844
14.551951135008094,5,2.0,0
14.552798557630782,6,1.0,7288
14.555297871960015,5,44.0,0
14.55581452635211,5,2.0,0
14.556644282339994,5,2.0,0
14.557203551533775,7,9.0,6442
14.557299229505052,13,2.0,-4130
14.557299229505052,17,2.0,-4130
14.557904967840276,11,20.0,7041
14.55833467605476,13,1.0,-4124
14.558735643878087,17,3.0,-2033
14.558753194279836,7,4.0,6755
14.559312715293743,9,8.0,6929
14.560221517340068,7,5.0,5521
14.56038931471507,13,1.0,-3688
14.560907043545425,14,12.0,-3679
14.561901370742968,5,11.0,0
14.562489129199001,15,2.0,-74
14.56296027979364,16,24.0,4167
14.563670336138989,5,3.0,0
14.563842325773575,9,3.0,4404
14.56588779313634,9,6.0,5259
14.566123961454961,7,8.0,6004
14.56624539852487,13,1.0,-4085
14.567220019141898,13,1.0,-3908
14.568003777811686,13,6.0,-4049
14.568233870996705,1,5.0,7314
14.569713035094795,14,4.0,-3905
14.570361074785756,5,4.0,0
14.571387490273954,10,4.0,7268
14.57143111921515,5,4.0,0
14.572577740717215,13,1.0,-4154
14.573080416277087,14,1.0,-3946
14.573252296925965,13,1.0,-4177
14.573784190818804,13,2.0,-3979
14.573921959412152,6,9.0,7200
14.575166234625621,14,1.0,-4159
14.57578477056843,17,8.0,-2065
14.576479044912917,5,6.0,0
14.576911303704698,7,3.0,5479
14.57751077615661,5,1.0,0
14.577638251849546,14,3.0,-3892
14.577713023501854,1,4.0,7315
14.579343554320728,9,2.0,6531
14.58018413243901,14,22.0,-3948
14.580260021584852,5,1.0,0
14.580915935175392,17,6.0,-3604
14.581188334159972,14,4.0,-4132
14.581188334159972,17,4.0,-4132
14.583513491373461,13,2.0,-3690
14.583581330711247,14,8.0,-3873
14.584476149266543,16,2.0,5034
14.584926511283655,5,10.0,0
14.585261983826106,13,1.0,-3869
14.585288615867988,1,45.0,7316
14.58539603126838,8,1.0,6930
14.585824476963586,17,1.0,-2453
14.585925435443183,15,1.0,-985
14.586531120712394,7,11.0,6296
14.588100842966945,7,7.0,5824
14.588498966575763,12,8.0,6628
14.58887375413522,17,4.0,-176
14.588912433079635,14,2.0,-4032
14.589284825637824,17,22.0,-2855
14.589367265273737,7,6.0,6513
14.590733135653997,1,1.0,7317
14.591242082886096,8,1.0,5633
14.591254695117403,6,1.0,7293
14.591341343688956,1,2.0,7318
14.591837146750482,13,1.0,-4019
14.593012883282471,5,5.0,0
14.593945990351056,13,1.0,-4100
14.593998581584227,6,4.0,7188
14.594091259522118,14,3.0,-3982
14.595102776831656,7,7.0,6087
14.595147128919287,9,11.0,4859
14.595475999348444,14,5.0,-4134
14.595486648295072,5,3.0,0
14.595687594322053,5,3.0,0
14.596613374995037,7,2.0,6853
14.59752519829679,15,1.0,-995
14.59752519829679,17,1.0,-995
14.598870497510868,15,28.0,-455
14.599033456489021,13,2.0,-3717
14.5990664359562,5,2.0,0
14.599201767687097,17,2.0,-344
14.599436545595026,13,1.0,-3909
14.599436545595026,17,1.0,-3909
14.599668805586427,9,2.0,6489
14.59981421006072,5,13.0,0
14.599909298894309,6,1.0,7219
14.600486551196,17,3.0,-1780
14.600495577372055,8,9.0,7237
14.600940831198672,5,6.0,0
14.601196076432418,1,4.0,7319
14.601790999761812,17,1.0,-192
14.601936665385956,13,1.0,-3960
14.602480668845555,7,3.0,6275
14.602753842173232,17,1.0,-2665
14.60489275712143,7,2.0,7120
14.606675698464702,9,6.0,6726
14.608087631298655,13,1.0,-4020
14.608100540125848,17,3.0,-1421
14.610474763929657,16,14.0,6170
14.61074939996975,1,10.0,7320
14.611071213759127,7,3.0,7081
14.612970685846275,13,9.0,-4101
14.612970685846275,17,9.0,-4101
14.613087564557265,6,3.0,7183
14.614304322284443,7,17.0,6647
14.614836973941511,14,4.0,-3898
14.616039766691513,7,5.0,6321
14.616039766691513,16,5.0,6321
14.616153878350582,1,40.0,7321
14.616300708336894,13,2.0,-4166
14.61647768062902,7,6.0,6948
14.617192164260066,5,8.0,0
14.61738636455721,7,1.0,6292
14.617703805210432,6,2.0,6637
14.617991759965733,5,1.0,0
14.618884100590504,7,1.0,5813
14.619404476975996,7,2.0,6392
14.619456812255068,6,6.0,7100
14.6214879517943,8,45.0,6371
14.621522886460053,16,42.0,1212
14.621740433362387,6,2.0,5164
14.622180490622496,5,5.0,0
14.622684834522211,15,1.0,-478
14.624317372551204,7,2.0,6020
14.626528160407128,6,10.0,7320
14.626686423079608,5,1.0,0
14.626734914447683,13,3.0,-4011
14.628139157705327,7,4.0,7027
14.628267244999368,5,2.0,0
14.629629579591464,13,2.0,-4047
14.629629579591464,17,2.0,-4047
14.630680240790898,113,40.0,-3924
14.630701783970894,13,1.0,-3888
14.630745846199794,13,5.0,-3981
14.632296786836653,17,2.0,-2647
14.634028879331414,13,3.0,-3730
14.634028879331414,17,3.0,-3730
14.634296059992636,17,2.0,-506
14.634369134497923,14,4.0,-3871
14.634369134497923,17,4.0,-3871
14.635057977133558,5,3.0,0
14.636023571896844,5,1.0,0
14.636509622491161,5,3.0,0
14.636672307514592,5,24.0,0
14.63676628764285,5,7.0,0
14.637252413152783,15,2.0,-29
14.638066016762346,13,4.0,-4086
14.639886385982411,13,1.0,-4133
14.639892408961012,13,1.0,-3745
14.640347763340714,13,1.0,-3837
14.640600174244865,7,1.0,6012
14.641477036988332,16,3.0,1607
14.64281817996009,13,6.0,-4060
14.642827704024501,7,2.0,4783
14.642878710270582,6,2.0,7303
14.642979591433011,9,3.0,4141
14.643982391821858,7,3.0,6083
14.644486914745965,13,6.0,-3732
14.644548734783694,9,2.0,6797
14.644924512800632,6,3.0,7270
14.645380775972164,7,9.0,7092
14.645410559678297,7,14.0,4415
14.645420994761977,15,1.0,-854
14.64553923547263,7,4.0,5189
14.645813600722645,6,5.0,6504
14.646753018068674,7,4.0,6804
14.647506911415482,7,1.0,6829
14.647952343592875,7,2.0,7050
14.64837005994393,5,2.0,0
14.649808149187534,5,6.0,0
14.650122521553198,5,2.0,0
14.650181883725004,13,2.0,-3884
14.650333322711814,14,1.0,-3754
14.650427124879439,7,3.0,6720
14.6508976294861,1,1.0,7322
14.651092960308711,17,1.0,-2942
14.654656743630529,17,2.0,-2196
14.655533473830442,7,1.0,7141
14.655545958319866,10,8.0,7273
14.656247150255062,13,2.0,-4005
14.656394668327964,7,5.0,6874
14.656445230334354,7,1.0,6221
14.656521496552445,5,2.0,0
14.656739899001787,14,2.0,-3863
14.657735879120466,7,31.0,5522
14.658176449607245,17,3.0,-1564
14.658664248286236,13,4.0,-4090
14.658664997688756,14,6.0,-3931
14.659343345948388,5,1.0,0
14.659808408424272,14,3.0,-3942
14.660693515237085,14,5.0,-3915
14.660693515237085,17,5.0,-3915
14.661673706086328,5,4.0,0
14.662515210098942,7,1.0,7137
14.665142045314969,7,2.0,6484
14.665491262582622,5,3.0,0
14.665664714908905,7,5.0,7032
14.6661710589716,5,5.0,0
14.66703908809628,1,3.0,7323
14.667592495637384,13,4.0,-3939
14.667823599734517,6,9.0,6475
14.668011425577763,7,6.0,6212
14.668011425577763,16,6.0,6212
14.668307174835551,17,2.0,-3314
14.669997777047486,5,2.0,0
14.670627375304377,5,4.0,0
14.67073271160983,7,2.0,6767
14.670923957094393,7,2.0,7106
14.671170316441092,7,24.0,6153
14.672198697280141,13,2.0,-3785
14.672198697280141,17,2.0,-3785
14.672502648031468,6,2.0,7312
14.673309445857573,7,2.0,6934
14.674108796514115,16,4.0,5047
14.674411902005003,7,7.0,5786
14.674713149769099,9,1.0,6218
14.674713149769099,16,1.0,6218
14.67551559407749,9,6.0,6540
14.67629654012429,7,3.0,4850
14.67656033988771,9,1.0,6850
14.676871882308678,5,3.0,0
14.67714022815136,5,2.0,0
14.677518838260733,5,2.0,0
14.67764083060753,7,1.0,6668
14.678069057436113,9,3.0,6055
14.679190447121995,7,1.0,6977
14.679964866147305,13,5.0,-3692
14.680006644250255,17,1.0,-3596
14.680448507491125,11,1.0,7067
14.681788736403414,14,1.0,-4067
14.681788736403414,17,1.0,-4067
14.681997955484432,13,3.0,-4145
14.681997955484432,17,3.0,-4145
14.682111158553152,15,8.0,-212
14.682446693306915,7,4.0,4485
14.682732194713816,6,10.0,7310
14.683525596484866,8,2.0,6627
14.684254220374884,5,5.0,0
14.685634923670069,17,1.0,-2822
14.685775062540374,13,3.0,-3750
14.685891498508953,1,6.0,7324
14.68607468530718,9,3.0,6157
14.686152947278908,13,2.0,-3975
14.686272752996654,13,1.0,-3765
14.686671309110118,14,10.0,-3951
14.687055683572874,113,52.0,-3816
14.687529435641839,13,1.0,-3796
14.687529435641839,17,1.0,-3796
14.687576380823081,14,4.0,-4009
14.687749821203798,16,1.0,4824
14.688414849388183,7,6.0,5986
14.688435770508152,14,2.0,-3952
14.688561042126409,7,3.0,4969
14.688589361232754,9,5.0,6645
14.68952872470974,16,57.0,704
14.689542041484199,5,6.0,0
14.69090308165165,13,1.0,-3756
14.69090308165165,17,1.0,-3756
14.691206325361938,7,2.0,6148
14.691367690569868,9,3.0,5517
14.692430551223358,13,2.0,-4142
14.692592802356414,17,39.0,-173
14.692924969725086,1,3.0,7325
14.693031153182151,7,1.0,6391
14.6930963342304,7,6.0,6481
14.693119579756708,13,1.0,-3802
14.693540912813187,13,3.0,-3949
14.693540912813187,17,3.0,-3949
14.694325301394693,5,4.0,0
14.694389741628598,14,1.0,-3741
14.694592143847164,17,1.0,-632
14.694707270855835,13,1.0,-3848
14.694890752628247,16,4.0,5945
14.69583312872082,14,2.0,-3926
14.69583312872082,17,2.0,-3926
14.696262092923297,8,3.0,6445
14.697485617996378,5,2.0,0
14.69764274205763,6,1.0,6845
14.697695482870339,14,1.0,-4057
14.698106145212762,7,6.0,7077
14.698214329422843,7,8.0,6285
14.698234668084568,6,6.0,7302
14.698874825854224,17,2.0,-1630
14.699272707581098,14,2.0,-3808
14.699282231272665,14,11.0,-3943
14.699282231272665,17,11.0,-3943
14.69971647626495,5,1.0,0
14.699891183169534,1,2.0,7326
14.699964711700751,17,1.0,-2342
14.70066656839222,9,1.0,6023
14.70091137304109,7,4.0,6945
14.701132467749042,13,4.0,-3988
14.701286953071449,14,7.0,-4115
14.702311122878493,7,1.0,6435
14.702630913295266,7,5.0,7034
14.702736653240196,14,3.0,-3812
14.702975526519717,6,3.0,7129
14.703460125408625,5,3.0,0
14.703744976122508,7,2.0,6789
14.704068477206576,7,4.0,5842
14.704629548133365,13,1.0,-3694
14.704638191992318,1,16.0,7327
14.70501463969303,14,7.0,-4192
14.705690416409936,7,1.0,4668
14.70632674505532,14,1.0,-3831
14.707314710474952,7,3.0,7022
14.70770184414792,6,3.0,7075
14.708762996727415,6,4.0,7315
14.709437349272646,5,5.0,0
14.710078331676703,1,1.0,7328
14.7118348184448,5,4.0,0
14.711844324785204,14,5.0,-3849
14.711844324785204,17,5.0,-3849
14.712895186046637,5,4.0,0
14.71324641057956,15,1.0,-714
14.71348876362925,1,14.0,7329
14.714094178301794,17,2.0,-2333
14.714478970227006,13,1.0,-4018
14.715643043451623,7,3.0,5859
14.717592504611016,5,4.0,0
14.717599659548478,17,1.0,-1082
14.717609497663007,5,4.0,0
14.717854006311212,17,4.0,-299
14.718918866363268,13,2.0,-3747
14.718918866363268,17,2.0,-3747
14.721339463304261,13,1.0,-4021
14.722267413448932,5,5.0,0
14.722274167037186,13,1.0,-3904
14.723051069494026,14,30.0,-3714
14.726287461221247,14,2.0,-3932
14.726758842860372,9,2.0,5919
14.726903792650457,14,19.0,-3731
14.727164438872343,5,1.0,0
14.72771584292527,13,1.0,-3855
14.728130801030295,14,2.0,-4108
14.728294594459047,5,8.0,0
14.729157032316788,17,2.0,-2957
14.729523158970046,6,3.0,7325
14.729665201713892,13,16.0,-3862
14.729665201713892,17,16.0,-3862
14.73008959543045,9,1.0,5102
14.731691652910806,14,2.0,-3752
14.732171098791039,16,3.0,2191
14.73218324347048,13,1.0,-3697
14.73218324347048,17,1.0,-3697
14.732841616897414,7,18.0,6758
14.733506868502241,9,3.0,6445
14.733560092323263,13,1.0,-4189
14.733560092323263,17,1.0,-4189
14.733841516816863,7,2.0,6884
14.733900066218016,7,1.0,7121
14.734578338589877,6,2.0,6060
14.735115443725366,6,4.0,6822
14.735524628790685,14,2.0,-4064
14.735750546178286,14,4.0,-3685
14.736419467551038,13,3.0,-4022
14.737419690940982,14,4.0,-3851
14.737419690940982,17,4.0,-3851
14.739305829170126,113,56.0,-4054
14.739726701515972,1,8.0,7330
14.739947060632907,13,1.0,-4033
14.740538903291874,5,1.0,0
14.74098105625783,14,8.0,-3748
14.74202151311709,7,29.0,4471
14.742052157373667,5,4.0,0
14.74223467652611,5,5.0,0
14.743150913351837,15,3.0,-196
14.744367346592622,14,1.0,-3972
14.744464371954523,5,7.0,0
14.745006873144318,14,1.0,-4104
14.745652306369792,6,3.0,6972
14.746835706596755,5,6.0,0
14.74703846874429,14,4.0,-3955
14.747522935802992,5,3.0,0
14.748199386003117,10,4.0,7040
14.748259888205062,8,2.0,7038
14.748655183070026,5,3.0,0
14.748818947338762,13,7.0,-3885
14.74951035601442,7,3.0,6910
14.749550065095365,6,16.0,7327
14.74982927972858,17,10.0,-1089
14.750446791586015,5,3.0,0
14.75293174622402,17,7.0,-815
14.75393584306374,13,2.0,-4185
14.75393584306374,17,2.0,-4185
14.754578095333272,13,2.0,-3727
14.754578095333272,17,2.0,-3727
14.755122528483573,9,6.0,6375
14.755146514590763,9,5.0,6909
14.755184637072281,6,1.0,7322
14.75536577602713,14,19.0,-3739
14.756392117921719,5,2.0,0
14.756489155961948,5,4.0,0
14.756619156405412,5,10.0,0
14.75694856091949,17,5.0,-170
14.757437428334832,9,2.0,6280
14.75749105216089,9,3.0,6828
14.75780873370326,13,3.0,-4078
14.757957725367762,6,2.0,7139
14.758182225199537,17,1.0,-137
14.758828212921221,14,4.0,-3729
14.759425119620033,5,10.0,0
14.759818683789472,9,6.0,6430
14.759859466308969,7,3.0,5994
14.760355285782268,13,3.0,-3964
14.761070833606816,17,5.0,-1608
14.761511853281373,7,2.0,4096
14.76197352816827,15,1.0,-65
14.762118734435843,9,19.0,6163
14.762605809817302,7,3.0,6182
14.76269841650752,13,1.0,-4135
14.76269841650752,17,1.0,-4135
14.763570737952536,14,3.0,-3776
14.764667095093255,17,4.0,-3272
14.76495983864264,13,2.0,-4141
14.76506575841477,5,10.0,0
14.765269746708144,6,17.0,6830
14.765372651498787,17,2.0,-3234
14.765438543061288,13,1.0,-3850
14.765761411402893,13,2.0,-4025
14.76733756629839,6,2.0,7158
14.767418698739558,14,2.0,-3763
14.767801298126633,7,3.0,6820
14.768298213033079,7,7.0,6407
14.768383513916064,1,9.0,7331
14.768655070996177,5,2.0,0
14.768824170052463,17,1.0,-3166
14.769050760010469,13,1.0,-3797
14.769050760010469,17,1.0,-3797
14.769082986818777,11,1.0,7006
14.76951326190861,13,1.0,-4066
14.769687607676776,5,2.0,0
14.772058125805595,8,8.0,6241
14.773340680863686,17,2.0,-1272
14.773557267366096,14,4.0,-4036
14.774134580189674,14,1.0,-3740
14.774134580189674,17,1.0,-3740
14.774238374911189,17,2.0,-3000
14.77448850197733,17,3.0,-800
14.774966924770952,14,1.0,-3984
14.775999412031535,8,3.0,7163
14.77607324664773,7,1.0,6027
14.77617492500172,13,4.0,-3957
14.77617492500172,17,4.0,-3957
14.776543162776209,17,2.0,-2667
14.778289442912618,4,1.0,7332
14.77832079306863,5,1.0,0
14.779129404112425,1,5.0,7333
14.779329234791785,17,2.0,-812
14.779870361294272,13,5.0,-4045
14.779870361294272,17,5.0,-4045
14.780019470496232,9,3.0,3622
14.781325170385113,14,1.0,-3976
14.781972923361263,7,22.0,5453
14.782324363474556,13,1.0,-3940
14.782324363474556,17,1.0,-3940
14.782369475701667,14,3.0,-4074
14.782497450230535,7,6.0,3887
14.783276043466067,6,4.0,7112
14.783729752697049,5,4.0,0
14.784255242984885,16,3.0,3121
14.784271540099818,13,6.0,-4148
14.78439952704275,15,11.0,-635
14.784502812122078,5,4.0,0
14.784515145485894,17,1.0,-10
14.785284942452316,14,3.0,-3677
14.785398701128756,6,3.0,6827
14.78596608189382,15,6.0,-1039
14.78596608189382,17,6.0,-1039
14.785969670376243,7,1.0,6762
14.786496561847807,7,2.0,6546
14.786759622927153,5,3.0,0
14.786899329054084,6,1.0,6803
14.786914760042029,5,4.0,0
14.787203233734264,5,3.0,0
14.787630484987835,5,1.0,0
14.788060079487664,1,4.0,7334
14.788899482419431,7,2.0,6288
14.789088071535028,13,3.0,-3897
14.789088071535028,17,3.0,-3897
14.789203276376382,9,5.0,6487
14.789214955752875,8,1.0,6709
14.789324988223942,16,4.0,3959
14.78948264628911,10,2.0,7300
14.790286679493937,13,2.0,-3913
14.790938397811493,17,11.0,-2456
14.791372202760407,13,4.0,-4105
14.791372202760407,17,4.0,-4105
14.791633966697765,6,6.0,7257
14.792431072946476,113,51.0,-4151
14.79330197277232,14,6.0,-3738
14.79330197277232,17,6.0,-3738
14.793650347678579,17,4.0,-2262
14.793665087293789,7,1.0,6920
14.793746864114523,15,1.0,-601
14.794092973852923,5,8.0,0
14.794285404352513,13,6.0,-3962
14.794895030483216,6,6.0,7311
14.794897970429329,5,6.0,0
14.79499061111224,13,1.0,-3967
14.79499061111224,17,1.0,-3967
14.795562239124726,9,7.0,6983
14.795562239124726,16,7.0,6983
14.795970898812044,7,1.0,4960
14.796215537369628,15,1.0,-923
14.796343299149424,5,2.0,0
14.797091504357486,5,3.0,0
14.798015184166072,5,8.0,0
14.798117684757006,6,2.0,7191
14.798704554536505,5,6.0,0
14.79895614454642,5,1.0,0
14.799242003559156,14,2.0,-3983
14.799252610083187,7,2.0,6164
14.799310263302504,17,3.0,-3602
14.8001003047448,7,1.0,6673
14.800243862310907,5,5.0,0
14.802092005651861,14,4.0,-4087
14.802092005651861,17,4.0,-4087
14.802315665912886,17,1.0,-1690
14.80249805772657,8,2.0,6723
14.802698852357777,6,2.0,7150
14.803636053243132,17,1.0,-3147
14.80383688756411,14,2.0,-3856
14.804054790609829,5,12.0,0
14.804249500710789,13,1.0,-3902
14.804249500710789,17,1.0,-3902
14.804851949619753,6,2.0,3875
14.805001228633303,7,6.0,6795
14.805089405415368,7,5.0,6584
14.80552238095166,14,3.0,-4156
14.805547566678616,5,4.0,0
14.80627029015128,14,32.0,-4038
14.806512577050512,6,11.0,7232
14.808128555796113,6,3.0,7234
14.809059151411295,8,11.0,5852
14.809418269104672,13,1.0,-3709
14.81031593048428,17,2.0,-3654
14.810404784474796,17,1.0,-377
14.810420381453264,5,2.0,0
14.811390680703177,14,7.0,-3755
14.81211309660487,13,2.0,-3883
14.813795970835775,13,1.0,-3996
14.813795970835775,17,1.0,-3996
14.814019735049746,13,2.0,-3842
14.814468755021911,5,1.0,0
14.814674083032557,14,2.0,-4069
14.814702742169876,13,2.0,-3825
14.814702742169876,17,2.0,-3825
14.815126278687496,14,2.0,-3674
14.815126278687496,17,2.0,-3674
14.816953136033916,14,3.0,-3818
14.817064655101985,9,1.0,5633
14.817200435833385,7,3.0,5226
14.818555042245501,14,3.0,-3891
14.81915240690316,13,8.0,-4109
14.820500624401367,16,58.0,1786
14.820820489090496,14,9.0,-4161
14.822140865382297,7,2.0,6754
14.822314471917226,13,1.0,-3782
14.82250128542152,5,2.0,0
14.822736014560755,14,7.0,-4089
14.822736014560755,17,7.0,-4089
14.823011873295998,13,3.0,-3879
14.823154706942875,14,1.0,-4083
14.823154706942875,17,1.0,-4083
14.823171490194492,5,3.0,0
14.824676896359595,16,52.0,154
14.825719303045968,7,11.0,6911
14.827939446097698,5,4.0,0
14.829000117959785,5,7.0,0
14.829320005562538,14,3.0,-3680
14.829397299397115,8,5.0,6879
14.829610676943203,13,1.0,-3708
14.829610676943203,17,1.0,-3708
14.832744025623162,6,2.0,7258
14.833451045719078,1,9.0,7335
14.833899800311249,7,4.0,7095
14.835393529480706,5,4.0,0
14.83556417051633,14,14.0,-4096
14.83556417051633,17,14.0,-4096
14.836280046828746,16,53.0,1618
14.836582642391038,1,2.0,7336
14.836646600649104,7,4.0,5778
14.837647873337291,14,3.0,-3753
14.837770365525971,13,1.0,-3882
14.837887344046115,5,3.0,0
14.838132409769196,14,2.0,-3874
14.838403123211405,7,6.0,6466
14.840356448685032,9,1.0,3489
14.842376338881452,13,1.0,-3950
14.842545874201479,14,3.0,-4001
14.842580473121146,5,5.0,0
14.84268427245038,6,2.0,7247
14.842969051324788,11,3.0,6896
14.84316762029406,113,37.0,-3778
14.843358587287865,13,5.0,-4029
14.843358587287865,17,5.0,-4029
14.84409280753252,13,8.0,-4065
14.844392284569894,13,2.0,-3678
14.844585641990351,9,6.0,6380
14.844746367096585,5,10.0,0
14.845553913375438,9,45.0,6371
14.84668208859561,7,5.0,6666
14.847401380527778,7,4.0,6201
14.8481298208877,7,3.0,6326
14.84868224807537,5,4.0,0
14.849452408366862,13,2.0,-4037
14.850340490288186,17,4.0,-1686
14.850794401470809,5,2.0,0
14.851145290159325,15,13.0,-698
14.851890006169336,5,1.0,0
14.852073641492959,7,3.0,6916
14.852553575905468,16,12.0,3881
14.853036877432,7,2.0,7138
14.85339792228137,1,4.0,7337
14.853940177713758,14,6.0,-3887
14.854388686702672,5,2.0,0
14.855861291100604,6,6.0,7084
14.85616201948051,6,2.0,7251
14.85655597677386,5,1.0,0
14.857999521860146,13,1.0,-3751
14.859114529318997,5,1.0,0
14.859584814193079,7,3.0,6882
14.86103518999873,7,6.0,5680
14.861495146716035,13,3.0,-4113
14.861870335850158,7,6.0,5672
14.86214580908563,14,9.0,-4002
14.862591525686742,7,4.0,6564
14.86286607739167,7,12.0,6643
14.863651138248155,14,1.0,-3779
14.863651138248155,17,1.0,-3779
14.864377013190301,5,2.0,0
14.865351490011658,17,3.0,-2986
14.865352459936824,16,3.0,2630
14.865701202282892,13,4.0,-4129
14.865755330135448,1,2.0,7338
14.866341653692954,6,19.0,4089
14.86645813931206,14,2.0,-4164
14.866770279376755,9,2.0,6431
14.867653861870208,17,9.0,-2251
14.868613939910443,14,9.0,-3826
14.868804286186931,1,3.0,7339
14.868817850467515,17,1.0,-1059
14.868877044362828,15,2.0,-813
14.868985788968594,8,8.0,7026
14.870243681902455,13,1.0,-4095
14.870291772743016,14,4.0,-4058
14.871430805207412,13,1.0,-3954
14.871523499511959,7,2.0,5926
14.872455369998065,13,1.0,-3737
14.872969421088646,13,1.0,-4055
14.872969421088646,17,1.0,-4055
14.874650648094605,5,7.0,0
14.874962565341352,17,3.0,-1532
14.875459043549858,5,3.0,0
14.876621471640512,6,16.0,7224
14.877624850119501,5,4.0,0
14.87763387716998,7,5.0,6783
14.877859891882867,7,2.0,6888
14.878203795242912,113,56.0,-4178
14.87823860997354,5,4.0,0
14.879291955491384,9,6.0,5329
14.880235902556768,5,8.0,0
14.880600327123119,17,2.0,-258
14.880930913990863,14,3.0,-4010
14.880930913990863,17,3.0,-4010
14.881508106201947,6,2.0,7255
14.882637755092638,7,3.0,7048
14.882787870606204,7,2.0,5451
14.883259693359621,14,19.0,-3793
14.88341622473674,13,5.0,-3811
14.88349932835895,9,4.0,7115
14.885463937208536,7,11.0,7182
14.885789669590999,7,5.0,6917
14.886789227172805,13,2.0,-3821
14.887162376580585,7,2.0,7097
14.887705385188161,13,2.0,-4172
14.887705385188161,17,2.0,-4172
14.887846053407458,7,6.0,7099
14.888118191970303,14,1.0,-4126
14.888717162780463,17,1.0,-1733
14.889170464626664,14,6.0,-4012
14.889170464626664,17,6.0,-4012
14.889473759966881,13,5.0,-4056
14.890326787074228,6,8.0,7222
14.891534915033716,17,1.0,-3103
14.891867265412449,17,2.0,-2219
14.892557027379276,17,2.0,-3469
14.892867053477374,13,2.0,-4094
14.893263654065604,7,4.0,6796
14.893580888532725,13,15.0,-4146
14.893580888532725,17,15.0,-4146
14.89362663531013,17,4.0,-1529
14.894061470634274,13,3.0,-3840
14.894061470634274,17,3.0,-3840
14.895040292675212,5,1.0,0
14.896262620783407,16,3.0,2554
14.896400043138565,5,4.0,0
14.896955063455707,8,1.0,6415
14.897484764359987,5,13.0,0
14.898403332839555,1,2.0,7340
14.899065954703486,13,1.0,-3728
14.899065954703486,17,1.0,-3728
14.900154821466225,3,53.0,7341
14.900173931498719,13,2.0,-3919
14.900173931498719,17,2.0,-3919
14.901283698833646,16,7.0,1428
14.902797052321734,13,1.0,-4182
14.903470100596842,9,3.0,6159
14.903514228138741,14,3.0,-3733
14.903634496934583,7,8.0,6315
14.90367621657173,7,3.0,6947
14.90381262551422,14,1.0,-3992
14.90381262551422,17,1.0,-3992
14.90459898284027,5,2.0,0
14.905421380345006,8,2.0,4427
14.90599145269131,17,1.0,-2824
14.906368212785786,16,53.0,3662
14.90695316448521,6,2.0,7142
14.907258313959051,13,3.0,-4007
14.90824194518918,13,6.0,-3846
14.90932963842971,6,8.0,6114
14.909526553281404,13,3.0,-3985
14.911715998120311,8,2.0,7238
14.912684671981749,5,9.0,0
14.91319823204804,6,9.0,7313
14.913642606974074,7,7.0,6399
14.915224221754816,13,1.0,-3801
14.91543077327152,13,1.0,-4068
14.915482216210789,13,2.0,-4125
14.915925361460962,17,3.0,-2776
14.916128948378597,1,5.0,7342
14.916699353541988,7,7.0,6860
14.917479557259302,5,4.0,0
14.918269160719568,7,3.0,5058
14.919272903964263,14,2.0,-4180
14.919336888059224,6,2.0,7231
14.920025943896636,13,2.0,-3868
14.920233602227627,14,1.0,-3770
14.920233602227627,17,1.0,-3770
14.92059984507947,1,1.0,7343
14.921090301028368,1,11.0,7344
14.92170512805282,5,6.0,0
14.922427964105562,17,3.0,-1225
14.92261735114779,6,4.0,7124
14.923868109509916,7,1.0,6373
14.924423200266471,7,14.0,6506
14.926472042976755,8,4.0,7240
14.928734776390424,13,5.0,-3895
14.929897757738186,9,1.0,6276
14.930218202386481,7,2.0,7170
14.931503887235182,9,3.0,5817
14.932050751166164,5,2.0,0
14.93212248375283,5,2.0,0
14.932156413481861,13,1.0,-3963
14.932156413481861,17,1.0,-3963
14.932347980590526,16,36.0,308
14.932934714990306,6,3.0,7144
14.933369891989608,6,1.0,7210
14.935729111712917,13,1.0,-4137
14.936701605797726,16,6.0,2354
14.93674702355673,6,1.0,7284
14.937732057274872,6,5.0,7314
14.939422570367684,5,6.0,0
14.940040581231317,14,3.0,-3835
14.940905133747941,7,1.0,7152
14.940997785193487,9,2.0,6350
14.941263468791643,7,31.0,6699
14.941655329578102,13,2.0,-4157
14.942412756681716,13,1.0,-3925
14.943646625438348,7,1.0,6998
14.943847827665442,14,2.0,-3736
14.943847827665442,17,2.0,-3736
14.944133174954766,14,4.0,-4112
14.944351969215397,16,5.0,1675
14.944905033250217,5,1.0,0
14.947710558970236,13,2.0,-3760
14.948416876136976,5,1.0,0
14.949277565276178,14,2.0,-3792
14.949805951527814,14,4.0,-3839
14.95005115629062,5,1.0,0
14.951122934827985,5,3.0,0
14.951298968209333,14,30.0,-4190
14.95141157004241,6,8.0,7194
14.95152490928759,6,3.0,7276
14.951553456352244,11,25.0,6594
14.951672064074879,5,1.0,0
14.956037735408874,14,4.0,-4144
14.956203095935377,13,3.0,-4168
14.956203095935377,17,3.0,-4168
14.956375389488342,13,2.0,-3798
14.956958323419887,9,6.0,6839
14.957092164659336,6,2.0,7175
14.958691270550545,5,8.0,0
14.959434552730569,17,1.0,-98
14.959564551095884,13,1.0,-4165
14.959564551095884,17,1.0,-4165
14.95983204409772,14,1.0,-3695
14.95983204409772,17,1.0,-3695
14.959961274976965,13,4.0,-3911
14.960107899105097,5,2.0,0
14.960989320771528,1,5.0,7345
14.962373576733926,5,3.0,0
14.96245851864664,13,10.0,-3721
14.96245851864664,17,10.0,-3721
14.962717902578056,6,1.0,6949
14.96296361974991,13,3.0,-3894
14.964076419290942,1,1.0,7346
14.964820217267256,9,5.0,6623
14.964831657727832,1,1.0,7347
14.964875415754983,9,1.0,6732
14.96543110254004,13,1.0,-3973
14.966494420842134,14,3.0,-4118
14.966494420842134,17,3.0,-4118
14.967423873940572,16,3.0,5552
14.968749201167288,13,1.0,-4184
14.968749201167288,17,1.0,-4184
14.968792328655558,7,2.0,6807
14.969050313744082,7,13.0,6579
14.969260947053717,17,1.0,-153
14.96975087216515,9,2.0,5204
14.969816025288894,7,4.0,6757
14.971273990929088,1,2.0,7348
14.971297280198089,5,8.0,0
14.971336614450479,13,1.0,-3789
14.971900873786614,17,1.0,-810
14.972222012916655,17,2.0,-1709
14.972781654960507,9,5.0,5212
14.973799586680517,15,4.0,-768
14.974269296782698,13,2.0,-4030
14.974269296782698,17,2.0,-4030
14.974592580703623,14,5.0,-4027
14.974592580703623,17,5.0,-4027
14.975256709949013,5,5.0,0
14.975453748228542,9,2.0,6332
14.977140987943761,14,1.0,-3758
14.97772923316102,1,1.0,7349
14.978159582929697,14,4.0,-4028
14.978159582929697,17,4.0,-4028
14.978606888293868,6,3.0,6187
14.979067460674592,6,15.0,7085
14.980002054377529,8,9.0,6069
14.980174156711847,5,3.0,0
14.981501901845034,5,8.0,0
14.981552738251109,7,3.0,7080
14.98169385717574,9,3.0,5118
14.982836904300006,1,1.0,7350
14.98312041235811,5,2.0,0
14.983410374558392,5,5.0,0
14.984200680754235,13,2.0,-3929
14.984200680754235,17,2.0,-3929
14.984311988893174,6,3.0,7230
14.98502400421292,9,4.0,6231
14.9862937748373,13,5.0,-4181
14.9862937748373,17,5.0,-4181
14.986367440365605,4,4.0,7351
14.986872561006129,17,1.0,-1325
14.987291149934817,14,8.0,-4176
14.987544860711573,16,1.0,3283
14.988240170073086,5,4.0,0
14.989278942676565,13,1.0,-4150
14.989278942676565,17,1.0,-4150
14.989669152334322,5,4.0,0
14.989869759048442,7,2.0,7035
14.990087524252324,15,4.0,-916
14.990562258297205,6,2.0,7015
14.991100952999993,5,1.0,0
14.991355164345045,8,1.0,6306
14.992269485282277,7,5.0,6562
14.99233941132437,5,1.0,0
14.99247266571193,13,1.0,-3986
14.99247266571193,17,1.0,-3986
14.994179368563511,8,6.0,6189
14.994694337993257,5,1.0,0
14.995168212274603,5,1.0,0
14.9955997656615,7,2.0,6938
14.999020565526523,6,5.0,7333
14.999045797909263,1,5.0,7352
14.99917468269547,5,8.0,0
14.999298452325487,6,1.0,7317
15.000800118772338,3,34.0,7353
15.001634780155745,5,2.0,0
15.001702897602078,7,4.0,4060
15.002688995856955,13,1.0,-4397
15.002981092498432,13,1.0,-4463
15.003377812902816,13,2.0,-4384
15.003621715391148,16,6.0,1040
15.004098552748419,18,,0
15.004125035648164,13,1.0,-4446
15.004157110425387,5,1.0,0
15.004330022052198,104,13.0,7354
15.006029969236089,7,3.0,6753
15.006317381056938,7,2.0,5538
15.008119422260126,5,3.0,0
15.008183306940555,5,3.0,0
15.008235090986446,14,4.0,-4385
15.009589877318625,8,5.0,5169
15.010148056116407,14,9.0,-4381
15.010812363723437,7,2.0,5050
15.01105632744899,15,3.0,-1790
15.01105632744899,17,3.0,-1790
15.011445948139952,1,5.0,7355
15.011673276311623,15,1.0,-1269
15.013569888795192,13,44.0,-4289
15.01361264939725,5,1.0,0
15.013626431877446,6,4.0,7174
15.013648527997358,7,1.0,4029
15.014754842669594,15,1.0,-1282
15.014933041324406,1,6.0,7356
15.015971639307189,7,2.0,6840
15.016456486410709,13,2.0,-4221
15.017783396795984,13,5.0,-4628
15.018244235643797,7,1.0,5662
15.019756037641747,7,1.0,6665
15.019801941758528,13,1.0,-4418
15.019935658507448,5,1.0,0
15.020169671303089,7,1.0,6243
15.020349503376533,1,1.0,7357
15.022327506211827,13,1.0,-4484
15.023374229187514,13,2.0,-4665
15.024417391444459,5,1.0,0
15.025938389037513,5,6.0,0
15.026563285598925,18,,0
15.026729070351228,101,5.0,7358
15.02718685832045,9,1.0,6930
15.027255507969539,7,7.0,7145
15.027904970419977,7,10.0,4966
15.02845956622464,4,2.0,7359
15.028914953288869,14,2.0,-4480
15.029294089283399,14,3.0,-4613
15.03006794847068,6,1.0,6931
15.030971786213557,15,1.0,-1163
15.031754963065316,14,2.0,-4314
15.032258534095822,5,3.0,0
15.032945365885915,13,10.0,-4285
15.034668692217519,15,7.0,-1747
15.035454765321216,13,5.0,-4652
15.036798867202922,1,8.0,7360
15.036975649566699,14,5.0,-4367
15.037146772421789,13,2.0,-4695
15.03961187327853,6,3.0,7246
15.039723487566873,4,33.0,7361
15.04030232637654,13,1.0,-4553
15.040429070333253,15,1.0,-1410
15.040502471176652,5,2.0,0
15.0412882169611,7,4.0,4948
15.04140503840885,18,,0
15.041534803155537,101,3.0,7362
15.043398084613479,16,1.0,3266
15.043777232729306,17,1.0,-2457
15.044598722240105,13,3.0,-4589
15.046544539158312,7,5.0,6815
15.047406702931832,15,2.0,-2037
15.047424281616658,4,7.0,7363
15.047911702112005,5,2.0,0
15.048715485507888,10,2.0,7359
15.049307691337237,7,13.0,6927
15.049663582414205,11,3.0,7096
15.049846509071,16,20.0,1306
15.049877566541413,7,3.0,6940
15.05174628682817,11,5.0,6985
15.052900609072172,5,2.0,0
15.052989690162262,113,34.0,-4656
15.053084420746757,7,4.0,6919
15.053119935798605,6,5.0,7345
15.053777960052873,5,2.0,0
15.054051381470662,3,20.0,7364
15.054154751576734,5,2.0,0
15.05521563030273,7,5.0,6000
15.05586738876976,13,1.0,-4641
15.056050163113252,13,3.0,-4698
15.056445860149147,9,6.0,5298
15.056869221915102,17,1.0,-1873
15.057041187222804,1,10.0,7365
15.058017854167058,14,1.0,-4259
15.058511313365939,14,3.0,-4315
15.059401264630129,13,3.0,-4602
15.05963925983799,16,36.0,4354
15.059668554076453,5,1.0,0
15.060277545792253,13,6.0,-4503
15.0608371221118,9,8.0,7026
15.062636254425042,7,1.0,6933
15.062808531824702,6,2.0,7340
15.063045486868651,7,3.0,6244
15.063801100403657,7,22.0,4200
15.064198936598771,5,3.0,0
15.064211825221241,13,5.0,-4226
15.064529002030278,6,2.0,7336
15.064704878328248,7,4.0,7091
15.064964773069347,17,1.0,-3089
15.06548404325302,9,2.0,7030
15.065534269870746,7,1.0,7193
15.06699777287636,16,5.0,5249
15.067634561620345,13,1.0,-4673
15.067760224183708,1,1.0,7366
15.06857441525254,17,3.0,-3059
15.069305788629789,13,1.0,-4605
15.070082451291759,14,2.0,-4295
15.071195774700147,6,3.0,7339
15.071447175160808,7,3.0,6620
15.071865234452572,14,4.0,-4395
15.072799633454604,17,2.0,-2922
15.072815307871638,7,5.0,7153
15.074542197483614,14,5.0,-4542
15.075403021733496,13,1.0,-4257
15.076603667433108,14,4.0,-4488
15.079454443456791,113,58.0,-4276
15.079754270921686,7,5.0,6728
15.080104987689534,7,17.0,6130
15.08028967393192,15,7.0,-1299
15.080446111727419,13,1.0,-4412
15.080611656576204,5,5.0,0
15.081598610635277,7,1.0,6999
15.083232805443792,8,11.0,7156
15.083438967335479,13,11.0,-4238
15.083456462086875,6,5.0,7201
15.083779885449106,5,4.0,0
15.08426238926004,9,8.0,6628
15.08426238926004,16,8.0,6628
15.084263392811636,5,5.0,0
15.084911564299528,5,2.0,0
15.085074230361231,13,2.0,-4552
15.085252658511953,1,5.0,7367
15.08554385252556,13,3.0,-4544
15.085748745295536,5,3.0,0
15.08682532168505,5,4.0,0
15.086939895684779,7,4.0,6693
15.08803451150152,9,2.0,7038
15.088035311493277,14,1.0,-4197
15.088122000462365,1,1.0,7368
15.088743333170708,13,1.0,-4617
15.090671701680085,7,4.0,6745
15.090791694574973,14,57.0,-4248
15.091288974634448,9,6.0,6271
15.092385303195018,13,1.0,-4696
15.093148910281222,14,2.0,-4344
15.094391075394824,17,2.0,-2948
15.09453683231687,6,13.0,6348
15.09733146890666,14,39.0,-4267
15.099282237639073,14,10.0,-4516
15.099334346247813,8,2.0,6476
15.099695110720619,5,3.0,0
15.099757904227166,5,2.0,0
15.100639704044342,13,3.0,-4606
15.100853864445636,5,2.0,0
15.100878471130795,5,1.0,0
15.101095105374439,13,3.0,-4449
15.101112581319963,5,7.0,0
15.102703194980922,15,2.0,-1598
15.102907287505476,7,2.0,6784
15.104389974456433,13,1.0,-4524
15.104747586912234,15,6.0,-1759
15.105409704134347,15,1.0,-2023
15.106028322325566,13,1.0,-4374
15.106046292666747,6,14.0,6343
15.106369055196984,7,1.0,4590
15.106444316171414,13,2.0,-4643
15.107351124171418,5,1.0,0
15.10810447099517,6,6.0,7134
15.108911461295877,14,2.0,-4215
15.109873360292388,13,21.0,-4703
15.110223535259859,14,49.0,-4337
15.110298577156893,13,1.0,-4404
15.112137972481754,13,4.0,-4666
15.113807764391577,1,1.0,7369
15.114136276706452,11,58.0,6825
15.114432820045165,5,2.0,0
15.11499632142185,13,1.0,-4514
15.115349386173808,13,2.0,-4364
15.116107021137394,17,4.0,-53
15.116400073202596,11,7.0,6912
15.117055461877326,13,1.0,-4208
15.117558312820018,13,6.0,-4611
15.118180436737221,13,3.0,-4354
15.118730926627864,17,2.0,-2881
15.118793213685894,13,5.0,-4570
15.119560133952689,16,44.0,211
15.119928319486412,10,34.0,7353
15.120359867948256,16,6.0,5936
15.12039819466964,7,6.0,6642
15.120687961239957,13,1.0,-4479
15.12087558637521,6,1.0,7023
15.120966901792066,17,2.0,-1047
15.121095578544658,14,1.0,-4455
15.121138513735287,16,37.0,1657
15.121495218537563,15,3.0,-1407
15.122071928089362,5,4.0,0
15.122555272439879,8,1.0,6773
15.123503717169621,15,1.0,-1151
15.124674269505759,9,2.0,6131
15.12489909353723,13,2.0,-4246
15.124954998432997,7,2.0,6897
15.125261624905985,13,5.0,-4254
15.125593187533708,8,2.0,6863
15.125856413962866,14,2.0,-4701
15.126256207687348,5,1.0,0
15.126918603973179,5,1.0,0
15.127296110544327,14,11.0,-4311
15.12883927104658,16,9.0,1613
15.129215153469296,6,8.0,7330
15.129666810013179,5,1.0,0
15.130210129768589,7,1.0,7250
15.130739090204257,6,3.0,7308
15.130900146534573,7,8.0,5734
15.131289085312991,7,1.0,6517
15.132608293667145,7,2.0,3529
15.133319175575759,13,1.0,-4303
15.133556531046576,7,7.0,5372
15.133641327139904,9,1.0,6749
15.133871551338034,13,8.0,-4416
15.134081634675738,14,1.0,-4447
15.135510458962322,5,8.0,0
15.135556378003152,13,6.0,-4425
15.137405323032672,7,9.0,6818
15.138847437810318,5,6.0,0
15.138935743451926,17,8.0,-2084
15.139710294470051,1,10.0,7370
15.140411937754276,17,3.0,-1924
15.140604068888189,13,6.0,-4705
15.140737963687142,7,2.0,6814
15.14178772765669,7,15.0,7195
15.147413155299722,5,1.0,0
15.14797229197832,16,17.0,6272
15.14813265361677,7,41.0,6995
15.148264274389522,17,10.0,-3457
15.148593454248177,13,1.0,-4678
15.148759754645676,5,2.0,0
15.149043180015036,13,1.0,-4598
15.149638793091714,7,2.0,6994
15.150019962323105,14,12.0,-4487
15.150061640002544,9,1.0,5408
15.150210512357837,6,3.0,7323
15.151001175481301,7,4.0,7133
15.151329076400518,6,14.0,6963
15.15154784640103,17,2.0,-1333
15.151834231948502,9,3.0,6747
15.152134336424139,5,2.0,0
15.152676525486726,7,3.0,7043
15.152814972719762,5,3.0,0
15.154654277405315,16,1.0,1478
15.154854587329437,7,6.0,6246
15.15533078680121,1,3.0,7371
15.155457701271496,17,3.0,-3148
15.156267031007747,13,2.0,-4528
15.156865094310703,10,8.0,7186
15.157965306936834,7,56.0,7103
15.158503344529592,5,2.0,0
15.159638011463707,14,1.0,-4685
15.15986791583568,17,2.0,-1127
15.160919621998383,14,4.0,-4239
15.161332364466988,1,3.0,7372
15.161584053250138,7,3.0,4211
15.161884325516622,1,10.0,7373
15.16230693449026,5,2.0,0
15.162983783125577,5,3.0,0
15.163247235954413,5,3.0,0
15.16353471901127,13,1.0,-4506
15.164030033974932,14,2.0,-4601
15.164524754912009,12,13.0,7354
15.164611156945027,5,1.0,0
15.165085498688336,13,1.0,-4681
15.165807618098214,13,1.0,-4614
15.166015165819282,6,4.0,7319
15.16691486360914,5,4.0,0
15.167656517418786,13,3.0,-4529
15.167705861289036,7,11.0,7196
15.16838343836755,17,15.0,-929
15.168587335132797,14,1.0,-4687
15.169797453240422,4,3.0,7374
15.170565470538655,9,9.0,7237
15.171630340042514,13,7.0,-4282
15.17214609662309,7,1.0,5367
15.172674012136937,9,2.0,6723
15.173646722524865,13,1.0,-4475
15.174034050948551,13,2.0,-4689
15.174168050983885,7,4.0,4497
15.174484073493382,1,4.0,7375
15.174660241336424,6,5.0,6871
15.177718226004878,7,13.0,5334
15.178376646225107,6,1.0,7357
15.179495250658926,5,1.0,0
15.179643084757629,5,2.0,0
15.179795627495633,15,2.0,-1838
15.180057589576492,17,4.0,-712
15.180242894382772,5,3.0,0
15.181244371313197,5,3.0,0
15.181863810391377,13,1.0,-4573
15.181974988619984,6,1.0,6607
15.182353673456321,7,1.0,6875
15.18261493530953,1,2.0,7376
15.182747376890617,13,2.0,-4258
15.183186545873953,11,2.0,7069
15.185097947283236,7,6.0,7131
15.18537437323683,4,10.0,7377
15.185838988363974,5,2.0,0
15.18766159067991,15,6.0,-1989
15.18793234594918,5,1.0,0
15.188230591830722,17,5.0,-1494
15.188586079025061,13,2.0,-4309
15.188644171402352,13,8.0,-4417
15.1893073903433,6,1.0,7037
15.190416290730877,17,2.0,-2834
15.194423202888714,9,6.0,4905
15.194509358379005,14,6.0,-4345
15.194592023081343,5,3.0,0
15.194633486793375,1,5.0,7378
15.196195293317567,15,1.0,-1057
15.196324200460522,5,3.0,0
15.196693499671566,7,4.0,6956
15.19777867862767,13,7.0,-4379
15.198630746600076,5,21.0,0
15.198913940683257,15,2.0,-2015
15.199098496899014,5,7.0,0
15.199464914302391,1,1.0,7379
15.199874741562486,6,3.0,7296
15.20126093196736,14,5.0,-4661
15.202549886305203,14,3.0,-4277
15.202903429008725,14,6.0,-4393
15.20354680955143,7,2.0,7117
15.203822090019319,5,2.0,0
15.204116762491848,14,8.0,-4405
15.204249494937518,9,8.0,6241
15.20425636909752,5,1.0,0
15.204934651397704,17,2.0,-1146
15.206480777004284,13,6.0,-4632
15.206951364122295,1,2.0,7380
15.207542732859471,7,1.0,7019
15.208860616825032,16,11.0,4270
15.208875218599227,7,6.0,5570
15.209355853568717,5,3.0,0
15.209963269777026,5,2.0,0
15.210486939297338,13,2.0,-4216
15.2105264828966,14,3.0,-4512
15.213565663242411,13,3.0,-4577
15.21519979723049,9,53.0,5172
15.21521730545936,13,1.0,-4631
15.215411132536849,1,1.0,7381
15.215461831132938,1,1.0,7382
15.21552094840229,13,5.0,-4270
15.216153733994888,9,7.0,5354
15.216259213099859,12,3.0,7267
15.216418015206882,6,6.0,7356
15.216969055361522,8,1.0,7306
15.216978158254067,7,14.0,6823
15.217755167587166,1,4.0,7383
15.217915802174257,7,2.0,6518
15.218304786555684,13,8.0,-4565
15.219197709354825,14,4.0,-4478
15.219775009992524,14,2.0,-4676
15.220053722104067,5,4.0,0
15.22080069415528,15,2.0,-2063
15.221309465681367,8,3.0,5594
15.221321961562733,7,3.0,2937
15.221575470112164,7,21.0,6354
15.222102857012906,7,2.0,6777
15.222404096720133,13,1.0,-4595
15.223789761206408,14,1.0,-4310
15.22382698051255,13,1.0,-4569
15.224068425798514,13,18.0,-4640
15.225707689643599,13,1.0,-4408
15.226082940635358,17,1.0,-280
15.227988412674325,13,1.0,-4674
15.228406592282669,7,4.0,6731
15.228447193706183,6,9.0,7331
15.228452273919325,15,4.0,-1300
15.228485912173424,1,18.0,7384
15.228798866526486,13,1.0,-4578
15.228929640862805,7,2.0,6679
15.230189032108902,13,2.0,-4301
15.230189032108902,17,2.0,-4301
15.230239702763582,5,9.0,0
15.231222195437212,7,1.0,5764
15.231326765727298,17,1.0,-3105
15.232167734619546,14,4.0,-4513
15.232667136573328,11,2.0,7205
15.232929853763485,5,8.0,0
15.23360231504726,6,1.0,7366
15.234552908923884,7,22.0,6806
15.234847865401349,6,2.0,7348
15.235828811787506,6,4.0,7160
15.236026891127482,13,1.0,-4651
15.236026891127482,17,1.0,-4651
15.236455508859187,6,6.0,7260
15.23699719724832,17,1.0,-873
15.237270698970587,17,1.0,-925
15.237508631110638,13,2.0,-4647
15.23900019727015,14,3.0,-4653
15.239307071932801,13,1.0,-4682
15.240264950015442,13,3.0,-4229
15.240635928112626,13,2.0,-4442
15.240837991293253,13,4.0,-4390
15.241221689125581,7,5.0,5530
15.241620638663404,7,2.0,6958
15.242161466064026,17,1.0,-2780
15.242386095409854,17,1.0,-1789
15.242607880612471,14,6.0,-4319
15.242950103155907,14,1.0,-4387
15.243192286755491,14,31.0,-4456
15.243192286755491,17,31.0,-4456
15.243234267156254,7,5.0,7042
15.243402704121394,6,10.0,7024
15.243930598969468,14,3.0,-4607
15.243930598969468,17,3.0,-4607
15.244957511017995,5,3.0,0
15.245639030763567,3,59.0,7385
15.246258871272072,5,8.0,0
15.246910697007866,13,9.0,-4450
15.24704067326083,14,4.0,-4443
15.247595273222927,5,3.0,0
15.247846872560686,7,2.0,7017
15.249681672515194,7,9.0,6865
15.249935802650784,7,2.0,6240
15.250956006354325,13,1.0,-4594
15.250956006354325,17,1.0,-4594
15.251718488083277,5,1.0,0
15.252710392996965,17,5.0,-2393
15.252729506981645,13,1.0,-4377
15.252939181306237,17,1.0,-2514
15.253003082380463,13,2.0,-4509
15.253527293231743,13,1.0,-4213
15.255173101056332,11,13.0,6448
15.25557621488355,9,1.0,6876
15.256644823214838,11,5.0,6629
15.257482803416965,13,1.0,-4460
15.257482803416965,17,1.0,-4460
15.257510559084444,13,5.0,-4415
15.257893280256193,13,3.0,-4336
15.25793577287425,14,4.0,-4265
15.258113211570985,14,7.0,-4535
15.258113211570985,17,7.0,-4535
15.258627543341854,13,1.0,-4437
15.259015486097814,11,12.0,7264
15.259511996340091,14,6.0,-4431
15.260748081965797,14,4.0,-4306
15.260902680188039,6,10.0,7370
15.261065011101918,1,2.0,7386
15.262043114313766,13,2.0,-4424
15.262773654971872,9,3.0,5594
15.264951021907688,6,1.0,7368
15.265451763028576,16,2.0,515
15.265890062210778,5,50.0,0
15.266510537974687,17,3.0,-587
15.267728585359082,7,5.0,5933
15.268066003473802,17,4.0,-3404
15.268198206130787,7,2.0,5851
15.268814795846698,7,2.0,5904
15.269745871405416,1,6.0,7387
15.270774147306383,1,3.0,7388
15.272073959243436,13,2.0,-4403
15.272478818685698,15,33.0,-1361
15.272712847404536,17,2.0,-3624
15.274726011435286,13,8.0,-4474
15.275319775344167,7,2.0,5967
15.275713055226026,13,2.0,-4493
15.275925827359778,9,14.0,6790
15.276139551358302,1,3.0,7389
15.276446970726578,7,2.0,6682
15.277315193860815,13,4.0,-4218
15.277861484410675,6,2.0,7304
15.277928498698765,14,1.0,-4534
15.278147117076479,5,1.0,0
15.278772195361919,17,1.0,-1728
15.279740215920452,5,3.0,0
15.27979362293721,16,4.0,2210
15.279960056156678,9,49.0,6727
15.280815189105603,6,5.0,7094
15.280985397722485,16,7.0,1678
15.281527232312436,6,3.0,6681
15.281968757319317,17,1.0,-1097
15.282540782366327,16,2.0,2491
15.282962616439303,7,3.0,6685
15.28306753737323,14,2.0,-4654
15.28306753737323,17,2.0,-4654
15.283308513447512,16,2.0,4974
15.2835392984355,7,7.0,6813
15.284794358133682,3,58.0,7390
15.285089677972094,14,6.0,-4386
15.285089677972094,17,6.0,-4386
15.285262233133862,9,2.0,7065
15.285468880745347,5,2.0,0
15.288878121897707,6,3.0,7280
15.289063472456885,17,4.0,-3872
15.28967228426664,17,3.0,-3439
15.29024157230403,13,2.0,-4398
15.29050907008907,13,1.0,-4312
15.29147404416533,14,28.0,-4298
15.291562934035428,7,1.0,6817
15.291634006547362,17,3.0,-631
15.29290171006481,1,2.0,7391
15.292925294359025,13,2.0,-4242
15.292925294359025,17,2.0,-4242
15.294096954238052,5,18.0,0
15.295232644478839,16,2.0,2935
15.296134480679314,17,1.0,-3486
15.296619664546762,5,4.0,0
15.300681859251101,13,1.0,-4576
15.301023561060115,7,1.0,6438
15.301930210423057,7,1.0,7148
15.301942949480472,17,5.0,-3646
15.30205548880788,17,3.0,-3817
15.30316534644539,14,2.0,-4667
15.30553449291461,5,5.0,0
15.305662367153163,13,1.0,-4342
15.305757310640375,14,3.0,-4693
15.305839330567586,1,5.0,7392
15.306855482155516,13,5.0,-4299
15.308415821414085,5,3.0,0
15.308418493658259,1,1.0,7393
15.309041995566705,13,1.0,-4562
15.3091160086477,15,1.0,-1248
15.312894046222755,6,1.0,7172
15.313252192140153,5,3.0,0
15.313799706254501,6,3.0,7028
15.313929304037215,5,6.0,0
15.314297029413742,17,4.0,-2789
15.315732802590095,5,8.0,0
15.317719904015762,17,1.0,-3795
15.317846357598231,7,3.0,7159
15.31800221425017,113,55.0,-4713
15.318335909250226,7,3.0,7282
15.320113139615483,7,1.0,6024
15.320174139832787,14,1.0,-4709
15.321901709013082,13,1.0,-4308
15.3221313810993,17,6.0,-123
15.322133399938524,17,9.0,-414
15.322625849713713,13,1.0,-4430
15.323001226764976,7,2.0,5255
15.323001226764976,16,2.0,5255
15.323584659780638,7,3.0,7004
15.323750533142253,3,9.0,7394
15.323965464932975,17,1.0,-101
15.324315536202773,14,1.0,-4256
15.324763938742967,5,3.0,0
15.325510174985641,6,1.0,7393
15.326460135469132,13,2.0,-4340
15.32711564016095,13,1.0,-4407
15.327153551840949,5,2.0,0
15.327470157491511,5,4.0,0
15.32762991146452,7,1.0,7088
15.327674460754544,6,4.0,7269
15.327816677323113,5,14.0,0
15.328533819046612,7,22.0,6761
15.3294189454616,17,2.0,-3999
15.330606886575172,8,9.0,7082
15.331600289297466,5,2.0,0
15.33161827811659,5,1.0,0
15.331774227327278,16,44.0,1017
15.332281360416172,5,2.0,0
15.334467811976989,13,5.0,-4521
15.334714548169243,14,5.0,-4220
15.334714548169243,17,5.0,-4220
15.334901854835563,10,59.0,7385
15.335371682906072,7,11.0,3220
15.335859135389153,5,4.0,0
15.336001380554592,13,1.0,-4575
15.336383501567859,1,2.0,7395
15.338386000706604,13,1.0,-4422
15.338948951732439,7,5.0,5277
15.33895927793366,17,5.0,-2134
15.33899049711571,7,1.0,6744
15.339106216237901,7,4.0,6654
15.339842468312872,5,3.0,0
15.342337982356291,5,1.0,0
15.342690758375658,9,3.0,6877
15.343598539700565,15,2.0,-1721
15.345490355723918,6,1.0,7369
15.346738719831986,9,6.0,4951
15.347230201559782,17,1.0,-1055
15.348854315171142,7,2.0,6419
15.349324953421482,14,3.0,-4330
15.35025627902625,14,13.0,-4690
15.350300219645202,13,23.0,-4195
15.350444569551668,6,2.0,7197
15.350997963703792,13,2.0,-4704
15.350997963703792,17,2.0,-4704
15.351225047179577,7,3.0,2250
15.35142760604001,7,2.0,6538
15.3517387140468,13,2.0,-4223
15.352100422088467,13,2.0,-4590
15.352248648016218,7,11.0,6763
15.353185900746544,5,1.0,0
15.353410970199104,5,1.0,0
15.353947377595997,7,11.0,6550
15.356831225381113,14,11.0,-4203
15.358334838874539,13,1.0,-4540
15.358334838874539,17,1.0,-4540
15.358814084295233,7,17.0,7063
15.358903966477973,14,1.0,-4453
15.358959161195143,10,8.0,7265
15.359149086253819,5,3.0,0
15.35917659653785,7,16.0,6192
15.359376066304113,5,5.0,0
15.3601300941753,5,4.0,0
15.362070374999737,5,2.0,0
15.36312026081109,14,4.0,-4304
15.363981729142493,13,1.0,-4261
15.364466640959591,5,4.0,0
15.365165828662429,5,1.0,0
15.366504541256619,14,52.0,-4245
15.366504541256619,17,52.0,-4245
15.36803119135816,15,3.0,-1390
15.368507763880755,5,11.0,0
15.369690067618482,7,1.0,7229
15.369735377771752,17,1.0,-4179
15.369875939418602,13,14.0,-4712
15.369937812124173,113,34.0,-4572
15.370105743046757,13,7.0,-4610
15.370308210840175,6,1.0,7343
15.370737664035135,14,4.0,-4275
15.370920822604361,6,2.0,7154
15.371114748465219,14,6.0,-4627
15.371302162258099,17,1.0,-4016
15.371808254110245,8,3.0,7011
15.371888097237997,17,1.0,-1866
15.37208682268929,15,5.0,-2031
15.372865261163547,17,8.0,-3491
15.37412684927251,5,3.0,0
15.374458414333262,5,5.0,0
15.375206473508188,13,2.0,-4624
15.375444562582075,5,4.0,0
15.37625066305973,13,1.0,-4588
15.376906064269827,13,1.0,-4339
15.37692232261964,16,5.0,4660
15.377738251132849,9,13.0,3956
15.381434944989898,16,3.0,4385
15.382078349076492,17,48.0,-2489
15.383653390149508,17,4.0,-2178
15.385297559570667,6,5.0,7352
15.385807838082764,13,7.0,-4251
15.385984006537841,14,3.0,-4266
15.386087022197032,5,5.0,0
15.386327804618361,14,3.0,-4322
15.387869310820287,14,4.0,-4483
15.388605204006621,5,4.0,0
15.38862952602497,14,11.0,-4684
15.38862952602497,17,11.0,-4684
15.389425021872244,14,1.0,-4585
15.389857910408006,17,3.0,-526
15.390073826085183,5,2.0,0
15.390377134071937,10,58.0,7390
15.39084125582923,5,7.0,0
15.391122653539778,5,1.0,0
15.391679474281382,7,1.0,5318
15.392333585684984,8,8.0,6905
15.393055418268014,16,6.0,3328
15.393336181595203,17,2.0,-2265
15.393506642764818,9,5.0,5169
15.393758491404974,5,1.0,0
15.3947123763657,17,1.0,-1758
15.395017783217988,17,1.0,-1652
15.395233592827553,7,14.0,7192
15.395536671440874,15,4.0,-1218
15.39643335820172,13,1.0,-4438
15.397869242266173,15,4.0,-1302
15.399037029092742,5,5.0,0
15.399108918555934,13,3.0,-4548
15.399705485041508,16,6.0,6222
15.400264025804363,17,4.0,-286
15.400402165270282,7,1.0,7074
15.400411647929023,16,3.0,1388
15.400747715432548,5,2.0,0
15.40074865069568,14,2.0,-4317
15.40075977902173,7,1.0,7127
15.40147641257171,7,2.0,5627
15.401889907770238,14,1.0,-4370
15.402073713674675,17,4.0,-31
15.403382525515921,7,8.0,7222
15.403457443485205,1,11.0,7396
15.403837020869084,7,2.0,7101
15.404022770811402,1,1.0,7397
15.404172054991509,13,3.0,-4271
15.40473063192261,17,1.0,-559
15.405099808659346,5,6.0,0
15.405191698919387,13,3.0,-4587
15.405191698919387,17,3.0,-4587
15.405243328446291,7,7.0,6347
15.405969469198393,5,4.0,0
15.40817037466013,14,5.0,-4262
15.40817037466013,17,5.0,-4262
15.408374669473034,14,1.0,-4702
15.40851202643559,1,1.0,7398
15.408931576241994,15,1.0,-1777
15.409061913419956,7,9.0,6165
15.409121413625533,7,1.0,1989
15.410056955423673,17,8.0,-2762
15.410076461036178,13,1.0,-4436
15.41016106988466,17,1.0,-1765
15.410982413113059,5,1.0,0
15.41120742065951,1,2.0,7399
15.411605477444462,1,8.0,7400
15.412501924199894,13,1.0,-4343
15.413189457088498,11,40.0,7125
15.413584446164577,7,3.0,6904
15.414028086268608,6,40.0,7321
15.41440632965776,14,3.0,-4486
15.414495369197605,8,3.0,6970
15.41571679040214,10,2.0,6971
15.416365627978218,12,10.0,7068
15.417162309957167,15,1.0,-1876
15.41726449402307,9,1.0,6709
15.417775658952793,14,1.0,-4650
15.417775658952793,17,1.0,-4650
15.417823985973248,13,2.0,-4288
15.418029860133023,14,3.0,-4550
15.418528581529749,5,1.0,0
15.418727661001732,17,3.0,-204
15.41898761353326,5,5.0,0
15.419113933967816,7,2.0,7191
15.41919692535874,14,18.0,-4210
15.419445051073538,14,8.0,-4604
15.419726077000032,14,4.0,-4214
15.420537096457616,14,3.0,-4369
15.422384890689624,8,9.0,6609
15.423153010567829,14,3.0,-4371
15.424040157911426,6,14.0,6707
15.42435979272007,17,2.0,-1049
15.426093152813419,8,8.0,6870
15.426307377836487,17,2.0,-1020
15.426460277477442,7,1.0,4642
15.428017817790263,15,1.0,-1729
15.428025068074549,6,1.0,6705
15.428244188230272,14,1.0,-4515
15.428244188230272,17,1.0,-4515
15.43007668504535,5,4.0,0
15.4310588927551,5,6.0,0
15.431297802296228,7,1.0,6932
15.43315176310533,13,1.0,-4564
15.435461783914624,6,4.0,7334
15.436196977465855,14,4.0,-4592
15.43677823911046,8,6.0,6766
15.436999251952793,13,1.0,-4414
15.438671357546372,6,18.0,7384
15.438741987583688,7,1.0,6960
15.438830027142892,1,5.0,7401
15.439517189308098,15,2.0,-1064
15.440058736596932,5,1.0,0
15.440852360054082,17,3.0,-2428
15.441260320730452,9,1.0,7306
15.44276663813126,13,2.0,-4558
15.442835154390057,13,2.0,-4272
15.443783383074168,13,2.0,-4691
15.444194789634997,5,4.0,0
15.44520060132253,6,3.0,5935
15.445622568120852,13,3.0,-4662
15.44583328417494,14,2.0,-4432
15.44583328417494,17,2.0,-4432
15.446091818146856,13,1.0,-4383
15.446091818146856,17,1.0,-4383
15.446456933448832,17,1.0,-762
15.446588172323075,17,9.0,-1633
15.447461401129953,14,3.0,-4510
15.447906162975173,17,3.0,-2072
15.449448996049554,14,1.0,-4649
15.449448996049554,17,1.0,-4649
15.449713100009927,16,7.0,4168
15.450468983535881,14,3.0,-4539
15.450550300919264,15,1.0,-1505
15.450634399266036,17,2.0,-3378
15.451381954434929,7,2.0,7078
15.451776698243963,1,7.0,7402
15.452235900941316,3,6.0,7403
15.453179318483013,9,4.0,5761
15.453421858012465,6,3.0,7309
15.453727746628916,13,2.0,-4616
15.453941474064386,7,3.0,5281
15.454118064197315,13,5.0,-4634
15.454130813874048,13,5.0,-4568
15.454571816979128,17,2.0,-1484
15.455124749727286,7,3.0,5952
15.45606163861825,10,6.0,7403
15.45664239708797,5,1.0,0
15.456716800091701,14,2.0,-4394
15.456872086676317,5,1.0,0
15.456872261499228,7,14.0,6622
15.457032755796593,14,3.0,-4679
15.457032755796593,17,3.0,-4679
15.461675209422037,5,4.0,0
15.462018258517475,9,2.0,6331
15.462131561251322,5,1.0,0
15.462760982736745,15,2.0,-1327
15.462760982736745,17,2.0,-1327
15.463790950799233,13,6.0,-4444
15.464556444706952,14,3.0,-4591
15.465018436544616,13,3.0,-4470
15.466003218457812,15,11.0,-1832
15.466447858230419,13,5.0,-4423
15.466669128871942,7,34.0,6258
15.466678973618093,13,1.0,-4363
15.46769464816058,5,1.0,0
15.468955309081409,8,2.0,7015
15.470460976574227,14,3.0,-4697
15.470683729088059,13,2.0,-4250
15.471293869806201,13,1.0,-4372
15.473519347121515,14,2.0,-4618
15.473519347121515,17,2.0,-4618
15.473540456278103,7,2.0,7285
15.474317525125556,13,5.0,-4209
15.474317525125556,17,5.0,-4209
15.475121680299887,6,14.0,7275
15.476366262397914,7,1.0,6801
15.476462604124738,13,1.0,-4538
15.477160429812013,7,4.0,7188
15.477627835733761,13,2.0,-4626
15.47793415541336,13,1.0,-4520
15.47793415541336,17,1.0,-4520
15.479116832937965,16,5.0,5256
15.480246532161011,10,4.0,7351
15.481158533495181,16,6.0,989
15.481452298855379,5,2.0,0
15.482482028239854,6,1.0,7347
15.48262439246534,17,1.0,-2920
15.484531908803852,14,4.0,-4609
15.484531908803852,17,4.0,-4609
15.485270538359243,7,6.0,2535
15.486082470961822,13,3.0,-4362
15.487170150372272,7,3.0,6604
15.48832510761438,14,33.0,-4671
15.489733421118986,14,2.0,-4467
15.489893165576676,7,4.0,6127
15.491301403480154,16,7.0,6563
15.491668268571498,7,2.0,6989
15.49229339710006,7,1.0,7058
15.492510645779843,7,6.0,7090
15.492585753014161,13,1.0,-4388
15.492585753014161,17,1.0,-4388
15.492632228414134,5,5.0,0
15.492817891628015,7,1.0,6772
15.493322640120132,13,6.0,-4555
15.493322640120132,17,6.0,-4555
15.493633685582012,13,1.0,-4297
15.493633685582012,17,1.0,-4297
15.49471843462022,13,18.0,-4269
15.49471843462022,17,18.0,-4269
15.496399313310562,5,13.0,0
15.496684182771363,13,2.0,-4499
15.496925497727922,9,3.0,3872
15.497358181942301,9,9.0,6069
15.497650593835349,9,2.0,7238
15.49853506185574,7,3.0,6658
15.499237853275927,5,1.0,0
15.499849038614318,13,1.0,-4465
15.50017452073569,9,5.0,6458
15.501591534925076,6,13.0,4449
15.503066768530978,13,1.0,-4247
15.503066768530978,17,1.0,-4247
15.503514191713771,13,1.0,-4375
15.503701968012324,5,1.0,0
15.505039248450217,13,1.0,-4452
15.507588370372648,9,11.0,6470
15.507629996372183,1,1.0,7404
15.50864694411724,11,52.0,7047
15.50882871524065,14,3.0,-4347
15.509128486091836,7,10.0,6698
15.509404023632529,8,1.0,6899
15.510165235435561,9,9.0,6609
15.510942251624659,16,1.0,760
15.510987946365445,13,2.0,-4472
15.511027079362574,5,8.0,0
15.511265186949867,17,29.0,-2856
15.51172223754384,7,2.0,5932
15.512931577074365,16,3.0,2694
15.513896291802286,13,1.0,-4664
15.514026403858422,13,3.0,-4527
15.514827879292056,7,2.0,6926
15.514989769944123,16,6.0,1761
15.515518482629467,5,2.0,0
15.515713967739327,7,1.0,6224
15.516128695579049,17,52.0,-2274
15.517113763681177,1,2.0,7405
15.517848317003182,16,11.0,2890
15.518993936810682,13,2.0,-4222
15.520733534599392,5,11.0,0
15.521058316825567,14,1.0,-4440
15.521450621933797,5,1.0,0
15.521585659459445,14,4.0,-4454
15.521585659459445,17,4.0,-4454
15.521989845138389,14,1.0,-4586
15.521989845138389,17,1.0,-4586
15.522350302669558,6,1.0,7381
15.522419118969225,13,5.0,-4366
15.522734311769938,9,3.0,7267
15.523770286635704,5,1.0,0
15.525628288628534,14,4.0,-4360
15.526049217326447,113,35.0,-4217
15.526220344329,16,1.0,2454
15.526679469846288,13,1.0,-4260
15.526679469846288,17,1.0,-4260
15.527444742977524,13,15.0,-4286
15.527444742977524,17,15.0,-4286
15.528303745466518,17,2.0,-673
15.529092181415345,14,6.0,-4234
15.529607591478351,5,41.0,0
15.529607826200166,13,8.0,-4331
15.529607826200166,17,8.0,-4331
15.530136347441616,13,1.0,-4441
15.530514989937899,5,6.0,0
15.531238219115131,17,3.0,-226
15.53145474790975,5,4.0,0
15.53165616962259,17,9.0,-2571
15.531664515281099,14,1.0,-4563
15.531664515281099,17,1.0,-4563
15.531794581182213,5,2.0,0
15.532118937545121,9,2.0,6476
15.532211789896568,14,1.0,-4608
15.533409584869862,6,1.0,7350
15.533865413070195,8,3.0,7233
15.534435458781765,11,10.0,6597
15.534643608105888,5,4.0,0
15.536037091563955,17,1.0,-1453
15.536166087057914,16,8.0,2271
15.536334834589852,7,5.0,7283
15.536627622126252,16,4.0,2936
15.536737501563334,13,2.0,-4382
15.536871688630804,7,4.0,6378
15.536952494937667,5,4.0,0
15.536967631389462,7,2.0,7271
15.537758177971114,14,5.0,-4241
15.538337201519154,5,3.0,0
15.538904163569507,7,1.0,5715
15.53995080983236,14,1.0,-4511
15.540618078656031,7,2.0,6978
15.542002329508133,13,4.0,-4325
15.542002329508133,17,4.0,-4325
15.542524420948489,7,4.0,7187
15.54355909099077,14,3.0,-4401
15.54596079270932,9,2.0,6627
15.54606949570988,1,3.0,7406
15.546701543092441,5,5.0,0
15.546713708381606,14,4.0,-4380
15.546713708381606,17,4.0,-4380
15.546767264566068,9,6.0,6766
15.547214774015096,16,9.0,150
15.548547381972039,7,1.0,6992
15.548747250738094,7,2.0,6883
15.548895766738852,13,3.0,-4202
15.549027143898423,13,1.0,-4629
15.54922731844917,13,5.0,-4517
15.549831235105756,13,2.0,-4672
15.550050513159338,7,11.0,6908
15.550847520917632,16,55.0,3743
15.551742255882601,17,11.0,-270
15.552316306154575,14,1.0,-4439
15.552338515950993,9,4.0,7240
15.554058981788565,6,5.0,7236
15.55506819080672,8,2.0,6925
15.555317289239204,9,2.0,6714
15.555421452380859,15,4.0,-1445
15.55578092548664,13,1.0,-4194
15.55578092548664,17,1.0,-4194
15.55634522624196,14,13.0,-4206
15.556792766414574,7,3.0,6322
15.5572664274843,13,1.0,-4200
15.558746579653826,13,3.0,-4599
15.55945518974713,16,1.0,3100
15.559822811113179,13,1.0,-4584
15.560546119495683,14,2.0,-4481
15.560546119495683,17,2.0,-4481
15.56089017093058,14,2.0,-4224
15.560961308583723,8,2.0,6637
15.561604264652999,17,2.0,-2240
15.562124336576169,17,1.0,-1555
15.56336451436879,15,1.0,-1603
15.563555752420546,7,6.0,6837
15.56367139314277,7,2.0,6657
15.567243583244293,13,4.0,-4391
15.568003777811686,17,6.0,-4049
15.56822828406225,16,5.0,5123
15.568571391850742,17,1.0,-865
15.568613895356314,13,1.0,-4445
15.568683502497429,1,50.0,7407
15.56883666931045,17,1.0,-140
15.569921598910875,13,1.0,-4708
15.570388338002152,5,42.0,0
15.57086733641581,13,2.0,-4279
15.571531578855682,5,1.0,0
15.571873456572488,17,2.0,-73
15.573459752717419,5,8.0,0
15.573992308352048,5,1.0,0
15.574626342958124,13,4.0,-4324
15.57558277962259,17,1.0,-1865
15.577189443377119,8,8.0,6456
15.578508235574494,2,7.0,7408
15.579480186595738,7,2.0,6962
15.579573436049854,14,7.0,-4328
15.580453882166271,13,7.0,-4284
15.581972716941637,7,1.0,7105
15.582470455227016,5,2.0,0
15.582619602195814,14,1.0,-4333
15.582653114833073,5,3.0,0
15.582983917685308,5,3.0,0
15.58410046074094,6,5.0,7367
15.584595742670109,16,2.0,6119
15.585261983826106,17,1.0,-3869
15.58608249906648,6,45.0,7316
15.586774040848988,5,3.0,0
15.587584694113247,15,6.0,-1716
15.587718640673554,16,11.0,1226
15.58812369139223,5,2.0,0
15.589474558810277,9,8.0,6235
15.58957984010952,113,55.0,-4392
15.5912145786692,17,2.0,-646
15.59164267766919,17,2.0,-3294
15.592076197372071,17,3.0,-578
15.593232783969558,9,1.0,5784
15.594531345867662,6,1.0,7349
15.596303819832814,5,4.0,0
15.5968194499809,5,1.0,0
15.596867837659255,13,2.0,-4338
15.596867837659255,17,2.0,-4338
15.597178013401752,13,2.0,-4230
15.597178013401752,17,2.0,-4230
15.59732100432253,9,4.0,6733
15.598025284329418,1,1.0,7409
15.599033456489021,17,2.0,-3717
15.600569805623365,13,6.0,-4495
15.60206051882166,17,2.0,-2530
15.602563282680132,5,1.0,0
15.602605175174688,13,3.0,-4694
15.603225004595682,113,23.0,-4207
15.604273712251882,17,4.0,-1096
15.604844146662096,17,1.0,-2996
15.605013382271999,14,4.0,-4300
15.605505887212242,13,3.0,-4469
15.605517653291736,17,22.0,-1852
15.605901557451018,5,4.0,0
15.60605075623312,14,5.0,-4419
15.60605102207935,7,25.0,7266
15.606172197428874,7,4.0,6551
15.606677328996991,13,7.0,-4313
15.606758010927326,17,1.0,-3410
15.608825151381,13,1.0,-4561
15.608825151381,17,1.0,-4561
15.609394942956826,6,3.0,6200
15.6095801121867,17,1.0,-2566
15.610586610899729,7,2.0,7045
15.610602214210122,5,3.0,0
15.610610742615076,17,1.0,-305
15.6118162696476,5,4.0,0
15.612058327532862,13,1.0,-4462
15.612058327532862,17,1.0,-4462
15.612456569695473,13,1.0,-4356
15.612550744151292,5,1.0,0
15.612599630251191,13,14.0,-4623
15.61327300536469,7,1.0,6273
15.613888265438053,13,1.0,-4498
15.613888265438053,17,1.0,-4498
15.6139728662442,7,2.0,6073
15.613995175816619,6,4.0,7128
15.614737628649229,7,1.0,6841
15.614814290423354,14,3.0,-4305
15.615834531130261,14,2.0,-4273
15.615834531130261,17,2.0,-4273
15.615878366359018,17,5.0,-3459
15.616046746259872,5,2.0,0
15.61611777036349,9,13.0,7354
15.616346964074987,13,1.0,-4318
15.616527893371432,5,3.0,0
15.617412545848627,14,1.0,-4644
15.617904994317717,13,1.0,-4433
15.617904994317717,17,1.0,-4433
15.618111939045997,1,1.0,7410
15.619094521695484,17,4.0,-2398
15.61917984532985,5,6.0,0
15.61950916705561,8,3.0,6972
15.619773385694836,113,52.0,-4448
15.620669254267257,7,28.0,6304
15.620762014719393,13,4.0,-4420
15.621033351619435,7,49.0,3198
15.621886795015568,5,2.0,0
15.622536561235439,6,6.0,6700
15.623169647759743,5,5.0,0
15.623613699874008,5,8.0,0
15.625846838141936,13,1.0,-4526
15.626509639202723,13,2.0,-4677
15.62713946834255,13,3.0,-4639
15.62713946834255,17,3.0,-4639
15.628501328299238,14,1.0,-4489
15.628501328299238,17,1.0,-4489
15.6318012586097,16,5.0,1616
15.63203208766731,7,6.0,7039
15.632239336319925,5,4.0,0
15.633037169763083,13,2.0,-4663
15.633037169763083,17,2.0,-4663
15.633089406369857,15,3.0,-1499
15.633317453688498,17,1.0,-866
15.633566464953876,5,5.0,0
15.633817070504584,5,1.0,0
15.63395848319275,5,1.0,0
15.634246697168482,7,11.0,6314
15.63438809910915,13,5.0,-4638
15.635408214973104,11,38.0,6436
15.63657737570752,13,1.0,-4557
15.637176326463688,1,4.0,7411
15.63741603718568,6,2.0,7399
15.638116854706045,14,2.0,-4620
15.638116854706045,17,2.0,-4620
15.638412927617393,13,2.0,-4358
15.638412927617393,17,2.0,-4358
15.63887985423186,17,2.0,-2710
15.6391377962105,5,16.0,0
15.639275063606053,6,6.0,7062
15.639278049735303,5,4.0,0
15.640053194805935,13,1.0,-4406
15.6419830903475,5,2.0,0
15.643123080343821,13,1.0,-4612
15.64331169644869,13,3.0,-4410
15.64331169644869,17,3.0,-4410
15.6447782902593,9,8.0,6905
15.64498259695095,7,2.0,6528
15.645347232289634,5,3.0,0
15.647263354341723,17,1.0,-3542
15.648814443577766,13,3.0,-4237
15.649305649486733,13,3.0,-4468
15.649434516416079,5,3.0,0
15.649588785501605,5,1.0,0
15.649714287830312,17,1.0,-3625
15.650116208782517,17,3.0,-1651
15.65094876642461,5,5.0,0
15.650980408523044,15,3.0,-1467
15.651017702735283,5,2.0,0
15.651293116084974,8,6.0,6788
15.651662230119264,15,2.0,-2094
15.652413001849926,13,1.0,-4355
15.65286663235383,5,5.0,0
15.653963435655411,16,24.0,1371
15.653971512117327,13,1.0,-4252
15.655487072902112,5,3.0,0
15.657204556926963,9,1.0,6899
15.657852042931394,2,47.0,7412
15.658429561101638,12,58.0,7390
15.659491103796642,8,4.0,7110
15.66055447408617,14,7.0,-4603
15.660901123420455,17,1.0,-1820
15.66144653370296,17,1.0,-638
15.662174402378692,14,3.0,-4500
15.663714332155909,1,3.0,7413
15.66372530590155,5,5.0,0
15.663737724925303,14,3.0,-4581
15.664310099091319,15,1.0,-1888
15.664525835726188,4,4.0,7414
15.664569932910869,1,7.0,7415
15.66458805625568,5,16.0,0
15.664598956636203,13,6.0,-4351
15.66923725582928,5,3.0,0
15.669549428917227,13,1.0,-4522
15.67038639626016,8,3.0,7241
15.670591300241874,13,2.0,-4546
15.671663492661564,17,8.0,-2245
15.673581968575917,14,4.0,-4625
15.675342994843568,17,3.0,-3192
15.676184949237049,5,4.0,0
15.676687530905852,7,8.0,7029
15.677128437668909,17,1.0,-2309
15.677256585350106,14,3.0,-4485
15.677590875206844,14,2.0,-4413
15.67783797276994,5,1.0,0
15.678333030556278,13,2.0,-4537
15.679643473985244,15,8.0,-1583
15.679728866655294,5,7.0,0
15.679970677266923,17,1.0,-939
15.680595204638957,17,1.0,-2221
15.680704490328601,5,3.0,0
15.681197479892857,16,47.0,1203
15.681307038663027,5,1.0,0
15.681662510629579,16,21.0,950
15.681703039770184,14,28.0,-4642
15.68171485950643,5,2.0,0
15.681761817685024,5,7.0,0
15.68236339102861,13,1.0,-4244
15.682471809652226,6,11.0,7396
15.683103996638065,5,3.0,0
15.68446762738765,13,1.0,-4633
15.685129080487698,1,2.0,7416
15.68560581012985,5,1.0,0
15.685645661128472,5,3.0,0
15.686154530993669,17,17.0,-2933
15.686681512435936,17,2.0,-2691
15.686893717709713,13,1.0,-4482
15.687507081002577,113,52.0,-4353
15.687861438317624,14,10.0,-4198
15.688145364710927,15,2.0,-1783
15.688147159514333,7,3.0,6595
15.688332880492654,5,11.0,0
15.688346527740947,5,21.0,0
15.68884618251402,13,1.0,-4323
15.6898260213233,13,1.0,-4228
15.6898260213233,17,1.0,-4228
15.690918797180519,14,32.0,-4711
15.691902522831942,7,8.0,7086
15.69224723228131,13,1.0,-4692
15.693030355733177,13,1.0,-4505
15.693825051394288,6,2.0,7286
15.694035805190799,5,8.0,0
15.69500577756807,17,7.0,-1841
15.696050554067448,14,3.0,-4302
15.696335133311116,14,1.0,-4502
15.696335133311116,17,1.0,-4502
15.696339628946223,5,2.0,0
15.69723934406868,14,4.0,-4518
15.69723934406868,17,4.0,-4518
15.697845474593086,13,7.0,-4350
15.697845474593086,17,7.0,-4350
15.699239852143213,14,1.0,-4536
15.699239852143213,17,1.0,-4536
15.699272707581098,17,2.0,-3808
15.701139622325059,7,5.0,6852
15.70171648101926,14,2.0,-4435
15.701761261364151,7,1.0,6328
15.702032801708512,17,1.0,-102
15.702925584797903,8,7.0,6441
15.703981449327692,6,1.0,7346
15.704022306583477,5,2.0,0
15.704058771910132,7,1.0,6901
15.704466377262657,13,7.0,-4571
15.705354336612535,14,1.0,-4274
15.706287070834625,13,1.0,-4593
15.707009164140198,17,2.0,-966
15.707462161532124,13,1.0,-4365
15.707642471423071,14,2.0,-4645
15.708075906025558,5,10.0,0
15.708135896728216,14,5.0,-4307
15.708135896728216,17,5.0,-4307
15.70941762666908,13,3.0,-4199
15.710559350754965,6,3.0,7389
15.711857307907094,13,1.0,-4583
15.711942078159117,17,4.0,-1279
15.712089431077507,5,2.0,0
15.712879548530587,14,11.0,-4675
15.713061426921655,13,1.0,-4294
15.714078906210098,1,4.0,7417
15.714478970227006,17,1.0,-4018
15.71694923508005,7,4.0,7093
15.717032834488995,17,5.0,-11
15.718164839289088,15,1.0,-1610
15.71993194102521,14,3.0,-4579
15.72015403616588,5,4.0,0
15.721096741085924,1,16.0,7418
15.721357569119718,1,9.0,7419
15.721370805204039,13,6.0,-4326
15.721384689004502,9,3.0,6970
15.721561406347014,8,1.0,6981
15.722123537114634,7,8.0,5196
15.722293340197698,13,7.0,-4551
15.72258475382689,9,5.0,7051
15.722623810080382,17,1.0,-2255
15.72282310438994,7,1.0,5755
15.723902689307186,5,5.0,0
15.72512604249317,6,2.0,7405
15.72752672388814,15,1.0,-1258
15.728877474748257,14,1.0,-4621
15.730289101851493,8,2.0,4530
15.730933919939396,14,2.0,-4255
15.730958148526826,5,14.0,0
15.733140819252569,13,1.0,-4461
15.733140819252569,17,1.0,-4461
15.734432468670072,8,1.0,7284
15.734517542444683,14,2.0,-4368
15.73566041507511,7,31.0,7161
15.73574794093188,17,2.0,-3582
15.735778989390099,13,1.0,-4399
15.735778989390099,17,1.0,-4399
15.73632727145575,6,3.0,7289
15.737238840124641,5,3.0,0
15.738010893342226,5,1.0,0
15.73816347585175,14,2.0,-4545
15.73816347585175,17,2.0,-4545
15.738249867330895,16,40.0,911
15.739812125135888,7,1.0,7215
15.740415332275816,14,1.0,-4680
15.741978553253473,6,4.0,6886
15.742358590979963,5,1.0,0
15.742967189626725,14,7.0,-4235
15.742967189626725,17,7.0,-4235
15.74318344007941,14,5.0,-4549
15.74318344007941,17,5.0,-4549
15.743709436677822,17,7.0,-3055
15.744367079513017,17,1.0,-1905
15.744597562447002,16,3.0,6612
15.744834363565092,13,5.0,-4278
15.744850157219002,7,5.0,6661
15.744893054518863,13,2.0,-4268
15.746110101371787,3,12.0,7420
15.746120938906898,5,2.0,0
15.746389172475602,14,2.0,-4699
15.746389172475602,17,2.0,-4699
15.748463780876659,14,1.0,-4329
15.748463780876659,17,1.0,-4329
15.748542129633009,13,1.0,-4600
15.751899347054005,14,2.0,-4670
15.751909138543297,9,26.0,5836
15.75222096108581,6,2.0,7299
15.753160826509442,10,4.0,7414
15.754142820823246,7,1.0,7087
15.754187222936313,17,4.0,-58
15.75421580549964,6,2.0,7376
15.755395473116325,8,2.0,7405
15.755636332043357,17,4.0,-3396
15.756946004630125,7,1.0,6824
15.75708582957098,13,1.0,-4580
15.757500630276601,13,8.0,-4669
15.757767647347634,16,1.0,2183
15.758152286961655,7,2.0,7142
15.759398733413292,13,19.0,-4426
15.759815236566801,14,2.0,-4497
15.760290639471537,5,1.0,0
15.760824040257019,13,1.0,-4283
15.762779424694497,11,36.0,7256
15.763078931322012,7,3.0,6596
15.763600666652952,7,7.0,3402
15.764398454473373,13,2.0,-4466
15.764786054498195,1,1.0,7421
15.765170258429507,5,1.0,0
15.765621906971388,6,1.0,7421
15.765871221209986,5,1.0,0
15.766127232851407,17,25.0,-273
15.766646210470633,7,6.0,6610
15.768415762906796,13,1.0,-4659
15.768591312559455,7,4.0,7112
15.769501498271023,9,1.0,6834
15.76959156468474,13,3.0,-4476
15.76964893705326,5,6.0,0
15.769859373202124,6,2.0,7214
15.770284594013058,17,2.0,-1640
15.771061888853994,7,12.0,6462
15.771061888853994,16,12.0,6462
15.772034098687959,5,6.0,0
15.77206632415473,13,1.0,-4263
15.773182471201443,1,3.0,7422
15.773738392774868,13,2.0,-4421
15.774454793993415,17,1.0,-1778
15.774660336946074,14,4.0,-4296
15.774946936861511,13,10.0,-4547
15.774946936861511,17,10.0,-4547
15.774966924770952,17,1.0,-3984
15.77601327658524,7,5.0,7225
15.776367704853165,5,1.0,0
15.776737932025432,8,4.0,6922
15.777611400777582,15,1.0,-1644
15.777736939730392,5,4.0,0
15.777825627172897,17,3.0,-836
15.778772726660032,13,3.0,-4658
15.778776765667022,13,1.0,-4688
15.779288480512205,1,9.0,7423
15.779862309798887,5,1.0,0
15.780670657413445,16,1.0,5938
15.780753780023725,13,8.0,-4280
15.780753780023725,17,8.0,-4280
15.782224691096738,16,57.0,848
15.78222525644735,6,1.0,6183
15.78257356287311,7,5.0,6667
15.782884961519166,13,2.0,-4402
15.78382302239118,9,3.0,6946
15.78486803437825,5,6.0,0
15.785819969417007,16,6.0,1337
15.78659440446881,6,6.0,6217
15.787262669619649,17,3.0,-530
15.787571956055624,14,24.0,-4428
15.787571956055624,17,24.0,-4428
15.78893106648607,17,43.0,-1711
15.789381539100091,1,5.0,7424
15.78959134278603,6,2.0,7380
15.789763048293704,5,24.0,0
15.789774015302896,14,12.0,-4389
15.789774015302896,17,12.0,-4389
15.790309970353528,13,2.0,-4361
15.791419853915462,13,1.0,-4490
15.79162780746386,14,2.0,-4543
15.79162780746386,17,2.0,-4543
15.791915530954723,1,2.0,7425
15.794285404352513,17,6.0,-3962
15.794326478945187,5,2.0,0
15.79467888474573,17,1.0,-3567
15.794879820088415,17,1.0,-126
15.794991412475213,5,1.0,0
15.79534439491242,17,1.0,-2405
15.795460339593507,13,17.0,-4373
15.795631805350702,10,3.0,7374
15.795663228812105,5,4.0,0
15.796359619367522,5,10.0,0
15.79641009013623,7,1.0,6851
15.796585216614803,5,11.0,0
15.796800779427967,6,5.0,7098
15.79700147160014,13,1.0,-4332
15.798363739964238,17,2.0,-2186
15.798781444294924,13,1.0,-4655
15.801275664891191,5,7.0,0
15.801628196679484,15,1.0,-1860
15.801652226481952,14,2.0,-4253
15.801660722524758,9,2.0,7239
15.802098345245204,6,2.0,7143
15.802839488943762,15,1.0,-1978
15.804466226960743,14,2.0,-4378
15.80572177393365,7,3.0,7116
15.80575884119195,13,5.0,-4236
15.80575884119195,17,5.0,-4236
15.806274927043225,14,1.0,-4554
15.806274927043225,17,1.0,-4554
15.807344006135686,7,5.0,6737
15.80769022432194,7,3.0,7075
15.808620403212474,113,22.0,-4232
15.809501628796927,13,1.0,-4683
15.810513245649279,5,4.0,0
15.811489324776138,7,2.0,4543
15.811571306603978,14,11.0,-4201
15.813010372816384,15,24.0,-1402
15.813033584604389,7,1.0,7021
15.815739696273598,17,2.0,-2466
15.81717594180603,16,28.0,2627
15.817200435833385,16,3.0,5226
15.817726874577302,13,1.0,-4227
15.817986633142448,13,1.0,-4427
15.818055232534727,7,4.0,7124
15.818791205742817,13,2.0,-4596
15.819262308182207,17,2.0,-1688
15.819490748896506,1,1.0,7426
15.8196496014086,14,2.0,-4630
15.822314471917226,17,1.0,-3782
15.823016283718202,17,3.0,-3241
15.823035758811816,7,1.0,6802
15.823340352527866,13,2.0,-4471
15.825368632931305,5,6.0,0
15.825609323030866,13,1.0,-4560
15.825709732864883,13,3.0,-4281
15.82639235267094,17,1.0,-249
15.827036267707477,13,2.0,-4219
15.827036267707477,17,2.0,-4219
15.827276340614192,5,2.0,0
15.828366760378449,9,4.0,7110
15.828782110459697,17,11.0,-2073
15.829607625460673,13,1.0,-4637
15.829829083017337,5,1.0,0
15.830833151435932,15,1.0,-1311
15.831171298987748,14,7.0,-4541
15.831358228037345,11,8.0,7273
15.83215172387436,13,2.0,-4335
15.83215172387436,17,2.0,-4335
15.832878603822454,7,18.0,6139
15.833285179377912,7,1.0,3825
15.833895727535722,9,8.0,6456
15.835319913058527,6,1.0,7410
15.835633275919747,5,1.0,0
15.835967803419068,5,3.0,0
15.836121866885469,1,4.0,7427
15.83647369746721,5,4.0,0
15.837489899375168,7,6.0,7173
15.839438231967588,5,1.0,0
15.84005173998749,17,4.0,-464
15.840165884397633,5,4.0,0
15.84037157640902,13,2.0,-4523
15.84037157640902,17,2.0,-4523
15.841208487746025,13,4.0,-4706
15.842421341455818,5,1.0,0
15.842857055957834,14,1.0,-4292
15.843157942342799,7,5.0,6504
15.843252849249353,6,1.0,7259
15.843788102772372,9,6.0,6189
15.844188013707084,14,1.0,-4290
15.8457778393682,5,10.0,0
15.846386989702665,13,2.0,-4376
15.846386989702665,17,2.0,-4376
15.846835129756794,11,1.0,6869
15.847304719940844,16,4.0,1244
15.848076963667856,13,43.0,-4710
15.848719806815813,7,2.0,5164
15.849222214121347,7,6.0,7311
15.849824494101224,10,6.0,7278
15.851307996662076,17,1.0,-2135
15.851523215111333,5,2.0,0
15.852626427563653,11,58.0,4857
15.853192494993175,11,34.0,7353
15.854425353647057,13,10.0,-4532
15.854869106843214,14,4.0,-4233
15.8551999132866,5,6.0,0
15.857511823458998,5,2.0,0
15.85854852829266,17,7.0,-1413
15.859083959568478,6,3.0,7126
15.85955818128949,14,4.0,-4316
15.85955818128949,17,4.0,-4316
15.860272917494752,13,1.0,-4530
15.860272917494752,17,1.0,-4530
15.86065518720473,17,1.0,-1121
15.861625592088794,13,1.0,-4615
15.863474658492006,5,1.0,0
15.863881484105294,5,3.0,0
15.863999860443341,5,1.0,0
15.864981524373661,5,2.0,0
15.865324649387988,5,1.0,0
15.867811514948489,7,2.0,7258
15.868000274596806,5,6.0,0
15.868674106848907,13,1.0,-4464
15.868689924270784,13,1.0,-4409
15.868689924270784,17,1.0,-4409
15.869132366260358,14,1.0,-4504
15.869803687562714,16,6.0,4217
15.870067346961616,14,2.0,-4240
15.870979781736308,14,3.0,-4359
15.871168021897038,8,2.0,6950
15.87231277271789,6,7.0,6357
15.874279256076724,17,5.0,-2412
15.874680023092171,4,24.0,7428
15.875696598944803,9,2.0,6863
15.875966785452642,15,1.0,-1326
15.876338514581954,13,1.0,-4287
15.877721966040284,14,2.0,-4321
15.878204441219584,14,3.0,-4352
15.878475401993619,13,1.0,-4212
15.879492002074306,1,1.0,7429
15.879511614127878,5,2.0,0
15.879783351197784,13,1.0,-4635
15.880047015544752,17,1.0,-1019
15.880074467401409,5,3.0,0
15.88074552740498,14,1.0,-4457
15.881055175260641,17,1.0,-2897
15.882632268526697,5,2.0,0
15.885041815114224,13,2.0,-4205
15.885041815114224,17,2.0,-4205
15.886091838175398,10,31.0,7223
15.887185920912877,14,1.0,-4531
15.88786005158931,13,1.0,-4619
15.88786005158931,17,1.0,-4619
15.888130317771438,14,4.0,-4334
15.88896167081895,5,2.0,0
15.889342621205127,5,4.0,0
15.889669040960165,6,3.0,7372
15.889682355908544,7,2.0,6893
15.890462028496932,6,1.0,7404
15.89080333207706,7,2.0,4245
15.890984402189773,1,3.0,7430
15.891274941459859,17,3.0,-3433
15.89243406062895,6,4.0,7375
15.892449622717914,13,17.0,-4400
15.892449622717914,17,17.0,-4400
15.89266710469868,9,8.0,6870
15.892671854169372,14,3.0,-4341
15.894199571017763,17,3.0,-3073
15.895468577695633,5,1.0,0
15.89616627551868,17,2.0,-3142
15.89653824568735,5,10.0,0
15.897033204660072,16,8.0,4701
15.898013127022583,7,14.0,7113
15.898295442180865,5,10.0,0
15.899062590039614,9,3.0,4911
15.899367307218105,17,2.0,-325
15.899537179404405,7,11.0,4790
15.899806815178078,1,2.0,7431
15.901185580983542,7,2.0,5460
15.901556653880577,13,3.0,-4686
15.901556653880577,17,3.0,-4686
15.901884229621391,13,8.0,-4293
15.901909968681457,7,2.0,7287
15.901925510577554,5,4.0,0
15.903991093505317,5,3.0,0
15.904584898611958,11,25.0,6880
15.904750375072815,13,5.0,-4519
15.904885078996925,5,2.0,0
15.905134975143653,5,5.0,0
15.906343728818053,9,2.0,6847
15.907525373223248,14,4.0,-4556
15.908469635737166,14,1.0,-4646
15.908643917699113,13,5.0,-4434
15.908955819561124,5,1.0,0
15.909236625162688,6,8.0,7360
15.912216098389875,5,11.0,0
15.912937895478537,13,3.0,-4348
15.912937895478537,17,3.0,-4348
15.914468382557638,14,4.0,-4357
15.915069497831837,13,1.0,-4249
15.915988384778846,7,1.0,7288
15.916749272379992,5,4.0,0
15.916813746639423,16,5.0,3147
15.917787544860978,9,3.0,7241
15.918360972934856,4,43.0,7432
15.919179254217886,13,2.0,-4657
15.91949658214829,5,4.0,0
15.921503423306696,14,11.0,-4327
15.921561332798793,8,3.0,7362
15.922220631879942,14,6.0,-4411
15.922861676608175,13,5.0,-4264
15.922861676608175,17,5.0,-4264
15.923283622277278,5,1.0,0
15.924161863814142,7,1.0,6565
15.924364303035453,14,4.0,-4429
15.925717138806915,9,3.0,7011
15.926117217800062,5,1.0,0
15.92615500864496,5,5.0,0
15.92626632302534,5,4.0,0
15.926273739726287,13,11.0,-4458
15.927876267231348,13,3.0,-4533
15.929685873283429,13,1.0,-4491
15.929685873283429,17,1.0,-4491
15.931337341505069,5,15.0,0
15.931643371642082,5,8.0,0
15.93189661889705,5,2.0,0
15.932187868328892,5,8.0,0
15.932502876758837,17,1.0,-1617
15.932914450814831,13,4.0,-4196
15.933701004604856,5,6.0,0
15.933735728846283,5,2.0,0
15.93379374926523,7,1.0,6002
15.934369504210057,7,1.0,7023
15.935011312434018,13,2.0,-4211
15.937527087332743,13,5.0,-4501
15.939161985850932,17,3.0,-3622
15.939925910527686,17,6.0,-319
15.940328959567085,14,2.0,-4496
15.940590604603571,13,1.0,-4566
15.941441823066281,5,4.0,0
15.941730187166856,7,4.0,7292
15.942037083541921,6,6.0,7295
15.94228511023399,8,2.0,7255
15.943026389499789,17,18.0,-1668
15.943796754237315,5,1.0,0
15.944349726844393,16,3.0,4764
15.945654285710111,5,4.0,0
15.945880444316138,7,4.0,7108
15.946841289849232,5,5.0,0
15.948167225050394,13,1.0,-4707
15.950134219919256,7,2.0,7228
15.950313266984397,17,1.0,-2755
15.950732108999684,5,5.0,0
15.951643944775581,113,51.0,-4636
15.951921081302515,7,2.0,6967
15.95315292358943,17,25.0,-3600
15.953431855490074,17,1.0,-1938
15.953454849852058,5,4.0,0
15.954134054959187,7,4.0,6606
15.954289863728793,13,1.0,-4459
15.954537480496414,15,4.0,-1052
15.955480542481133,13,1.0,-4597
15.955480542481133,17,1.0,-4597
15.95632460132721,6,5.0,7342
15.957230993416292,7,8.0,2590
15.957886106384063,7,2.0,7139
15.958133322116637,5,3.0,0
15.959572014022482,13,12.0,-4231
15.960080365554315,14,1.0,-4582
15.960337019015345,17,1.0,-2220
15.963212167200442,14,2.0,-4243
15.963364635967007,13,1.0,-4508
15.96341097595112,13,1.0,-4668
15.964793889046662,14,6.0,-4567
15.966902068711008,9,2.0,7014
15.96731982867993,7,2.0,7297
15.96732974887328,5,31.0,0
15.967917228291318,15,1.0,-1285
15.968104166757191,17,3.0,-2104
15.968709732819187,17,1.0,-97
15.968930320761773,13,2.0,-4291
15.968959280874063,6,3.0,7371
15.969283319728511,14,2.0,-4477
15.970103284345841,5,4.0,0
15.970470511787148,14,1.0,-4494
15.970470511787148,17,1.0,-4494
15.971522370325474,13,5.0,-4507
15.972017303866016,13,3.0,-4559
15.972017303866016,17,3.0,-4559
15.972891954507684,5,4.0,0
15.973161973770903,7,1.0,6472
15.973413770354712,13,7.0,-4320
15.974138871405838,13,1.0,-4660
15.974320948507554,5,4.0,0
15.976411644348756,13,18.0,-4396
15.977310125711288,7,14.0,6963
15.97742822411838,5,3.0,0
15.978471227320199,7,4.0,5469
15.979487814398217,13,6.0,-4492
15.979801742981964,15,4.0,-1685
15.980200632369133,13,5.0,-4451
15.980200632369133,17,5.0,-4451
15.981318993077057,13,1.0,-4346
15.981318993077057,17,1.0,-4346
15.981425463728188,13,1.0,-4204
15.981448165108818,14,4.0,-4525
15.981448165108818,17,4.0,-4525
15.981709154606056,5,5.0,0
15.982188736546155,5,3.0,0
15.983529264728807,7,1.0,6931
15.983572965191428,17,1.0,-3385
15.983600086861246,5,7.0,0
15.984230392657377,13,3.0,-4349
15.984230392657377,17,3.0,-4349
15.985783813000154,7,3.0,4890
15.987124280278056,17,4.0,-2815
15.987878120026977,17,2.0,-52
15.987949792035096,5,8.0,0
15.988003609927977,14,3.0,-4574
15.989198631758319,17,10.0,-651
15.99026154221914,13,3.0,-4225
15.990852780095224,7,3.0,6742
15.991952588289653,14,2.0,-4622
15.991952588289653,17,2.0,-4622
15.99208541902175,14,2.0,-4648
15.99314412352906,17,4.0,-542
15.993753317159005,5,2.0,0
15.994132105386301,17,1.0,-288
15.998198882189294,7,2.0,7189
15.99918587839542,13,1.0,-4700
15.999382325586934,17,2.0,-2575
15.999675068215561,14,2.0,-4473
16.001316540750977,13,2.0,-4927
16.002029907281226,9,2.0,7056
16.002505019752515,5,4.0,0
16.00340977822024,14,4.0,-4955
16.005435547239003,14,2.0,-5073
16.005785228705722,16,44.0,1582
16.00605143821667,5,2.0,0
16.00610928218364,5,3.0,0
16.00778732034877,7,10.0,7310
16.008181005528872,7,5.0,7168
16.008272998106687,1,4.0,7433
16.00846314400008,14,3.0,-4909
16.008984994949454,14,5.0,-5008
16.009099623751098,13,1.0,-4937
16.011119427953098,14,3.0,-4744
16.011387560646074,9,4.0,6543
16.012134605525844,7,4.0,5999
16.01258216669984,7,2.0,7179
16.01422469176163,15,4.0,-2174
16.015174075459647,5,2.0,0
16.016317325629075,7,2.0,7348
16.017624752694005,13,1.0,-4898
16.018037515160827,7,15.0,6915
16.01887205983453,13,1.0,-4907
16.018903845859732,6,50.0,7407
16.01944340840278,6,2.0,7338
16.020336018890802,5,2.0,0
16.020441159570893,13,1.0,-4827
16.0205063313563,13,1.0,-4736
16.02060077678402,7,11.0,6259
16.020775663748278,5,1.0,0
16.020948997750505,6,3.0,7122
16.021561629034892,13,5.0,-5063
16.023032463234536,13,1.0,-4820
16.02314270420051,7,6.0,7100
16.023283385242067,8,6.0,6959
16.023621426004077,13,1.0,-4903
16.024621576089526,13,2.0,-5182
16.025557873068326,6,16.0,7277
16.025736871150293,5,24.0,0
16.02644570475756,13,8.0,-4862
16.027412713293298,16,10.0,2407
16.02789921530778,13,6.0,-5019
16.028802753074565,14,1.0,-5142
16.028885746657366,13,2.0,-5077
16.029365283431698,6,2.0,7391
16.03163656924342,7,1.0,5198
16.031818119460343,7,5.0,6047
16.033193978524594,1,60.0,7434
16.033471021012065,12,59.0,7385
16.034959281195217,13,1.0,-5124
16.035819974896256,13,1.0,-4893
16.035916141388675,13,1.0,-4973
16.036065258498645,15,4.0,-2338
16.03637273784662,5,15.0,0
16.037517463654353,5,16.0,0
16.037879732320825,13,3.0,-4918
16.03968695976662,5,1.0,0
16.03969783859749,16,6.0,4454
16.04148819405467,5,2.0,0
16.0418252587062,5,3.0,0
16.041958313745617,7,7.0,6236
16.04216734688051,7,1.0,7350
16.04556703068921,13,2.0,-5036
16.045885354532324,6,4.0,6752
16.046311201585826,7,9.0,7331
16.04815950288422,4,7.0,7435
16.048725620099617,5,1.0,0
16.048909927018975,5,8.0,0
16.049056612497118,17,2.0,-1661
16.050673179637954,1,9.0,7436
16.05071485625318,17,1.0,-2160
16.050987915040423,14,16.0,-4766
16.055588539082887,13,1.0,-4935
16.056459393545342,16,5.0,3077
16.059136376043565,13,7.0,-5070
16.062471079288752,13,5.0,-5180
16.063112529442222,6,2.0,7386
16.063289137727793,14,1.0,-4872
16.06365904133912,14,2.0,-4723
16.064687957964015,7,3.0,7323
16.065008600724926,14,9.0,-5068
16.065048647424916,17,4.0,-2346
16.065593125563687,5,1.0,0
16.067491997018152,17,4.0,-1517
16.067691549230886,6,1.0,7245
16.06846913322726,9,7.0,6441
16.068740547941758,7,1.0,7104
16.069680401973038,17,1.0,-1396
16.070109664918462,5,10.0,0
16.070285780071984,16,5.0,2386
16.07062547486199,5,3.0,0
16.0708338500385,17,4.0,-1736
16.070878997588963,9,3.0,5825
16.070925741261984,1,2.0,7437
16.071043187334073,7,3.0,7183
16.072938884642625,13,1.0,-5062
16.073816388711176,8,8.0,7073
16.075479057639374,14,1.0,-5216
16.075886626943603,13,3.0,-5123
16.076831425773403,13,1.0,-5099
16.07725538978647,7,3.0,5698
16.078400594741872,13,1.0,-4908
16.078865709326763,17,4.0,-2925
16.079296320371753,7,10.0,7370
16.081103861106318,1,3.0,7438
16.08119496715892,6,3.0,7388
16.081415043451212,14,2.0,-5207
16.082372313710536,7,6.0,6670
16.083233374181454,3,39.0,7439
16.083629072317663,1,1.0,7440
16.085238589172647,7,5.0,6522
16.086072054662363,17,2.0,-1953
16.08705913539047,7,4.0,6765
16.087366544547198,5,2.0,0
16.088883172316642,7,14.0,6707
16.089118978119032,16,2.0,3202
16.089120545240625,10,33.0,7361
16.089128514084567,13,6.0,-4834
16.089192995085906,15,3.0,-2919
16.089717359816106,5,1.0,0
16.090369471928845,17,1.0,-2090
16.09039650367215,5,16.0,0
16.090400183401023,6,6.0,7013
16.09219070499939,5,13.0,0
16.093424663930602,7,16.0,7290
16.09342530323647,5,4.0,0
16.093463215717,5,1.0,0
16.094486004200462,6,6.0,7387
16.09518442603061,5,2.0,0
16.09662952237227,13,1.0,-5119
16.096640823933242,16,4.0,329
16.097127743234562,9,6.0,6836
16.097216933697524,13,2.0,-4876
16.098093991488163,13,2.0,-4842
16.098857109534833,17,10.0,-3029
16.099462176299987,5,26.0,0
16.099770833559756,15,5.0,-2729
16.1001128856602,14,4.0,-4875
16.1008152560245,13,2.0,-5067
16.10107711310759,5,4.0,0
16.10142161693333,6,1.0,7136
16.10237991423758,5,12.0,0
16.102398733325526,14,1.0,-4798
16.102758943634626,14,3.0,-5009
16.103494341122868,17,3.0,-1081
16.104762906146643,13,2.0,-4731
16.107890215520165,15,43.0,-2705
16.108566472107082,5,4.0,0
16.109825984035727,14,6.0,-4800
16.110987394360475,15,6.0,-2605
16.111565612797996,17,1.0,-1713
16.11237941324824,6,8.0,7400
16.112527696726662,17,5.0,-100
16.112889610525865,15,11.0,-2545
16.113130620789544,6,7.0,7155
16.11388255342681,13,3.0,-4802
16.11425094025433,13,5.0,-4959
16.114559389224333,5,9.0,0
16.115034335504756,6,3.0,6659
16.115681029700593,5,3.0,0
16.115721070002287,13,1.0,-5147
16.116037537696812,13,13.0,-5175
16.11604334943619,7,5.0,7107
16.116079699925702,10,53.0,7341
16.116619505398088,7,1.0,7207
16.116804822475284,13,1.0,-4920
16.118066696190454,13,6.0,-4934
16.11816764519574,1,3.0,7441
16.119245099722235,16,14.0,6734
16.119771593508926,14,2.0,-4742
16.120036993738594,13,4.0,-5059
16.12093874458392,5,3.0,0
16.12112599078836,13,1.0,-5133
16.12148056753431,13,1.0,-4950
16.12184868974012,9,7.0,6319
16.121967663585906,13,1.0,-4889
16.12226540605125,7,9.0,7200
16.122323966188674,113,51.0,-5131
16.123167582053515,5,6.0,0
16.123220069617016,11,30.0,7146
16.124253231688368,6,8.0,7217
16.12440729352812,5,13.0,0
16.124522215743635,14,1.0,-5113
16.12637338187772,7,4.0,6133
16.126483057244513,16,2.0,2267
16.12682918492768,17,1.0,-3122
16.12915181964175,16,49.0,751
16.129693400153737,5,5.0,0
16.130670355730732,14,1.0,-4952
16.13068356388007,13,4.0,-5129
16.130762860723937,13,1.0,-4837
16.130889433937572,14,6.0,-5054
16.13208415275807,5,2.0,0
16.132430669108373,5,1.0,0
16.133039189411072,17,8.0,-567
16.133099161810403,5,6.0,0
16.13313952537947,13,1.0,-5086
16.133151031269055,8,13.0,4449
16.133816740195797,15,2.0,-2478
16.13427361370803,5,3.0,0
16.134715378021653,14,1.0,-5220
16.134760440734205,5,8.0,0
16.135352824110516,13,1.0,-5231
16.135412554835085,13,2.0,-4863
16.136106715857327,17,1.0,-1018
16.136118138956327,7,1.0,6450
16.136576443404316,17,3.0,-3149
16.138095474883325,14,1.0,-4789
16.13852199111239,6,1.0,7409
16.1388374491651,5,1.0,0
16.138886801362343,8,3.0,6659
16.139412410544956,13,1.0,-4816
16.139787636421026,5,2.0,0
16.140824555639654,11,2.0,7359
16.14198245807201,5,1.0,0
16.142412517963937,13,6.0,-4962
16.144141865872243,13,1.0,-4850
16.1445034435553,14,12.0,-4857
16.144548473836057,7,3.0,6711
16.144954749189477,14,2.0,-5025
16.145207330433607,10,7.0,7435
16.145534346415857,14,43.0,-5233
16.14619948681534,14,1.0,-4849
16.147123740720513,5,3.0,0
16.147540360911417,7,2.0,6471
16.147681573219252,9,1.0,6782
16.14796411306722,7,2.0,6984
16.1481583735336,15,13.0,-2663
16.1481934159323,7,15.0,7294
16.14839336773703,14,2.0,-5140
16.148694209919256,5,3.0,0
16.14924999162871,14,2.0,-5121
16.149638793091714,16,2.0,6994
16.150725307407733,13,1.0,-4913
16.151731865955355,14,2.0,-5013
16.151916213085098,5,2.0,0
16.152264066637116,17,3.0,-1434
16.155456479049086,16,2.0,4567
16.155732057770944,14,4.0,-5186
16.15574331056219,14,4.0,-5226
16.1564214590078,5,1.0,0
16.156675175330943,15,4.0,-2850
16.157436853636675,13,4.0,-4764
16.15782342021023,5,2.0,0
16.157988981427426,5,2.0,0
16.15894564248789,15,1.0,-2569
16.159439082300352,7,4.0,7160
16.16133651398281,13,1.0,-5089
16.16194256741554,7,4.0,6986
16.16206191635158,1,1.0,7442
16.162099301423794,13,1.0,-4905
16.163544590458255,13,11.0,-5022
16.16548436478104,5,2.0,0
16.1660177979214,9,11.0,7156
16.166404337577553,17,10.0,-1354
16.167053721058082,13,5.0,-5026
16.168585257796963,7,1.0,6705
16.16877490229571,17,1.0,-253
16.16900846144896,5,1.0,0
16.169738831722213,9,3.0,6906
16.1714555783876,15,2.0,-3041
16.172340605588584,13,2.0,-4895
16.17469862547223,7,1.0,6137
16.1747533071514,13,9.0,-4791
16.17542984734115,9,1.0,6773
16.176074197045857,14,2.0,-5111
16.17686322188393,17,4.0,-164
16.177139757376526,13,8.0,-4990
16.177671209904968,13,5.0,-5007
16.17815760113327,5,4.0,0
16.17816070583195,15,2.0,-2676
16.17905706432752,14,2.0,-5218
16.179589704233507,5,1.0,0
16.179658023273827,9,2.0,7060
16.180886840778914,17,7.0,-1554
16.18152917608438,14,3.0,-4884
16.1817720154798,13,7.0,-5076
16.182127552082125,5,6.0,0
16.182833549511052,5,1.0,0
16.183402496583735,15,1.0,-3081
16.184601998376845,15,1.0,-2739
16.187756737946625,17,1.0,-1060
16.18826465988634,13,2.0,-5071
16.188703285331417,13,3.0,-4977
16.189517041818206,8,2.0,3947
16.191032298860158,15,4.0,-2896
16.191238004856164,7,4.0,6491
16.19229499952909,17,3.0,-2877
16.193037265316345,10,24.0,7428
16.19331544763226,14,3.0,-4832
16.19357482129737,7,2.0,6965
16.193691118808257,7,1.0,6794
16.194116308999284,14,4.0,-4779
16.196530575932464,17,3.0,-2048
16.196812019521374,13,1.0,-4989
16.196933945674818,14,2.0,-4949
16.197047385120708,14,9.0,-5191
16.197292260380244,7,1.0,7368
16.19738828700503,13,5.0,-4995
16.1977380953697,17,5.0,-1504
16.198081101452093,7,5.0,7109
16.198324371702725,5,5.0,0
16.199059530046654,7,4.0,6070
16.2019294050398,17,4.0,-372
16.20198049309787,7,1.0,7157
16.203997994422025,13,2.0,-5209
16.20403590622771,13,1.0,-5015
16.204085158309127,5,3.0,0
16.204580334997285,14,15.0,-5193
16.204750672048444,13,1.0,-5109
16.204856874832416,16,4.0,1640
16.20551883772689,5,1.0,0
16.205711696182952,1,1.0,7443
16.20614243600614,5,1.0,0
16.206534396621542,16,1.0,4112
16.206903380895447,13,1.0,-5224
16.209186644707025,11,2.0,7300
16.20957136729783,7,5.0,6979
16.21010980137892,5,1.0,0
16.210426789024833,5,1.0,0
16.210686966353865,13,3.0,-4929
16.211018869191633,8,1.0,6178
16.21259383250536,15,4.0,-2487
16.213445646991445,13,3.0,-5130
16.213691066562372,13,3.0,-4726
16.215063552353445,14,1.0,-4900
16.215063552353445,17,1.0,-4900
16.215773381679476,5,1.0,0
16.215993008471436,13,1.0,-4894
16.215993008471436,17,1.0,-4894
16.21623848351458,13,1.0,-4792
16.21632697677705,14,5.0,-5081
16.217637815027103,5,2.0,0
16.219038137054184,14,5.0,-4759
16.219272495683953,17,4.0,-42
16.21949320593138,14,1.0,-5055
16.21949320593138,17,1.0,-5055
16.220700070809468,10,7.0,7307
16.220838844362067,5,4.0,0
16.221108563333694,14,5.0,-5225
16.221711607327766,14,2.0,-4999
16.221862204400914,13,1.0,-4780
16.22235046387402,7,3.0,6809
16.22261774271514,7,5.0,7314
16.223087806373726,5,3.0,0
16.223324177708395,5,3.0,0
16.223408008038557,5,2.0,0
16.22401102537054,6,2.0,7395
16.22423602535663,13,3.0,-4783
16.224955741177894,13,2.0,-4866
16.224955741177894,17,2.0,-4866
16.225156442733457,7,7.0,7180
16.225156442733457,16,7.0,7180
16.225262999802002,1,2.0,7444
16.22630884118849,14,2.0,-5161
16.227239310556257,14,5.0,-4939
16.22731002572713,13,4.0,-5061
16.227329641866056,14,7.0,-4716
16.227329641866056,17,7.0,-4716
16.22794132938817,7,30.0,7202
16.228401486147433,6,8.0,7272
16.22863880032724,5,1.0,0
16.230230492358864,13,7.0,-5128
16.230230492358864,17,7.0,-5128
16.23030470246809,17,6.0,-336
16.23161887200898,2,4.0,7445
16.235353116618978,13,1.0,-4757
16.23540706107761,5,2.0,0
16.235983754890242,1,1.0,7446
16.236579927392704,16,3.0,694
16.23744652224744,16,56.0,2880
16.237506987005165,5,1.0,0
16.238391315579175,13,6.0,-4721
16.238963827298242,13,1.0,-4801
16.238963827298242,17,1.0,-4801
16.241205893542315,9,4.0,5161
16.241237410955257,17,10.0,-1280
16.24132681242421,15,4.0,-2385
16.24132910035295,14,1.0,-5110
16.24132910035295,17,1.0,-5110
16.24231306829634,14,1.0,-4910
16.242608301717205,13,1.0,-5078
16.242661647182548,13,9.0,-5092
16.242745965567,1,10.0,7447
16.243569248572797,6,5.0,6152
16.244993974948432,8,3.0,7246
16.245593793949105,9,3.0,7163
16.245837349517842,17,2.0,-1491
16.245972130386654,5,15.0,0
16.24704067326083,17,4.0,-4443
16.247341794720267,13,1.0,-4737
16.249118526312863,13,1.0,-4873
16.24945492914941,16,1.0,1029
16.25000361029209,6,1.0,7446
16.25013319318728,6,26.0,5679
16.25075071674616,5,2.0,0
16.251491783236027,13,1.0,-4946
16.252096303704054,7,3.0,5901
16.253116085506875,9,5.0,6065
16.253466232212297,17,18.0,-2753
16.253952951856242,16,15.0,2619
16.254965927510202,14,59.0,-4720
16.25635335427972,13,2.0,-5004
16.256710979605902,13,1.0,-5080
16.256864636899753,16,12.0,2743
16.257239882803688,7,4.0,6996
16.257500022345752,15,22.0,-2806
16.25827230459398,9,1.0,6178
16.25831744326309,17,1.0,-417
16.259061186922608,5,20.0,0
16.259172670344118,7,5.0,7281
16.259172670344118,16,5.0,7281
16.25940559853436,17,2.0,-316
16.260756405565054,6,4.0,7427
16.260899080789155,7,2.0,7226
16.260996280961812,6,1.0,7429
16.261040545553747,14,1.0,-4724
16.26143007485866,13,2.0,-4867
16.261578289508158,11,3.0,7218
16.26198536279557,13,2.0,-4940
16.262083215879784,17,1.0,-399
16.262887011640395,17,1.0,-898
16.264038739992813,13,1.0,-5072
16.26448762914606,6,60.0,7434
16.265222943963774,16,1.0,6878
16.26614043538963,5,3.0,0
16.26649600622479,13,1.0,-4943
16.266596930088323,17,3.0,-754
16.26666061772809,13,1.0,-4869
16.26668223678291,13,4.0,-5178
16.26668223678291,17,4.0,-5178
16.267202874038286,14,6.0,-4781
16.26722328013146,1,1.0,7448
16.269974419653618,14,10.0,-4743
16.271809665428844,15,3.0,-2469
16.271899019461742,12,6.0,7278
16.272155693399068,5,1.0,0
16.27266571747285,5,1.0,0
16.27303020437216,5,1.0,0
16.273723782365234,5,3.0,0
16.274010671811823,7,2.0,6688
16.276324008936335,1,10.0,7449
16.276414215779916,6,2.0,7416
16.276737075370384,5,7.0,0
16.277755555142186,7,1.0,7071
16.278357009100255,13,2.0,-5048
16.278357009100255,17,2.0,-5048
16.278999450318725,5,54.0,0
16.279556921501595,14,2.0,-4965
16.27963783559534,9,5.0,7036
16.27963783559534,16,5.0,7036
16.28029352509413,13,1.0,-4944
16.28029352509413,17,1.0,-4944
16.281771704015497,13,6.0,-5033
16.28319116961942,13,8.0,-4930
16.28319116961942,17,8.0,-4930
16.283343093958422,7,6.0,3227
16.28347626758708,7,5.0,6943
16.284141557344793,16,13.0,2427
16.284318364728197,1,1.0,7450
16.284382351076783,13,1.0,-5117
16.284382351076783,17,1.0,-5117
16.28441100484959,13,2.0,-5116
16.28441100484959,17,2.0,-5116
16.28496748643532,5,3.0,0
16.28521146083797,7,9.0,6475
16.285459978402677,13,1.0,-4938
16.285459978402677,17,1.0,-4938
16.28578484034634,13,1.0,-4954
16.287100328358093,17,6.0,-998
16.287674470818082,16,2.0,1724
16.288533028464567,7,6.0,4045
16.288834526606408,16,2.0,170
16.288834866724322,13,6.0,-5126
16.288834866724322,17,6.0,-5126
16.290316999741872,13,2.0,-4748
16.290415792236296,16,5.0,4983
16.290704693126948,6,4.0,7135
16.290951651068358,5,8.0,0
16.29133186303647,10,6.0,7198
16.29133779302433,13,1.0,-4805
16.29195810151057,13,2.0,-5090
16.29229743830754,16,46.0,2600
16.292909747664556,17,14.0,-2680
16.293665075993257,13,2.0,-4735
16.295941146255856,7,16.0,7224
16.296371576000663,13,2.0,-5094
16.296960202145723,13,60.0,-5137
16.296960202145723,17,60.0,-5137
16.297721431559438,5,8.0,0
16.29820145763962,7,12.0,7177
16.29865742659795,13,2.0,-4985
16.299849554056113,13,2.0,-5145
16.300409401865338,13,2.0,-4856
16.300777013030103,5,4.0,0
16.300821916928918,14,5.0,-4828
16.300821916928918,17,5.0,-4828
16.301000685714442,5,3.0,0
16.30225846866388,14,8.0,-5173
16.303495143618587,14,1.0,-4738
16.303495143618587,17,1.0,-4738
16.30393070920335,15,1.0,-2228
16.307706112766056,5,2.0,0
16.30925163691274,13,2.0,-5200
16.309348709873554,5,6.0,0
16.310477069147584,9,1.0,6306
16.310749359334356,9,1.0,6423
16.31264937478776,5,2.0,0
16.312893818238887,17,3.0,-3310
16.31306136389636,8,2.0,7340
16.31456581105548,14,10.0,-4854
16.315122866421607,13,2.0,-4964
16.315181245820202,3,4.0,7451
16.316161244943068,1,1.0,7452
16.317324260993303,6,3.0,6593
16.318558022066963,5,2.0,0
16.318595903033863,11,1.0,7066
16.31943874939476,17,3.0,-1691
16.319442507744817,13,6.0,-5230
16.320104218484175,6,2.0,7444
16.322506020718475,5,8.0,0
16.32257485734396,5,3.0,0
16.32294950203839,17,8.0,-482
16.32295170701247,5,2.0,0
16.323206108079912,13,1.0,-5002
16.324071933139866,13,49.0,-4861
16.32470818393966,14,1.0,-5069
16.324946464770974,14,1.0,-5213
16.32512155562861,5,4.0,0
16.32534697087774,7,1.0,6590
16.325767034241853,5,5.0,0
16.32710097430593,17,2.0,-3276
16.3286350588687,17,6.0,-3786
16.3301944033674,6,10.0,7365
16.330204063022272,5,2.0,0
16.33026866721226,14,1.0,-4822
16.33026866721226,17,1.0,-4822
16.33049180368844,13,3.0,-5003
16.33113708486791,7,3.0,7167
16.332532214918302,5,3.0,0
16.33327603767103,5,1.0,0
16.33458768818575,6,5.0,7378
16.334651825557742,7,18.0,7149
16.334731273376704,14,4.0,-5190
16.335095755562094,5,4.0,0
16.3362922759552,7,1.0,7005
16.33661486507647,1,2.0,7453
16.336644133211994,7,5.0,5719
16.337026122249945,5,1.0,0
16.338143791284544,13,3.0,-5155
16.338143791284544,17,3.0,-5155
16.338472864624983,13,6.0,-4993
16.338514175204978,5,1.0,0
16.340221860788045,9,2.0,6950
16.34050411002488,17,1.0,-1999
16.34074799314618,17,47.0,-3366
16.3411042332215,5,3.0,0
16.3413321343484,14,7.0,-4836
16.342704432044464,15,2.0,-2336
16.34274196927424,11,13.0,7076
16.346159452354698,7,3.0,7211
16.346285731867024,13,2.0,-5134
16.346432453202848,5,1.0,0
16.34672405915264,13,4.0,-5122
16.34672405915264,17,4.0,-5122
16.34699991495117,17,1.0,-1702
16.34704812457491,17,4.0,-2774
16.34773307351569,13,2.0,-4878
16.34781120099733,5,1.0,0
16.34816874233878,14,5.0,-4826
16.348329331272428,7,15.0,7085
16.348887045016706,6,1.0,7452
16.349725988849585,16,13.0,1965
16.34996293751986,15,1.0,-3036
16.35015397284157,13,2.0,-5192
16.35159330956911,13,1.0,-4809
16.351725713726193,15,1.0,-2361
16.352400409959216,17,2.0,-1753
16.354433285942818,13,1.0,-5035
16.354433285942818,17,1.0,-5035
16.35571082939869,5,1.0,0
16.355779137092618,9,8.0,7073
16.357211770264517,15,1.0,-2162
16.358556899716973,5,2.0,0
16.35883061527844,14,1.0,-5210
16.359205437151736,13,1.0,-4911
16.359205437151736,17,1.0,-4911
16.359499576090304,13,2.0,-4829
16.359499576090304,17,2.0,-4829
16.360878929690728,5,1.0,0
16.361450406287467,15,1.0,-3048
16.36312026081109,17,4.0,-4304
16.36348081430461,7,2.0,7010
16.364232436383798,16,25.0,1726
16.3649322734687,6,3.0,7430
16.364935319873855,5,2.0,0
16.365206710287495,14,1.0,-5058
16.366111723220612,6,1.0,7305
16.36639238901124,13,1.0,-5034
16.367659379781156,13,2.0,-4921
16.367858783278837,15,1.0,-2985
16.36869837373078,13,1.0,-4877
16.36918367144466,14,44.0,-5201
16.369875939418602,17,14.0,-4712
16.37031918406713,5,1.0,0
16.370773255952823,5,3.0,0
16.371809467221432,13,1.0,-4879
16.372746638019393,1,8.0,7454
16.373023439169735,13,1.0,-4892
16.373023439169735,17,1.0,-4892
16.374110002062203,5,1.0,0
16.37530822529678,5,2.0,0
16.376197048444848,14,2.0,-4717
16.376483631627806,14,1.0,-5012
16.376683105709542,5,1.0,0
16.37729861463663,13,5.0,-5103
16.37729861463663,17,5.0,-5103
16.377563325292172,7,1.0,7369
16.377800315782377,8,6.0,7253
16.377957454626753,14,6.0,-4761
16.378147609180772,17,35.0,-1045
16.378375860487186,5,1.0,0
16.37956920370458,9,9.0,7082
16.380825723328975,9,6.0,6788
16.38207347761788,13,2.0,-4947
16.38207347761788,17,2.0,-4947
16.384137450038022,13,8.0,-4978
16.384351322524992,17,1.0,-298
16.385704971005783,17,1.0,-2792
16.38655911387273,13,1.0,-4859
16.38803653908092,13,2.0,-5046
16.388195662483216,5,3.0,0
16.388788564575602,15,1.0,-2180
16.38931218283394,17,2.0,-2486
16.38954273421436,13,4.0,-4994
16.38954273421436,17,4.0,-4994
16.390414152166265,13,2.0,-5044
16.39081027088813,17,2.0,-721
16.39124057492536,7,45.0,7316
16.39162236479175,14,1.0,-4825
16.39301159433974,14,2.0,-4756
16.39450915971093,17,7.0,-1510
16.394884299781925,5,4.0,0
16.39489483000904,14,1.0,-4814
16.396418483368688,14,3.0,-4793
16.397251209751722,13,1.0,-4843
16.399739272106515,4,13.0,7455
16.40033818693516,9,2.0,6637
16.400982596918766,5,2.0,0
16.40100529994355,13,7.0,-5027
16.40100529994355,17,7.0,-5027
16.40211190814031,7,1.0,7262
16.402233006758273,16,1.0,2446
16.40375620413048,10,13.0,7455
16.40381831798102,1,3.0,7456
16.405151297314134,5,9.0,0
16.40593399904976,8,1.0,7059
16.40651252454644,13,5.0,-4896
16.40651252454644,17,5.0,-4896
16.40821666895191,13,2.0,-4991
16.41140056580219,7,6.0,6490
16.411828892478066,6,6.0,7324
16.4118891546401,1,7.0,7457
16.411918334506137,13,3.0,-5037
16.411918334506137,17,3.0,-5037
16.414542955264995,5,3.0,0
16.415004465317203,14,7.0,-4868
16.41531935396993,9,2.0,7340
16.415425248334024,9,3.0,7362
16.41603870427585,7,13.0,6348
16.416187033354788,17,3.0,-2495
16.41755524284004,13,4.0,-4969
16.418010812129783,13,1.0,-5010
16.418273512984918,5,1.0,0
16.418318995167464,14,15.0,-5125
16.418318995167464,17,15.0,-5125
16.41832899729812,14,3.0,-4741
16.418739356519023,5,2.0,0
16.418856994344868,14,2.0,-5102
16.418856994344868,17,2.0,-5102
16.419835960111264,14,3.0,-5187
16.420376844126544,7,2.0,6631
16.420399722508048,14,3.0,-5091
16.420399722508048,17,3.0,-5091
16.420527254750766,1,4.0,7458
16.420905218157056,13,3.0,-5206
16.421000270287358,13,2.0,-4830
16.425197857458933,5,1.0,0
16.425934464209362,6,3.0,7209
16.426061474657,17,2.0,-1653
16.42710794257658,6,1.0,7450
16.427661831074573,13,1.0,-4813
16.42801586060517,13,2.0,-4957
16.428133456225204,7,11.0,7123
16.42935921058352,6,2.0,7437
16.430480045067398,14,19.0,-4963
16.43127549020705,13,5.0,-4945
16.431403950996547,9,2.0,4427
16.43156892799979,13,2.0,-4777
16.431954148408128,17,2.0,-3208
16.43265598217043,5,3.0,0
16.432966028934487,7,6.0,6503
16.43333302644681,5,5.0,0
16.433991465555312,14,1.0,-4815
16.434000378619675,1,2.0,7459
16.43469482629757,9,2.0,4530
16.434742086627402,7,6.0,7178
16.435181919040517,13,5.0,-4776
16.435596118354233,5,1.0,0
16.436000239440926,6,9.0,7419
16.438911197507018,7,1.0,6949
16.43933664040524,13,1.0,-5196
16.4398033229362,7,2.0,7147
16.4401624227771,5,7.0,0
16.440517446837084,17,1.0,-2619
16.44110201602512,9,1.0,6981
16.441920365593017,7,8.0,6114
16.444318024829343,14,8.0,-5006
16.445249039651006,7,2.0,6676
16.44533520568647,5,2.0,0
16.445624116767583,5,5.0,0
16.44589109275132,13,1.0,-4823
16.446240410620213,1,7.0,7460
16.44662422928222,7,13.0,5657
16.44789936686204,7,3.0,7234
16.448874611532673,17,3.0,-871
16.44940345565181,16,45.0,223
16.45057224346934,5,2.0,0
16.45084514568906,5,5.0,0
16.454227068879653,7,1.0,6780
16.455578110480054,6,2.0,7301
16.455607837170174,5,2.0,0
16.455856778232075,13,1.0,-5229
16.457299033117987,11,4.0,7268
16.45748041253245,17,3.0,-1071
16.45862943489108,17,1.0,-1474
16.45908325025956,13,2.0,-5040
16.45908325025956,17,2.0,-5040
16.45932387689875,7,2.0,7046
16.46250637587087,13,4.0,-4852
16.462592980861306,14,3.0,-5051
16.464534593254314,5,2.0,0
16.465040883117727,8,5.0,7358
16.46510977356961,17,6.0,-2295
16.465152675563363,17,3.0,-2436
16.465754193168504,5,16.0,0
16.466230479428646,17,2.0,-583
16.466347640955114,13,3.0,-4871
16.466431609577683,17,1.0,-2477
16.467188906839667,14,5.0,-5232
16.468209668416037,13,1.0,-4739
16.468294448459883,5,1.0,0
16.468714491677726,17,14.0,-1037
16.47029228187163,13,7.0,-4752
16.47037071683068,5,1.0,0
16.471293869806203,17,1.0,-4372
16.472197999964447,13,1.0,-4960
16.472197999964447,17,1.0,-4960
16.473177469084945,7,10.0,3159
16.47351208568694,5,1.0,0
16.47398986215468,16,57.0,2428
16.47595069542204,5,4.0,0
16.476444844702858,13,1.0,-5100
16.4768549231743,5,8.0,0
16.47875466584436,13,31.0,-4951
16.479991366152113,17,1.0,-3878
16.48038129782203,7,3.0,7190
16.48156455837998,13,2.0,-4914
16.482219582008355,11,4.0,7072
16.482432690321854,9,3.0,7206
16.482453651979327,17,1.0,-3993
16.48423594905029,13,16.0,-5188
16.48423594905029,17,16.0,-5188
16.485831948151592,14,4.0,-5011
16.486121813068895,14,11.0,-5171
16.486121813068895,17,11.0,-5171
16.487640665111737,5,2.0,0
16.488273096104734,13,3.0,-4733
16.488273096104734,17,3.0,-4733
16.493906804240464,13,1.0,-4745
16.496728166267808,7,6.0,6672
16.497169977950037,6,1.0,7440
16.497242352732584,13,1.0,-5114
16.497242352732584,17,1.0,-5114
16.49807492736416,17,8.0,-2492
16.50028143254381,14,17.0,-4794
16.50096363360412,5,6.0,0
16.501623389378725,17,4.0,-3216
16.5020864287851,13,3.0,-5223
16.5020864287851,17,3.0,-5223
16.502218021760417,17,4.0,-2935
16.502241322750116,7,4.0,7315
16.502592563541036,16,57.0,1558
16.502675579716996,5,1.0,0
16.502679171057995,13,1.0,-5164
16.503106085695045,7,1.0,7322
16.50442554609231,17,1.0,-3449
16.50489778662676,13,1.0,-5047
16.50500335539053,16,3.0,5111
16.505725821380118,15,5.0,-3062
16.505966339416037,5,2.0,0
16.507594932718014,17,2.0,-1340
16.508483826512194,17,15.0,-333
16.508770446109015,7,3.0,7308
16.50993529157963,7,6.0,3830
16.510987946365447,17,2.0,-4472
16.511026298544955,5,1.0,0
16.51390008704986,8,1.0,6810
16.517185459802263,15,3.0,-2522
16.51748290646947,13,24.0,-5149
16.51748290646947,17,24.0,-5149
16.51784406846157,17,2.0,-1731
16.518180223254685,14,4.0,-4841
16.518445986927286,13,1.0,-5000
16.51853926706196,15,3.0,-2644
16.519225873815945,5,1.0,0
16.519289837088294,13,2.0,-5098
16.519289837088294,17,2.0,-5098
16.520045158529403,13,2.0,-5141
16.52067652720098,13,4.0,-4987
16.521549483930176,13,2.0,-5154
16.523990378933686,17,3.0,-2001
16.52407402574863,9,3.0,6972
16.525769091598153,14,9.0,-4916
16.525769091598153,17,9.0,-4916
16.526921931102304,8,4.0,7135
16.528387372283735,13,2.0,-5197
16.528659367326227,14,1.0,-5016
16.528659367326227,17,1.0,-5016
16.530136347441616,17,1.0,-4441
16.53031325844707,13,1.0,-4897
16.53031325844707,17,1.0,-4897
16.531348204613398,6,7.0,7457
16.531488107168386,7,3.0,7220
16.53228448298774,8,3.0,7003
16.53249027080278,14,9.0,-5056
16.532897865220217,14,2.0,-5065
16.534229103660525,14,5.0,-4941
16.534229103660525,17,5.0,-4941
16.535030583936823,17,1.0,-3220
16.535284556163255,5,5.0,0
16.535527717587915,13,2.0,-4790
16.536740753003542,1,1.0,7461
16.53750255155586,13,1.0,-5087
16.53750255155586,17,1.0,-5087
16.53818688612874,14,1.0,-4727
16.53897558315565,14,4.0,-4926
16.540077966565473,5,5.0,0
16.541179557032027,7,2.0,7336
16.541683543132862,17,1.0,-2708
16.54189631422177,13,2.0,-4992
16.54189631422177,17,2.0,-4992
16.54284429364621,17,2.0,-3116
16.543028373237075,13,2.0,-5031
16.543902553862754,6,3.0,7166
16.543978693095145,5,2.0,0
16.54415657104811,10,10.0,7377
16.544700406550753,7,1.0,6928
16.545138761307253,13,2.0,-5106
16.546468386952583,17,1.0,-3933
16.546587082951525,7,1.0,6764
16.547033859661607,13,2.0,-5001
16.547033859661607,17,2.0,-5001
16.5472389688142,5,4.0,0
16.547329225553113,13,2.0,-5107
16.54797934162725,13,1.0,-4915
16.548062416722573,13,8.0,-5217
16.548879556344037,16,56.0,1810
16.54902714389842,17,1.0,-4629
16.551037403724937,5,1.0,0
16.551504325259078,13,1.0,-5183
16.551504325259078,17,1.0,-5183
16.551833633649288,17,2.0,-2821
16.552805692168626,13,2.0,-4786
16.552938810151016,16,8.0,5079
16.553023177716756,13,3.0,-4925
16.553119290439437,5,1.0,0
16.553438633828797,15,1.0,-2329
16.554152888667982,5,1.0,0
16.554287425498977,11,53.0,7341
16.557328880186283,5,7.0,0
16.557944843560264,3,8.0,7462
16.558631616930136,7,6.0,7084
16.558631616930136,16,6.0,7084
16.5592994258744,5,3.0,0
16.559726196520565,13,1.0,-5151
16.559945446291763,13,1.0,-5195
16.560605959708468,14,2.0,-5166
16.56217259581643,13,4.0,-5032
16.56217259581643,17,4.0,-5032
16.56236678632033,14,8.0,-5169
16.56236678632033,17,8.0,-5169
16.564770141004878,13,1.0,-4980
16.564966875141803,6,3.0,7441
16.565854022020893,17,2.0,-1809
16.56694598304982,14,2.0,-4881
16.568624134896154,13,1.0,-5057
16.568624134896154,17,1.0,-5057
16.57130166334075,5,2.0,0
16.571555678123985,6,1.0,7382
16.571653638261594,5,1.0,0
16.57188558631697,13,2.0,-4835
16.57188558631697,17,2.0,-4835
16.57243251966301,5,13.0,0
16.572539784814772,13,5.0,-5014
16.57407096495589,14,3.0,-5066
16.576041137787143,13,2.0,-5136
16.57657908921316,13,1.0,-5221
16.57657908921316,17,1.0,-5221
16.577044489162716,5,4.0,0
16.577128791773237,14,12.0,-4932
16.577520938442877,1,2.0,7463
16.577526448537135,1,2.0,7464
16.57753081631897,13,1.0,-5108
16.577638251849546,17,3.0,-3892
16.578865982732065,7,3.0,7296
16.57930919442973,7,5.0,7345
16.579787517264798,5,3.0,0
16.580189394796662,13,1.0,-4961
16.580189394796662,17,1.0,-4961
16.58141388743396,13,1.0,-4819
16.58141388743396,17,1.0,-4819
16.5832205865478,1,4.0,7465
16.584912949743767,16,9.0,3559
16.585532176977164,5,22.0,0
16.585629394079277,13,1.0,-5162
16.58575450931915,14,2.0,-5185
16.58575450931915,17,2.0,-5185
16.585796444751438,7,2.0,7175
16.586867383246123,17,3.0,-1128
16.587214817649794,7,6.0,7243
16.589523121654583,9,1.0,5387
16.590630240399754,14,4.0,-5045
16.590630240399754,17,4.0,-5045
16.590936454391723,13,1.0,-5118
16.590936454391723,17,1.0,-5118
16.591837146750482,17,1.0,-4019
16.592107104268173,17,1.0,-1629
16.5968097568584,17,2.0,-2692
16.59793058181248,13,1.0,-5181
16.5984934664132,13,1.0,-4851
16.5984934664132,17,1.0,-4851
16.59889674184218,5,3.0,0
16.601088046285597,6,4.0,7417
16.602404517562707,5,11.0,0
16.603356644404602,5,1.0,0
16.603382185985705,17,5.0,-534
16.603390437189365,13,1.0,-4722
16.604253259310415,6,9.0,7423
16.604722137609937,5,3.0,0
16.605899049634157,17,2.0,-2951
16.607242244246518,16,47.0,2391
16.607521661171454,14,1.0,-4763
16.608478000056692,17,1.0,-2282
16.60878492612946,8,1.0,7349
16.609876000449376,5,10.0,0
16.61091742799994,13,2.0,-5023
16.611433880077925,15,2.0,-2707
16.612539047292525,15,2.0,-2787
16.61459979256973,14,9.0,-4715
16.616437070383498,5,6.0,0
16.616959168630267,13,1.0,-4858
16.617139986634715,5,1.0,0
16.618668642008682,13,2.0,-5018
16.618668642008682,17,2.0,-5018
16.61893922618096,9,1.0,6415
16.61904496309176,5,4.0,0
16.619656685966785,5,1.0,0
16.62043457426475,13,1.0,-4953
16.620576992449077,13,1.0,-4806
16.62350708257105,5,4.0,0
16.623865806694297,13,1.0,-4831
16.623865806694297,17,1.0,-4831
16.624283617451,13,1.0,-5198
16.624283617451,17,1.0,-5198
16.62487002891032,5,4.0,0
16.62569616954156,13,5.0,-5163
16.626509639202723,17,2.0,-4677
16.627449052353555,5,3.0,0
16.62762867125102,14,2.0,-4979
16.627907937147388,7,8.0,6739
16.628163679849013,13,2.0,-5096
16.628703886247237,17,3.0,-1755
16.63098209140309,5,5.0,0
16.632550109877982,17,25.0,-1535
16.632564997637985,17,1.0,-487
16.632992288905157,5,9.0,0
16.633391285942096,14,3.0,-4865
16.633470435395306,11,4.0,7040
16.634273428242757,17,1.0,-2852
16.634295750173177,5,2.0,0
16.63470433991679,5,3.0,0
16.635064397679567,16,4.0,5527
16.63751782991384,1,7.0,7466
16.638313989986706,16,31.0,2520
16.638599649061817,14,7.0,-4968
16.641240386967898,13,2.0,-5083
16.641240386967898,17,2.0,-5083
16.641917486716583,5,8.0,0
16.64294376446469,14,5.0,-4788
16.643927616306964,6,5.0,7392
16.64508248073136,5,4.0,0
16.64784365161542,5,31.0,0
16.64885077594773,14,4.0,-5199
16.64885077594773,17,4.0,-5199
16.649348904366754,17,4.0,-1897
16.651082605476137,6,3.0,7406
16.651794511292465,5,1.0,0
16.652795921760806,14,1.0,-5167
16.655166441153675,13,2.0,-4772
16.656724326314407,13,1.0,-4855
16.657398643678132,5,2.0,0
16.6575360689936,15,2.0,-3001
16.65842246018399,11,8.0,7265
16.66041885675802,6,16.0,7418
16.66052607412063,14,3.0,-4888
16.661173450138623,14,3.0,-5039
16.661553367638437,13,1.0,-4970
16.662224747956476,16,43.0,2901
16.66233113205591,5,4.0,0
16.662847827653966,5,2.0,0
16.663473378374796,16,5.0,748
16.663806692235713,6,8.0,7454
16.663890147076245,5,1.0,0
16.664469715134157,5,1.0,0
16.66449859507327,17,13.0,-2427
16.664988746894814,9,4.0,6935
16.665175534244657,16,7.0,2251
16.66721294457235,14,7.0,-5222
16.66757153251789,15,3.0,-2847
16.668198533778707,13,1.0,-5139
16.668711881999442,16,5.0,4337
16.66876777464089,9,1.0,6810
16.66903658500561,13,2.0,-4751
16.669090584848473,14,1.0,-4998
16.66921533171343,14,1.0,-4767
16.669409521579833,1,11.0,7467
16.66991059547514,14,4.0,-4818
16.66991059547514,17,4.0,-4818
16.671216620632542,8,2.0,7380
16.671494166163928,14,5.0,-5208
16.671730961254564,13,3.0,-4996
16.671730961254564,17,3.0,-4996
16.67216224211673,13,1.0,-5105
16.672979111795023,7,3.0,7242
16.673438321919438,16,12.0,5158
16.674882095350625,5,1.0,0
16.675365296992343,5,1.0,0
16.675940346032558,8,3.0,7441
16.67602581447227,14,3.0,-5148
16.67692580897965,13,4.0,-4891
16.67790249859463,14,8.0,-4784
16.67882278305435,15,4.0,-2968
16.678943740733665,5,25.0,0
16.67952082901235,13,2.0,-5143
16.680237940847643,5,6.0,0
16.68089233993884,16,14.0,3719
16.681518878292636,7,5.0,6974
16.681959151797436,7,5.0,7132
16.682557968925696,5,1.0,0
16.68732738170487,5,3.0,0
16.688382237152666,14,2.0,-4746
16.688467459188804,13,1.0,-4974
16.68927842113457,13,4.0,-5174
16.691852901190668,17,1.0,-2769
16.692782583928224,5,10.0,0
16.692838588609472,13,3.0,-4811
16.693487191053784,5,30.0,0
16.693521556417164,6,5.0,7401
16.693842325916155,13,2.0,-5029
16.69395085705762,14,1.0,-4928
16.694014205627894,17,1.0,-2672
16.694707270855837,17,1.0,-3848
16.695626989708252,6,9.0,7436
16.69648054642271,10,1.0,7332
16.696622774564986,17,6.0,-3665
16.69749837059465,13,3.0,-5053
16.697626544245026,13,1.0,-5215
16.697695482870337,17,1.0,-4057
16.697724470229687,13,2.0,-5060
16.69780028069383,9,2.0,7405
16.698330039689726,5,7.0,0
16.698634525534242,13,1.0,-4787
16.699429861330557,1,1.0,7468
16.700162674714335,10,39.0,7439
16.700183294638947,16,8.0,6855
16.70128695307145,17,7.0,-4115
16.701604690237,17,2.0,-1578
16.70171648101926,17,2.0,-4435
16.702781076045202,13,2.0,-4785
16.702781076045202,17,2.0,-4785
16.704466377262655,17,7.0,-4571
16.704889384114605,8,7.0,7155
16.70600107294534,6,7.0,7460
16.706287070834627,17,1.0,-4593
16.70754888524891,5,5.0,0
16.70764247142307,17,2.0,-4645
16.70775766317468,15,1.0,-2941
16.708473549119233,17,1.0,-1574
16.708722463161905,17,1.0,-1436
16.709614712093305,13,2.0,-4902
16.709614712093305,17,2.0,-4902
16.709719214466926,7,1.0,6980
16.71092805737947,14,3.0,-4770
16.712042542660942,13,1.0,-5144
16.713634455915653,7,2.0,6426
16.715118717721868,5,3.0,0
16.715354218225492,16,46.0,973
16.715676306942814,9,11.0,5852
16.716403818717524,16,3.0,4832
16.717137514783467,17,2.0,-1674
16.718653298716,13,1.0,-5085
16.721058681497954,5,3.0,0
16.72139383148562,13,7.0,-5227
16.722275437596675,13,12.0,-5156
16.722416948419035,14,3.0,-4774
16.722518561463374,14,6.0,-5138
16.724981988099053,5,2.0,0
16.72621760340281,5,7.0,0
16.726287461221247,17,2.0,-3932
16.727234221619764,6,7.0,7408
16.727546677298154,6,2.0,7453
16.72771663761261,9,10.0,7068
16.73008945622609,11,23.0,7235
16.73169787726486,16,5.0,4611
16.73173347341671,13,1.0,-4755
16.732049797184924,13,2.0,-4887
16.732879836677974,13,1.0,-4747
16.732879836677974,17,1.0,-4747
16.73329410469563,16,6.0,1308
16.7337789485411,5,5.0,0
16.73499479586838,13,6.0,-5158
16.735045183972147,17,1.0,-3290
16.736165173902403,7,2.0,7154
16.73764529359014,7,11.0,7232
16.73783186958957,13,9.0,-5041
16.73791352800952,7,31.0,7079
16.739097827966937,15,1.0,-2200
16.739227702941108,5,6.0,0
16.739748942458142,13,13.0,-5050
16.739916182688226,7,4.0,4263
16.7401107374033,7,3.0,6681
16.74049569235808,17,4.0,-634
16.740985039345084,5,3.0,0
16.741181629582474,17,1.0,-2836
16.742131993568222,9,2.0,7185
16.74274588914703,13,47.0,-5179
16.744201280662644,8,1.0,7245
16.74499564405009,14,5.0,-4719
16.745125988555365,13,2.0,-5064
16.74608897406099,13,1.0,-4840
16.746264825415565,13,2.0,-4976
16.74906412571228,14,5.0,-4799
16.75040273319846,14,5.0,-4904
16.751292488675965,15,1.0,-2600
16.752212147550843,13,4.0,-5165
16.75322966820515,7,3.0,7325
16.753565056803453,17,1.0,-2807
16.753827984412947,13,2.0,-4714
16.754049034131082,7,2.0,7338
16.754975662035957,13,6.0,-5084
16.755402782809718,7,3.0,7230
16.7555975347092,15,3.0,-2931
16.756002432194073,5,1.0,0
16.756328630235586,9,6.0,7253
16.75667051013199,13,1.0,-5135
16.757004550180028,7,2.0,7216
16.758430106696913,5,3.0,0
16.758672755835445,5,2.0,0
16.759302046436304,9,4.0,6922
16.75985732569879,10,4.0,7451
16.759935556292124,5,4.0,0
16.761411017861683,5,1.0,0
16.761435069377747,1,1.0,7469
16.76197352816827,17,1.0,-65
16.763568137939906,5,1.0,0
16.764328834484505,5,1.0,0
16.764703091669272,14,11.0,-5214
16.76471807738149,8,9.0,7313
16.76476205983798,13,4.0,-4771
16.765016691238774,17,1.0,-935
16.765106626056813,5,5.0,0
16.765224762447964,113,33.0,-5211
16.766112737909026,16,2.0,3123
16.766618274686408,7,2.0,7416
16.766714089936972,5,2.0,0
16.76755956698413,5,2.0,0
16.768843801859887,13,1.0,-5021
16.768843801859887,17,1.0,-5021
16.7696164747668,9,8.0,6687
16.76980840356652,13,5.0,-5074
16.7704804335684,14,12.0,-5079
16.770741046014916,13,5.0,-5005
16.77263404197622,14,2.0,-5104
16.774629188401704,14,2.0,-5228
16.775494968679062,15,2.0,-2656
16.77635015546395,7,1.0,7381
16.77706457210973,7,3.0,7274
16.778301879055746,17,2.0,-2136
16.778956003714107,13,1.0,-4982
16.77908066397549,14,11.0,-4769
16.779212281964906,6,7.0,7415
16.779297543709866,7,3.0,7371
16.779323835404778,14,7.0,-4782
16.779323835404778,17,7.0,-4782
16.780243263003612,15,1.0,-2298
16.780598638599834,14,2.0,-4874
16.780598638599834,17,2.0,-4874
16.780880627391056,5,1.0,0
16.782817363203836,6,4.0,7411
16.78313158230676,14,4.0,-4936
16.78367722134536,15,2.0,-3099
16.78371134238806,15,1.0,-2585
16.78414750774612,7,5.0,6713
16.78474997109556,14,8.0,-4803
16.784939095582143,5,4.0,0
16.785005067056904,5,3.0,0
16.785022495584137,5,1.0,0
16.78528246700709,5,2.0,0
16.787052056093383,16,59.0,1007
16.78725400405004,17,1.0,-1170
16.78778160732521,7,2.0,5921
16.78798250471254,14,1.0,-5038
16.788320867598333,7,9.0,6873
16.78903988204256,8,2.0,7312
16.7891712250413,13,2.0,-5205
16.78931639574545,13,4.0,-4734
16.78931639574545,17,4.0,-4734
16.79034540614778,5,2.0,0
16.79059841818067,5,1.0,0
16.79099527549312,16,16.0,2302
16.79109649047546,5,4.0,0
16.791162318504522,13,4.0,-5150
16.791649110395554,13,5.0,-4853
16.7921641363273,6,6.0,6987
16.79286896481913,14,4.0,-5101
16.79452830601456,7,6.0,7062
16.794963183533227,7,1.0,7293
16.795128924951303,5,1.0,0
16.795638343299338,14,2.0,-4906
16.798528450096285,14,6.0,-4750
16.799606343092886,5,5.0,0
16.79982565445415,14,54.0,-5052
16.80118689162074,14,2.0,-4795
16.802131111554232,5,4.0,0
16.80364807733303,13,3.0,-5043
16.80364807733303,17,3.0,-5043
16.804124572420225,1,8.0,7470
16.80538769507746,13,3.0,-5176
16.805695530376894,7,4.0,6822
16.80665659258268,13,3.0,-5194
16.807020316982374,14,2.0,-4762
16.807020316982374,17,2.0,-4762
16.807444625994272,15,7.0,-2250
16.807577148141473,13,1.0,-4768
16.807898445729364,14,4.0,-4824
16.807898445729364,17,4.0,-4824
16.809025061724945,17,2.0,-2182
16.80906123740373,7,2.0,7150
16.809158735836313,13,2.0,-4983
16.80937680677143,14,7.0,-4847
16.80937680677143,17,7.0,-4847
16.809501628796927,17,1.0,-4683
16.810488673744004,17,1.0,-1823
16.813568835106693,13,7.0,-5168
16.813568835106693,17,7.0,-5168
16.813953320693358,13,1.0,-5120
16.813953320693358,17,1.0,-5120
16.81421347981149,16,55.0,2460
16.814245511600095,5,4.0,0
16.814509214102067,8,16.0,7327
16.814529512175106,14,5.0,-4839
16.814529512175106,17,5.0,-4839
16.815061264893835,14,9.0,-4922
16.81642752008072,13,2.0,-4883
16.816998095581017,14,6.0,-4901
16.816998095581017,17,6.0,-4901
16.817247493602565,5,1.0,0
16.817340020113274,6,1.0,7468
16.817637214227865,7,5.0,7094
16.818470087655964,7,6.0,6700
16.819333917973676,14,1.0,-5219
16.819333917973676,17,1.0,-5219
16.81955280292615,13,12.0,-4844
16.82244614839397,13,5.0,-4821
16.823046726490837,6,3.0,7102
16.823845428065106,13,8.0,-4986
16.82386592307944,5,3.0,0
16.82487777302363,7,3.0,6187
16.825101083712596,14,3.0,-4933
16.826390084272674,13,2.0,-4773
16.827626621252506,17,3.0,-1899
16.827916566240084,9,2.0,6775
16.828535221732487,9,2.0,7255
16.828989133702837,1,3.0,7471
16.829875795112454,5,3.0,0
16.831160952455853,5,2.0,0
16.83139067622017,5,1.0,0
16.833583168552487,5,2.0,0
16.834054450770694,14,11.0,-5017
16.834831889495515,5,1.0,0
16.835917866086728,13,1.0,-4997
16.83751302893386,9,3.0,7233
16.83764419493342,17,1.0,-2461
16.838132409769194,17,2.0,-3874
16.83840065591291,13,1.0,-4812
16.83840065591291,17,1.0,-4812
16.839292143454085,7,2.0,7444
16.839465047502717,13,2.0,-4797
16.839465047502717,17,2.0,-4797
16.839836330729717,7,14.0,7244
16.84091974515369,13,2.0,-4885
16.84139350390234,5,1.0,0
16.841874839466936,17,1.0,-1178
16.842103751594006,5,2.0,0
16.842857055957836,17,1.0,-4292
16.843588265378838,7,5.0,7098
16.843756469334128,7,3.0,6821
16.843789485693087,3,7.0,7472
16.84432340400013,5,2.0,0
16.846353906346806,5,3.0,0
16.846647909989503,13,2.0,-5203
16.848621339332958,17,6.0,-2607
16.848715944880603,11,6.0,7403
16.848882793012084,1,6.0,7473
16.849827137992573,5,3.0,0
16.85144126148989,5,5.0,0
16.851494877089337,14,6.0,-5153
16.851885278756438,5,1.0,0
16.852562852636076,13,1.0,-4886
16.852562852636076,17,1.0,-4886
16.852657108247627,17,2.0,-3350
16.853931089436678,7,3.0,7144
16.8546157495959,5,10.0,0
16.8551676502851,11,35.0,7298
16.856355636423917,13,1.0,-4912
16.856701790612693,5,2.0,0
16.857206451564345,15,7.0,-2958
16.857299340952657,5,4.0,0
16.857388722201147,5,1.0,0
16.85751872380971,5,1.0,0
16.85877911348748,13,8.0,-5172
16.860621981393376,14,8.0,-5115
16.861250418651068,13,2.0,-4754
16.861525778841578,14,2.0,-4740
16.861903222311867,5,9.0,0
16.862151504819742,13,2.0,-4975
16.862221305557604,14,6.0,-4981
16.862221305557604,17,6.0,-4981
16.862249169934035,14,2.0,-5189
16.862812928241752,6,5.0,5670
16.863073870542152,13,5.0,-5202
16.8658503093303,13,4.0,-5049
16.866534935047632,5,6.0,0
16.867809601394338,13,16.0,-4882
16.868654794592196,13,1.0,-4890
16.870151811370064,5,3.0,0
16.871002702401974,6,1.0,7398
16.871371299417966,5,1.0,0
16.87149565849222,8,3.0,7119
16.87177600755048,5,7.0,0
16.872540709898033,17,2.0,-2272
16.873773904951214,13,2.0,-5184
16.87463675362353,7,8.0,7400
16.876054724465952,5,4.0,0
16.87721541063589,14,2.0,-4718
16.87721541063589,17,2.0,-4718
16.87755882208547,17,1.0,-1351
16.878010949788546,6,17.0,6718
16.878592719403734,7,1.0,6997
16.87926544876117,7,2.0,6060
16.881116267065273,5,1.0,0
16.881533053981226,13,3.0,-4804
16.882331885667472,13,2.0,-5132
16.882331885667472,17,2.0,-5132
16.883334126726893,14,2.0,-5204
16.884697947283513,7,8.0,7360
16.88684520972196,5,2.0,0
16.890497420785476,14,1.0,-4923
16.89196514573677,3,56.0,7474
16.894699385420086,15,9.0,-2949
16.89562189325553,6,37.0,6638
16.897769710305845,16,3.0,1259
16.89784544751004,113,50.0,-4749
16.89875899350836,7,2.0,7016
16.899302131345582,14,27.0,-4833
16.90009942716171,5,4.0,0
16.900211912289073,13,1.0,-4808
16.900393840117218,6,1.0,7130
16.901425629761654,5,3.0,0
16.902093892283897,10,20.0,7364
16.904136703929094,7,2.0,7391
16.904816497512616,1,4.0,7475
16.905396193893306,17,3.0,-2952
16.90736772441407,13,2.0,-4931
16.907525373223248,17,4.0,-4556
16.9079589828538,14,5.0,-4956
16.908241945189182,17,6.0,-3846
16.908314948410656,13,1.0,-5030
16.909526553281403,17,3.0,-3985
16.90964816892171,14,3.0,-5088
16.90969316159173,8,6.0,7013
16.909781609928984,113,38.0,-5093
16.909978794039773,5,3.0,0
16.910016545132894,9,2.0,7380
16.91005670387579,17,4.0,-847
16.9107532839825,14,3.0,-4942
16.911759423088803,13,1.0,-4972
16.91211703286215,13,3.0,-4984
16.913642584217506,16,5.0,3201
16.914625316255478,6,5.0,7424
16.915021213666783,17,3.0,-2796
16.915149295555587,6,4.0,7204
16.915439106687586,13,3.0,-4807
16.916371313868027,7,1.0,6730
16.91731747235303,5,12.0,0
16.917523487225232,5,39.0,0
16.918074408220612,5,2.0,0
16.919179254217887,17,2.0,-4657
16.91930484954006,5,1.0,0
16.919875323468567,7,8.0,6336
16.920667668713165,5,5.0,0
16.921384770694615,6,2.0,7459
16.921532311734566,13,2.0,-4817
16.92176027554277,13,3.0,-4728
16.921829975277284,13,1.0,-4971
16.923142065046928,5,4.0,0
16.923153827587058,13,2.0,-4846
16.92397356910632,13,5.0,-4729
16.924080185232917,9,2.0,7213
16.92416356986796,13,4.0,-4919
16.92488093379414,5,6.0,0
16.925161045390727,13,8.0,-5075
16.926057814297778,14,1.0,-5127
16.92701903404594,5,1.0,0
16.927174572002386,13,2.0,-5170
16.928734776390424,17,5.0,-3895
16.929416445054297,5,2.0,0
16.930439467991906,13,1.0,-4899
16.930537121985072,13,2.0,-4967
16.930561669170082,16,2.0,2783
16.932125266553506,15,3.0,-2895
16.93219259389395,5,4.0,0
16.932561571629826,5,4.0,0
16.93291445081483,17,4.0,-4196
16.93369455563056,14,6.0,-5095
16.934951574380428,14,1.0,-4917
16.935630003611205,13,2.0,-5024
16.935630003611205,17,2.0,-5024
16.938225840323465,9,4.0,6167
16.939438691177493,13,1.0,-4860
16.939691257273562,17,12.0,-388
16.939747891566217,5,1.0,0
16.9400230037786,6,1.0,7328
16.940029876660052,9,5.0,6879
16.940601039471627,5,5.0,0
16.941667165800645,6,1.0,7426
16.942143098133176,5,3.0,0
16.942263710935364,16,1.0,667
16.942521248456455,14,2.0,-5028
16.94261440170839,17,2.0,-538
16.942876052860907,1,39.0,7476
16.94360781521197,13,3.0,-5159
16.94363348018654,5,6.0,0
16.943645858478238,11,3.0,7374
16.944561570033137,13,1.0,-5146
16.945252385744336,14,4.0,-5097
16.94555601644713,13,1.0,-4988
16.945889135697346,5,4.0,0
16.946111938664547,14,14.0,-5152
16.946900517177337,13,2.0,-5177
16.946900517177337,17,2.0,-5177
16.94699567976804,13,1.0,-4958
16.950165971602345,7,14.0,6343
16.950183712831397,5,9.0,0
16.95050660009345,14,2.0,-4864
16.951576820618804,7,5.0,7291
16.951828383085054,6,3.0,7413
16.95385620224668,5,3.0,0
16.954537480496413,17,4.0,-1052
16.95493171962437,6,2.0,7431
16.955329060156284,7,1.0,7172
16.955442749790258,7,3.0,7389
16.95578082376241,13,2.0,-4838
16.95691911631858,113,57.0,-5112
16.961448787070104,13,6.0,-4778
16.962418652070454,13,5.0,-4753
16.962543038808697,17,2.0,-3252
16.96296361974991,17,3.0,-3894
16.963679053023665,15,3.0,-2809
16.96399386563799,5,3.0,0
16.964762719629736,1,2.0,7477
16.964807006115308,5,4.0,0
16.964845393536834,16,2.0,4283
16.966373543593182,13,2.0,-4845
16.966950666002287,14,5.0,-5020
16.966950666002287,17,5.0,-5020
16.967867609854988,13,1.0,-5042
16.967867609854988,17,1.0,-5042
16.970933860021983,13,3.0,-4810
16.970933860021983,17,3.0,-4810
16.97122216666483,13,1.0,-4924
16.971347104154972,13,2.0,-4725
16.972119716594808,13,1.0,-4760
16.973463859291613,13,12.0,-4796
16.973646366491433,17,6.0,-3079
16.97372689818579,14,5.0,-4730
16.97434769509704,5,3.0,0
16.974564855554995,13,1.0,-5082
16.97497629164758,13,2.0,-5160
16.9766777129574,15,1.0,-2777
16.976830504820086,7,50.0,7407
16.977544264440862,14,3.0,-5212
16.979278129721955,17,5.0,-1464
16.97999537285765,5,6.0,0
16.98114503257926,7,6.0,7295
16.98150272617066,17,18.0,-2532
16.982004116948843,1,1.0,7478
16.983091251869393,15,2.0,-2212
16.986134529070497,5,1.0,0
16.986302478739404,16,6.0,4784
16.98688243317131,9,9.0,7313
16.9878227386632,13,2.0,-4775
16.98810335379207,13,2.0,-4880
16.98810335379207,17,2.0,-4880
16.988166664500252,7,4.0,7319
16.98990768157335,13,1.0,-4966
16.99014898468926,15,13.0,-2226
16.991021604370605,5,9.0,0
16.992840404362113,5,3.0,0
16.995323632927903,14,1.0,-5157
16.995403967822515,13,6.0,-4870
16.995403967822515,17,6.0,-4870
16.996256639393167,14,4.0,-4948
16.996256639393167,17,4.0,-4948
16.996798821322695,13,1.0,-4765
16.996859516466806,9,3.0,7003
16.997021078769833,13,6.0,-4732
16.997021078769833,17,6.0,-4732
16.99847026659197,13,1.0,-4848
16.99865823001794,14,11.0,-4758
16.999825237585448,7,3.0,7280
17.00044103997194,5,4.0,0
17.001087898148803,1,1.0,7479
17.001269668985707,13,1.0,-5650
17.001931205831244,5,3.0,0
17.002508833683613,15,1.0,-3161
17.002837404147648,5,2.0,0
17.004086181332028,17,1.0,-664
17.005276404602604,14,1.0,-5682
17.009350826585585,5,2.0,0
17.01044489667193,5,2.0,0
17.0113087253016,13,7.0,-5448
17.012198620335433,5,5.0,0
17.013360999795843,6,7.0,7402
17.01370887848612,5,11.0,0
17.014113224615357,5,1.0,0
17.014424085800528,5,5.0,0
17.015246160950987,5,2.0,0
17.01565603855736,13,2.0,-5416
17.01645796887243,18,,0
17.01646798032508,6,6.0,7473
17.01663474455365,101,5.0,7480
17.017638753901224,5,4.0,0
17.01797709930137,13,3.0,-5566
17.018377661219017,5,3.0,0
17.01859248708481,18,,0
17.018836672618228,101,9.0,7481
17.018922608414904,113,33.0,-5477
17.020350037698304,113,37.0,-5729
17.02304850823033,4,14.0,7482
17.02357050198212,5,4.0,0
17.02416850371775,13,2.0,-5446
17.024321176360925,18,,0
17.024544477034834,5,4.0,0
17.024574269152936,101,1.0,7483
17.02486062735275,15,1.0,-3586
17.02779890516645,13,4.0,-5649
17.028212538062967,1,8.0,7484
17.029782863980536,13,1.0,-5374
17.030691899763664,5,7.0,0
17.03156366309661,5,3.0,0
17.03167307689546,15,1.0,-3594
17.03219837856327,13,1.0,-5631
17.032756812403157,13,2.0,-5327
17.033032756692947,16,3.0,1186
17.034524044758037,13,2.0,-5572
17.034542124721312,14,29.0,-5422
17.0345982617988,14,7.0,-5657
17.034779013327633,13,1.0,-5579
17.03521715418035,14,3.0,-5611
17.035726100865677,13,4.0,-5667
17.03573730523415,5,3.0,0
17.03583109875483,5,1.0,0
17.036722118407546,6,2.0,7326
17.037332050473875,14,1.0,-5614
17.038663160864342,7,4.0,6793
17.04007864921651,5,4.0,0
17.04024725634473,14,1.0,-5264
17.041736077559744,9,2.0,3947
17.04184616435841,5,6.0,0
17.042494568493908,13,2.0,-5420
17.04442681984022,6,7.0,6913
17.04565845166585,5,49.0,0
17.04600400816946,5,2.0,0
17.046357648151695,14,2.0,-5668
17.047713732938032,7,1.0,6845
17.048447143929266,5,1.0,0
17.050594150859826,14,29.0,-5486
17.05087152880798,8,1.0,7409
17.051168080740503,5,4.0,0
17.05124517936791,14,4.0,-5469
17.052320260801174,16,2.0,5583
17.0523919361533,5,40.0,0
17.05366477930679,14,2.0,-5323
17.053778728312697,7,9.0,7140
17.056121810517066,9,1.0,7059
17.056762701140393,13,3.0,-5653
17.05742487509663,7,3.0,7276
17.057703299030102,13,1.0,-5658
17.059338244777436,13,1.0,-5460
17.05973196275052,5,4.0,0
17.060190981613246,5,2.0,0
17.06041183550689,6,1.0,7248
17.0609917139443,15,5.0,-3651
17.06206307171741,13,2.0,-5352
17.06230632309755,7,1.0,6607
17.06279591535641,17,4.0,-2193
17.06309817421299,17,4.0,-1400
17.063164337548383,15,58.0,-3548
17.064454030509516,5,3.0,0
17.065569820747008,9,29.0,4350
17.066245591932816,5,1.0,0
17.06630523117489,5,2.0,0
17.066641963224424,13,3.0,-5620
17.067719580575805,13,1.0,-5424
17.067857010046414,14,5.0,-5569
17.06843732362772,13,2.0,-5716
17.070254914158745,14,1.0,-5608
17.070615968151614,16,2.0,3071
17.07214044946608,12,6.0,7198
17.07252517974538,1,6.0,7485
17.072569516437277,16,1.0,4688
17.072851826991762,6,4.0,7252
17.074647408966808,5,1.0,0
17.075077919679096,14,8.0,-5662
17.07581627664089,5,3.0,0
17.07627638817563,8,1.0,7259
17.07717087404059,13,1.0,-5296
17.078189587531753,10,9.0,7394
17.078231134363904,15,17.0,-3346
17.078570888860977,1,2.0,7486
17.08084108311706,14,4.0,-5450
17.081769002564123,15,2.0,-3194
17.082127738924868,5,3.0,0
17.082552012175785,13,10.0,-5578
17.084740833529807,14,3.0,-5570
17.08485793083249,13,1.0,-5656
17.086502066956296,14,2.0,-5325
17.087445981724258,17,6.0,-1928
17.08768864283338,5,2.0,0
17.08833035276831,5,1.0,0
17.088754199904322,13,1.0,-5249
17.091833993908246,5,3.0,0
17.091947102753938,5,1.0,0
17.093600688176775,7,2.0,7376
17.095152029752388,17,1.0,-242
17.097092459498008,5,3.0,0
17.097807923501065,9,1.0,6857
17.099306901053257,6,8.0,7470
17.100132649650778,17,3.0,-2940
17.10139992281266,7,18.0,7384
17.101743560040887,16,2.0,5616
17.102041145223655,13,2.0,-5512
17.105832078037043,5,10.0,0
17.10641117177019,5,1.0,0
17.106771460616592,15,2.0,-3470
17.106924908949118,15,1.0,-3187
17.107979661731406,5,5.0,0
17.10884080663265,17,6.0,-1194
17.10951178835338,13,3.0,-5304
17.110502173003507,13,2.0,-5287
17.11050744886877,13,1.0,-5285
17.111698373239534,9,4.0,6043
17.112153406537335,7,9.0,7423
17.11220983073061,13,6.0,-5479
17.11269284206682,16,51.0,4876
17.114067600202322,13,1.0,-5519
17.11504864274822,113,51.0,-5571
17.11513823938142,14,1.0,-5510
17.117088203047082,5,3.0,0
17.117961575929534,14,2.0,-5753
17.119615590394204,11,4.0,7414
17.120217644590934,14,3.0,-5539
17.121637629246777,17,3.0,-1442
17.12175855735374,6,2.0,7031
17.122510350106555,1,6.0,7487
17.12261788830418,17,3.0,-285
17.122626696260877,14,7.0,-5615
17.12297368522418,1,2.0,7488
17.123105982374476,5,7.0,0
17.12415001424261,13,1.0,-5496
17.124514398366514,16,17.0,1767
17.124895628799464,113,34.0,-5627
17.125406722078502,13,1.0,-5721
17.125621661688438,8,1.0,7483
17.126329490530857,5,3.0,0
17.1264480057601,5,1.0,0
17.126946798506612,14,10.0,-5307
17.12775526466066,7,2.0,7299
17.12791220122805,14,1.0,-5246
17.127969858935952,13,2.0,-5267
17.128774811204643,7,4.0,7114
17.129587799370633,13,1.0,-5290
17.13075050537126,9,16.0,7327
17.131421382706424,5,2.0,0
17.131874721597008,15,1.0,-3321
17.132794016388964,5,3.0,0
17.13367698767875,15,5.0,-3403
17.134198352211357,7,9.0,7419
17.13526107410732,13,5.0,-5413
17.135889635767725,13,2.0,-5405
17.136904014337073,15,3.0,-3255
17.13766923691092,14,3.0,-5635
17.138451554040437,5,2.0,0
17.13852008030925,1,8.0,7489
17.139006930058603,5,4.0,0
17.139521770000975,15,5.0,-3400
17.13972918990228,13,2.0,-5516
17.140216591450777,13,2.0,-5749
17.140640435075888,6,39.0,7476
17.14175337068278,17,4.0,-1261
17.142679114724228,5,4.0,0
17.142814278035722,14,5.0,-5532
17.143189094051987,16,59.0,1728
17.143293261190532,15,2.0,-3229
17.143797567107683,7,1.0,7347
17.145545476205317,13,3.0,-5419
17.146942114876627,15,3.0,-3355
17.147099123923795,5,2.0,0
17.147403718470038,17,2.0,-1890
17.149094243862095,14,1.0,-5283
17.14918003337243,13,2.0,-5613
17.150508917031914,10,7.0,7363
17.150666747066726,14,25.0,-5301
17.150844201099325,13,1.0,-5670
17.15160950245048,13,1.0,-5491
17.153169199958043,5,3.0,0
17.153327272206585,14,2.0,-5250
17.15488436209275,13,2.0,-5452
17.155358426997864,6,39.0,6944
17.15607257777993,17,1.0,-776
17.158480415246657,17,6.0,-897
17.159406409545447,15,4.0,-3259
17.159789872890485,13,3.0,-5453
17.160659312902485,13,2.0,-5538
17.160956487296822,6,1.0,7448
17.161073706212633,5,1.0,0
17.161342967896438,17,6.0,-2844
17.161619762377917,14,4.0,-5712
17.162511482892185,7,1.0,7452
17.163989755712006,14,21.0,-5697
17.16426655444008,13,3.0,-5362
17.16432066227334,13,2.0,-5311
17.164857154169795,14,10.0,-5618
17.16535548071694,13,5.0,-5259
17.165498389703927,17,4.0,-1738
17.167801882527606,9,3.0,7441
17.167809925316792,16,55.0,23
17.16849083278812,5,1.0,0
17.169931993741333,13,5.0,-5467
17.170205874401915,14,1.0,-5741
17.17042273757118,13,1.0,-5719
17.171220072083685,6,3.0,7438
17.172625087692296,17,1.0,-2728
17.172698490244194,14,1.0,-5381
17.172755478656363,6,6.0,7485
17.173294104590642,16,15.0,5286
17.173479961537797,13,4.0,-5449
17.173696705793663,7,1.0,7279
17.174917958518673,14,1.0,-5474
17.17627636199138,1,3.0,7490
17.176810140797738,17,2.0,-2603
17.177129228280027,13,1.0,-5740
17.177484888339986,5,3.0,0
17.177623271122698,5,4.0,0
17.17763565376612,16,6.0,3423
17.177925686941684,17,1.0,-1217
17.17893595583102,5,1.0,0
17.17898088769707,13,1.0,-5403
17.179166344111334,13,2.0,-5588
17.179658023273827,16,2.0,7060
17.17976415202441,17,2.0,-1345
17.180726157180207,6,11.0,7344
17.181335174392622,13,2.0,-5564
17.182579557498197,7,4.0,7269
17.18289091339908,7,4.0,7212
17.183556920650144,4,10.0,7491
17.18395232181273,7,3.0,6887
17.18431781120365,113,53.0,-5558
17.184328935148223,7,5.0,6678
17.184821001560852,9,1.0,7245
17.184986098514806,17,1.0,-1393
17.18618947532258,16,11.0,5541
17.18635953665631,14,3.0,-5299
17.186725335567957,17,1.0,-1984
17.186944781072256,14,3.0,-5577
17.18763481158122,13,1.0,-5541
17.189106858244642,7,14.0,7275
17.191462704697425,13,1.0,-5476
17.192131940741167,7,2.0,6010
17.19242861996697,14,3.0,-5425
17.192795875952672,13,2.0,-5501
17.193786526768505,17,1.0,-3150
17.19469667380689,6,1.0,7469
17.195751656898818,13,6.0,-5527
17.19588746666794,7,4.0,7174
17.196129201258582,16,16.0,104
17.19796037734379,13,3.0,-5599
17.198110117935304,14,7.0,-5559
17.19815306912856,17,3.0,-696
17.198245391388916,13,3.0,-5528
17.1991270775046,5,5.0,0
17.20003060422795,14,5.0,-5676
17.20097982666161,7,1.0,7118
17.20116424884615,6,47.0,7412
17.20125411967021,1,3.0,7492
17.202302114464917,14,1.0,-5655
17.202425021103558,17,10.0,-2459
17.204346146203527,13,1.0,-5711
17.204474085500866,6,10.0,7447
17.204514877905563,14,4.0,-5633
17.204728453104668,17,2.0,-1677
17.205187030534397,7,1.0,7346
17.205409496385563,13,6.0,-5674
17.205829804927422,1,3.0,7493
17.20714524140961,13,1.0,-5364
17.207426251096297,13,3.0,-5565
17.208048846518498,17,7.0,-1908
17.208622896077035,15,2.0,-3390
17.20881131102107,7,11.0,7199
17.210094070914103,13,1.0,-5666
17.21022847661425,13,2.0,-5428
17.210279958175228,13,15.0,-5548
17.210566720527318,17,1.0,-2773
17.21103381766308,13,2.0,-5457
17.212721057116195,5,2.0,0
17.214974926565386,15,2.0,-3175
17.21515520567247,5,26.0,0
17.215537167503243,6,4.0,7020
17.216457111799137,17,5.0,-3500
17.216769052576698,5,2.0,0
17.217161478797692,17,6.0,-2075
17.217555495113768,14,3.0,-5732
17.21927356531215,14,1.0,-5573
17.21941158942059,14,4.0,-5526
17.21941158942059,17,4.0,-5526
17.221707940418934,14,10.0,-5549
17.222071294221532,14,1.0,-5253
17.2235252022313,7,3.0,7044
17.223650644019425,16,3.0,1694
17.22426299324914,13,2.0,-5747
17.227043156058624,7,2.0,7304
17.22717445841651,13,3.0,-5361
17.228410628107753,17,1.0,-3063
17.230469579494013,17,1.0,-4071
17.23052049501482,5,1.0,0
17.230913279890977,13,1.0,-5294
17.23092366224673,17,7.0,-4117
17.230989098952364,1,5.0,7494
17.233171115917074,13,1.0,-5378
17.233982089510416,113,33.0,-5543
17.235659679598264,17,2.0,-2525
17.23572761034687,15,12.0,-3293
17.23731509948267,13,4.0,-5681
17.237876708871696,6,1.0,7442
17.238598160567015,17,2.0,-4079
17.238612276334727,14,2.0,-5722
17.2393070719328,17,1.0,-4682
17.240402952150344,5,4.0,0
17.24049422834441,7,1.0,7328
17.242213517572214,5,4.0,0
17.242504055758673,13,4.0,-5556
17.242504055758673,17,4.0,-5556
17.243032386174832,5,3.0,0
17.246105062929615,16,9.0,1963
17.24666072042252,14,1.0,-5489
17.246740222831853,17,3.0,-1925
17.246910697007866,17,9.0,-4450
17.247113177784907,5,2.0,0
17.247532576446616,8,6.0,6987
17.247893402096377,5,1.0,0
17.249467903158127,9,7.0,7155
17.249968538032785,14,7.0,-5678
17.249968538032785,17,7.0,-5678
17.25274150005003,17,21.0,-1260
17.252743248125533,14,2.0,-5329
17.25447381805394,5,3.0,0
17.255371542997953,5,14.0,0
17.25619419201545,13,1.0,-5739
17.256285178170398,14,1.0,-5401
17.256285178170398,17,1.0,-5401
17.25655499902841,1,6.0,7495
17.256826375105337,14,1.0,-5593
17.256826375105337,17,1.0,-5593
17.257846315158435,13,2.0,-5382
17.257846315158435,17,2.0,-5382
17.258228220702673,13,1.0,-5645
17.258319633307124,13,13.0,-5552
17.258380642619453,9,2.0,7312
17.260563466941107,13,1.0,-5619
17.260751660520082,13,1.0,-5529
17.260751660520082,17,1.0,-5529
17.26113438762703,5,4.0,0
17.264038739992813,17,1.0,-5072
17.264244861720325,7,5.0,6871
17.265410818014637,7,2.0,7197
17.26573741386433,7,1.0,7366
17.2662794842595,13,2.0,-5333
17.2662794842595,17,2.0,-5333
17.26649600622479,17,1.0,-4943
17.267202874038286,17,6.0,-4781
17.268187256619836,15,1.0,-3607
17.26895060262314,5,2.0,0
17.2708454770408,7,8.0,7083
17.270983187943976,17,42.0,-1779
17.271377662115967,5,4.0,0
17.274981207886704,7,2.0,3875
17.278379939709357,8,16.0,7277
17.278990425821675,5,3.0,0
17.279437038901403,5,8.0,0
17.283684705329506,17,1.0,-3914
17.28567596568747,5,6.0,0
17.28578484034634,17,1.0,-4954
17.28724221231621,9,5.0,7358
17.28724221231621,16,5.0,7358
17.288207886840855,13,5.0,-5444
17.289661903460875,5,4.0,0
17.290391765103628,14,6.0,-5274
17.29088669595117,5,4.0,0
17.292145043899936,14,9.0,-5640
17.29237377694808,14,5.0,-5320
17.29237377694808,17,5.0,-5320
17.29302430418677,13,6.0,-5365
17.293063623821503,16,5.0,5015
17.293323555159215,16,5.0,4912
17.29384207067296,17,5.0,-2035
17.2940752642444,17,1.0,-2719
17.294445035268986,16,14.0,1326
17.294489063947964,16,1.0,6307
17.29459176881558,5,3.0,0
17.29550238432771,5,4.0,0
17.29641285283604,13,1.0,-5466
17.29820474473799,14,2.0,-5349
17.2985927107958,13,1.0,-5429
17.29860599130364,14,2.0,-5598
17.298840002372916,5,3.0,0
17.299067578165047,13,1.0,-5632
17.299334269435317,5,1.0,0
17.29960138742958,13,8.0,-5693
17.300387796018267,5,2.0,0
17.300553248812058,14,1.0,-5695
17.303004731465734,5,5.0,0
17.307020661367464,14,22.0,-5688
17.307123566310675,14,2.0,-5328
17.30913643550904,14,4.0,-5400
17.309591223754474,5,6.0,0
17.31020366189903,5,1.0,0
17.310457139097096,14,6.0,-5553
17.31095910954988,13,1.0,-5251
17.31095910954988,17,1.0,-5251
17.312130974942985,15,1.0,-3367
17.312632253231016,13,1.0,-5376
17.312792258344476,5,1.0,0
17.313150188717216,5,5.0,0
17.314630838736313,8,1.0,7450
17.317303863001975,8,5.0,7201
17.318643257121977,16,3.0,4797
17.319442507744817,17,6.0,-5230
17.32086740810698,8,3.0,7166
17.321534737986006,17,1.0,-3880
17.32157379969687,7,1.0,7343
17.32223584848835,13,3.0,-5607
17.32302565217443,13,1.0,-5316
17.32302565217443,17,1.0,-5316
17.324946464770974,17,1.0,-5213
17.326287257589797,5,4.0,0
17.32740753679521,13,6.0,-5647
17.328127208159138,5,1.0,0
17.328597642585887,13,2.0,-5389
17.328694003267238,17,4.0,-3188
17.32888209800277,5,3.0,0
17.32919593651235,5,14.0,0
17.329645958940954,5,1.0,0
17.330023471883347,14,4.0,-5586
17.331503079600736,8,1.0,7248
17.334823152935755,5,4.0,0
17.335231484742305,17,1.0,-2804
17.33646931153167,9,1.0,7349
17.33716776995492,1,8.0,7496
17.33746119221335,9,13.0,4449
17.3389796864624,17,2.0,-2287
17.339943642601018,5,4.0,0
17.341096705924564,17,1.0,-1088
17.341280825485562,15,6.0,-3204
17.342478494797078,9,16.0,7277
17.343008662787625,14,3.0,-5353
17.34343848447551,13,1.0,-5289
17.34343848447551,17,1.0,-5289
17.34384714997089,8,1.0,7357
17.344599640860434,13,1.0,-5293
17.344599640860434,17,1.0,-5293
17.34463180913992,9,8.0,7057
17.34598989857597,13,1.0,-5701
17.34618515876441,7,3.0,7270
17.34828613308852,17,11.0,-1631
17.34862395803963,13,2.0,-5284
17.348988205260937,5,2.0,0
17.350040667651463,9,1.0,6524
17.35085265958124,14,4.0,-5281
17.3523569381798,5,8.0,0
17.354057029583846,16,37.0,128
17.35462325492673,13,2.0,-5513
17.35611272636991,13,2.0,-5638
17.356228708774978,13,12.0,-5531
17.356564273772367,14,6.0,-5375
17.356608593717556,16,60.0,110
17.356817180696716,6,9.0,7335
17.356854786507967,16,5.0,4334
17.357229956338085,13,4.0,-5709
17.357229956338085,17,4.0,-5709
17.35804388863116,113,51.0,-5617
17.358736568425336,13,2.0,-5313
17.359367421383368,17,3.0,-177
17.3596114499609,5,4.0,0
17.360240165488005,17,17.0,-849
17.36084333784428,13,1.0,-5563
17.36216422375797,13,1.0,-5271
17.36299524537435,13,3.0,-5524
17.363439116096014,13,1.0,-5254
17.363439116096014,17,1.0,-5254
17.36350486743711,13,1.0,-5710
17.364168724783216,14,5.0,-5308
17.366620425141505,14,1.0,-5345
17.367369296785714,5,7.0,0
17.368964590321916,13,10.0,-5297
17.368964590321916,17,10.0,-5297
17.369447536535528,5,4.0,0
17.370085087139095,5,13.0,0
17.370261950672408,15,1.0,-3445
17.37350712348072,15,1.0,-3235
17.375206473508186,17,2.0,-4624
17.375566508455094,7,1.0,7410
17.37574263815559,5,3.0,0
17.375848735085505,13,2.0,-5371
17.375848735085505,17,2.0,-5371
17.37868993871998,16,4.0,1850
17.379054998317383,13,1.0,-5671
17.379076192029896,13,1.0,-5461
17.379553654571982,9,6.0,7278
17.37956411340623,5,2.0,0
17.37971465869047,14,2.0,-5585
17.37971465869047,17,2.0,-5585
17.379889074085476,17,2.0,-1243
17.380138720328983,13,2.0,-5733
17.38016091290155,14,4.0,-5485
17.381307111973022,7,3.0,7339
17.38151508351652,13,2.0,-5673
17.381534843044385,13,3.0,-5472
17.381534843044385,17,3.0,-5472
17.3833370074286,5,1.0,0
17.384129797642714,6,5.0,7494
17.385385271787936,8,2.0,7453
17.385413484095412,5,1.0,0
17.386413068680547,5,3.0,0
17.38666549236201,14,1.0,-5544
17.38666549236201,17,1.0,-5544
17.38667046954604,7,1.0,7219
17.387956631206844,14,1.0,-5370
17.38839058754335,16,6.0,2155
17.389206228958955,17,4.0,-1884
17.38935647824292,17,7.0,-1858
17.389948353231816,5,25.0,0
17.390506737231636,5,7.0,0
17.39060268424045,14,2.0,-5737
17.39342395790726,14,3.0,-5557
17.39342395790726,17,3.0,-5557
17.394294247103836,17,1.0,-2253
17.39496600185282,15,2.0,-3451
17.39508153990986,13,3.0,-5412
17.397251209751722,17,1.0,-4843
17.39890795885476,17,6.0,-2129
17.39918301303059,16,3.0,6942
17.399949470692544,5,12.0,0
17.400047684401233,1,2.0,7497
17.40009470284491,7,1.0,6183
17.400432251690567,5,3.0,0
17.40167547662274,13,3.0,-5533
17.404938341675315,1,3.0,7498
17.407491981307565,6,3.0,7456
17.40817155418453,5,3.0,0
17.40901056268773,6,3.0,7492
17.409993654699303,13,1.0,-5714
17.409993654699303,17,1.0,-5714
17.41018442722016,8,9.0,7481
17.410234053790525,15,5.0,-3275
17.411329034462945,13,5.0,-5386
17.411329034462945,17,5.0,-5386
17.412523427496645,13,5.0,-5584
17.416053027844697,13,2.0,-5277
17.416053027844697,17,2.0,-5277
17.416112332242797,5,1.0,0
17.416133286553883,5,3.0,0
17.418960688282308,5,3.0,0
17.41911754594043,13,6.0,-5490
17.42220773212694,5,2.0,0
17.42374481679322,5,3.0,0
17.42405861147436,14,3.0,-5594
17.42411194739371,5,1.0,0
17.424356221590013,13,4.0,-5596
17.424356221590013,17,4.0,-5596
17.425126372629148,7,5.0,6710
17.425282211994464,13,5.0,-5475
17.425406474013045,5,2.0,0
17.42600678842615,13,5.0,-5433
17.42600678842615,17,5.0,-5433
17.42801781251554,1,1.0,7499
17.428165635291986,14,1.0,-5278
17.42830671507183,113,33.0,-5385
17.42938326059524,13,1.0,-5616
17.429606753962315,14,1.0,-5603
17.43044264088852,13,1.0,-5379
17.43261032329392,5,3.0,0
17.43299640103515,5,2.0,0
17.433138563153268,17,1.0,-910
17.433288260631205,13,2.0,-5497
17.433468653008184,16,11.0,3215
17.43518103480003,9,3.0,7246
17.435552135561586,5,39.0,0
17.43699925195279,17,1.0,-4414
17.43742749620026,13,1.0,-5437
17.437576257188,5,8.0,0
17.43812350676083,13,1.0,-5637
17.43812350676083,17,1.0,-5637
17.438632505512846,5,5.0,0
17.438809219122582,14,4.0,-5580
17.438809219122582,17,4.0,-5580
17.439317573959748,4,9.0,7500
17.439530870176846,5,2.0,0
17.44163745017919,17,1.0,-2081
17.44197417064713,7,3.0,7372
17.44217029546615,17,3.0,-3941
17.442694545122546,1,4.0,7501
17.44276663813126,17,2.0,-4558
17.445731092621095,17,8.0,-85
17.44656821288587,14,3.0,-5639
17.447138823608533,1,6.0,7502
17.44714709693613,13,1.0,-5393
17.44714709693613,17,1.0,-5393
17.447414826922905,7,5.0,7352
17.44839613918648,6,2.0,7497
17.4486457842232,14,13.0,-5623
17.44929740080744,8,2.0,7303
17.44993978918477,8,2.0,7031
17.450496235411876,8,4.0,7427
17.451307408116193,9,2.0,7015
17.451631501989677,14,1.0,-5432
17.452296066742356,6,8.0,7489
17.45494689182748,113,33.0,-5350
17.455436012734346,9,4.0,7427
17.45595968883246,6,5.0,7355
17.457729956304096,13,1.0,-5343
17.458801954902164,5,5.0,0
17.4621921448763,13,1.0,-5394
17.462720373880156,15,2.0,-3461
17.46493711338438,14,47.0,-5745
17.46523947198041,13,1.0,-5514
17.467329472107448,13,2.0,-5239
17.469050128162024,17,2.0,-2066
17.46942239772482,14,1.0,-5359
17.469632452436645,13,1.0,-5377
17.469953609570272,15,7.0,-3411
17.470698109216304,14,15.0,-5261
17.47074343204539,17,2.0,-2280
17.471530498389367,5,4.0,0
17.473488018499197,14,2.0,-5408
17.473643477397246,14,10.0,-5545
17.475286476777672,3,3.0,7503
17.475566993772713,13,1.0,-5417
17.47590351029681,5,1.0,0
17.475908315003558,13,2.0,-5478
17.47606743343979,13,2.0,-5312
17.47618429069908,17,4.0,-645
17.47733849977995,9,2.0,6925
17.478584930137053,13,1.0,-5410
17.478792049349295,14,2.0,-5332
17.479216979091206,13,2.0,-5263
17.479555028973962,5,5.0,0
17.48057373501563,13,40.0,-5439
17.483687651275964,5,3.0,0
17.48423358568879,7,7.0,6523
17.485493755762757,17,4.0,-2345
17.48766333020723,13,1.0,-5704
17.48940655574115,17,4.0,-1214
17.490823124025844,13,1.0,-5625
17.4911910858112,3,58.0,7504
17.491377384478493,13,2.0,-5411
17.49290027294135,1,1.0,7505
17.495280395890436,5,3.0,0
17.496362267418426,16,12.0,5326
17.496419445461523,13,1.0,-5680
17.49642503263882,14,4.0,-5355
17.49668418277136,17,2.0,-4499
17.497366839428096,15,3.0,-3504
17.497482514113194,15,2.0,-3231
17.500053789162784,5,2.0,0
17.50089897234291,17,17.0,-2916
17.501508758599687,17,2.0,-3383
17.502188836007253,13,2.0,-5463
17.50375839687804,14,4.0,-5622
17.504152925062165,14,2.0,-5426
17.504152925062165,17,2.0,-5426
17.504391690720702,14,4.0,-5266
17.50595466028566,13,1.0,-5395
17.50613235743614,14,4.0,-5591
17.50613235743614,17,4.0,-5591
17.50704329582987,13,3.0,-5724
17.50704329582987,17,3.0,-5724
17.50754547649194,17,1.0,-1600
17.5079012800571,7,2.0,7251
17.508365118647774,1,4.0,7506
17.50859876371875,5,9.0,0
17.508664139912394,5,1.0,0
17.508757547683317,13,7.0,-5240
17.508770446109015,16,3.0,7308
17.5114310216497,13,12.0,-5597
17.5114310216497,17,12.0,-5597
17.512182214872325,14,3.0,-5367
17.51228164959691,14,2.0,-5341
17.513197697851904,13,49.0,-5236
17.513817200102476,16,5.0,232
17.51406111174791,15,2.0,-3425
17.51406111174791,17,2.0,-3425
17.516223070152744,7,3.0,5935
17.517318679239366,16,41.0,1247
17.517525307246203,16,6.0,2455
17.518289154468107,13,1.0,-5609
17.52111672299415,5,3.0,0
17.52197412922635,17,3.0,-2479
17.524969796811956,13,2.0,-5436
17.525631348750114,15,7.0,-3306
17.525762673788904,14,27.0,-5606
17.527009046329553,13,8.0,-5595
17.527555312845674,13,4.0,-5600
17.528587292433357,14,9.0,-5237
17.528587292433357,17,9.0,-5237
17.528679714531776,5,6.0,0
17.528949718741575,7,10.0,7024
17.52972034625301,6,2.0,7488
17.529817321257728,7,6.0,7302
17.530521140442517,6,1.0,7379
17.531035817687616,14,1.0,-5517
17.532375932568822,15,1.0,-3506
17.53255722516975,5,3.0,0
17.533408856323966,13,2.0,-5255
17.533987721493002,14,3.0,-5454
17.534481581385432,7,7.0,7408
17.53450916141181,5,1.0,0
17.536488745119005,14,3.0,-5443
17.53840337771536,17,1.0,-1979
17.538560602681805,13,11.0,-5270
17.540823264564217,9,2.0,7303
17.541135861970826,7,2.0,5881
17.542339919216488,14,3.0,-5387
17.54318384156079,113,44.0,-5663
17.543195593368402,17,8.0,-3689
17.544471122523948,14,4.0,-5473
17.545389145039124,13,3.0,-5520
17.545389145039124,17,3.0,-5520
17.547358674918346,13,1.0,-5243
17.547358674918346,17,1.0,-5243
17.547517376197867,14,2.0,-5726
17.548933154134218,5,14.0,0
17.549372553605355,7,10.0,7365
17.549629507949582,14,1.0,-5660
17.549978869449557,5,1.0,0
17.550011422287525,17,1.0,-3488
17.55004556459611,5,2.0,0
17.550169204182094,13,1.0,-5369
17.550169204182094,17,1.0,-5369
17.55024864090696,17,1.0,-4097
17.55037537621288,14,18.0,-5628
17.552192926555627,16,30.0,1067
17.552454086302667,6,4.0,7383
17.552778556863224,15,3.0,-3528
17.55430704951552,13,1.0,-5720
17.55439466091562,113,57.0,-5493
17.556601377847162,7,40.0,7321
17.55691168922001,13,2.0,-5644
17.557454658175715,14,2.0,-5402
17.557533413231376,7,1.0,7037
17.558154104835623,13,1.0,-5247
17.558154104835623,17,1.0,-5247
17.558409195351746,5,8.0,0
17.560553018749385,5,3.0,0
17.560605959708468,17,2.0,-5166
17.560790059568298,5,1.0,0
17.563585232998268,5,2.0,0
17.56439612609619,5,2.0,0
17.567932292358314,17,18.0,-3189
17.568163403035015,13,2.0,-5391
17.568163403035015,17,2.0,-5391
17.568702035090247,5,7.0,0
17.569726463504633,14,3.0,-5575
17.569726463504633,17,3.0,-5575
17.569849653761928,14,2.0,-5302
17.570330810250162,5,1.0,0
17.571287289459484,5,1.0,0
17.57140143884176,17,8.0,-3238
17.57184569032133,5,1.0,0
17.57326088184007,13,1.0,-5300
17.57411644997724,14,1.0,-5735
17.574293458292516,14,1.0,-5339
17.574307263162925,14,1.0,-5303
17.575649624855696,13,1.0,-5518
17.57585619405804,13,3.0,-5256
17.576259860261153,16,13.0,968
17.577990249484962,13,1.0,-5505
17.57947910809476,5,2.0,0
17.580024758828483,13,2.0,-5500
17.580024758828483,17,2.0,-5500
17.580342075916835,15,3.0,-3522
17.580452706133315,13,2.0,-5507
17.580452706133315,17,2.0,-5507
17.58122476086049,14,4.0,-5504
17.58122476086049,17,4.0,-5504
17.58156729032197,5,3.0,0
17.58245620607743,15,13.0,-3291
17.583581330711247,17,8.0,-3873
17.584231670187673,14,4.0,-5427
17.584632501222842,113,18.0,-5515
17.585918711470978,13,1.0,-5641
17.586186720042786,17,1.0,-1712
17.586707220411487,14,13.0,-5321
17.588333643489776,16,22.0,1673
17.588449922701308,5,2.0,0
17.589317784304793,13,2.0,-5690
17.58979381634654,14,1.0,-5567
17.591084196443063,14,2.0,-5245
17.592181827132933,1,3.0,7507
17.592936552781104,113,35.0,-5423
17.593381736178845,14,3.0,-5717
17.594234857567955,16,58.0,2949
17.594421594010505,1,6.0,7508
17.594604156420683,16,7.0,2569
17.59628768403193,1,5.0,7509
17.597449094359384,17,3.0,-2054
17.598288766879563,7,2.0,7158
17.601415964352267,9,4.0,6488
17.601415964352267,16,4.0,6488
17.601476932017178,13,1.0,-5390
17.60170432174651,17,8.0,-514
17.60259695470834,5,1.0,0
17.603992696453027,13,3.0,-5431
17.60438165758589,13,4.0,-5734
17.604629501198364,14,3.0,-5295
17.604629501198364,17,3.0,-5295
17.60540173960057,6,4.0,7506
17.60546135170872,14,2.0,-5306
17.606368030217006,14,1.0,-5727
17.60667732899699,17,7.0,-4313
17.607402255642356,9,6.0,6959
17.607967499383193,13,1.0,-5442
17.608372540220866,13,3.0,-5535
17.60892965655539,9,1.0,7357
17.61024231827679,113,18.0,-5626
17.61129038487403,7,1.0,7393
17.61187398961951,14,9.0,-5744
17.61218321625504,17,1.0,-3342
17.612914190573495,13,1.0,-5587
17.613139104496803,5,1.0,0
17.61394393885732,13,3.0,-5487
17.614032433217915,13,5.0,-5407
17.616530900999404,5,8.0,0
17.61695060944347,5,3.0,0
17.617499429554094,9,5.0,7201
17.618093346806006,17,4.0,-630
17.61827162136646,14,1.0,-5305
17.620270362359214,5,9.0,0
17.62225985697308,6,2.0,7486
17.623565967528847,13,6.0,-5445
17.625840175499025,14,1.0,-5465
17.626391821095144,6,1.0,6634
17.62673491444768,17,3.0,-4011
17.627249142859302,5,2.0,0
17.627464575580685,7,25.0,4917
17.62762867125102,17,2.0,-4979
17.62766737149643,5,6.0,0
17.627821033755737,8,1.0,7468
17.62835866340838,13,8.0,-5430
17.628765631588227,13,20.0,-5654
17.629447374329487,1,10.0,7510
17.63039556947382,14,1.0,-5279
17.63039556947382,17,1.0,-5279
17.630435966359748,5,4.0,0
17.630506288810725,5,3.0,0
17.63069859703395,113,44.0,-5338
17.63083299288923,14,1.0,-5679
17.63083299288923,17,1.0,-5679
17.63137784045976,13,2.0,-5590
17.63137784045976,17,2.0,-5590
17.631480594378843,13,2.0,-5396
17.632648241711138,16,1.0,2097
17.633298855748937,13,5.0,-5562
17.633298855748937,17,5.0,-5562
17.63354581870253,13,3.0,-5581
17.633639054530597,2,3.0,7511
17.633721826318855,13,2.0,-5689
17.635251851032432,5,3.0,0
17.63528975907404,14,5.0,-5703
17.63561620839644,5,42.0,0
17.636949668239353,17,1.0,-3647
17.638519268241613,13,1.0,-5280
17.63905381081375,1,9.0,7512
17.639899596741895,13,1.0,-5555
17.640391054605843,5,3.0,0
17.641361764481985,13,1.0,-5554
17.641794915150435,17,1.0,-2088
17.642818179960088,17,6.0,-4060
17.643036064056524,6,1.0,7499
17.643051026324756,14,4.0,-5738
17.64331460208775,17,5.0,-763
17.644669907345587,13,7.0,-5684
17.64472918748711,13,2.0,-5643
17.64472918748711,17,2.0,-5643
17.645013963901192,5,1.0,0
17.645478494973226,15,22.0,-3353
17.64602877161483,17,1.0,-3102
17.647544948487337,17,3.0,-2410
17.647766943988174,13,1.0,-5547
17.64822404193371,14,4.0,-5728
17.64961162588253,6,7.0,7181
17.649864087163277,13,1.0,-5451
17.64987013183059,17,2.0,-2979
17.650714055748484,16,48.0,1032
17.650890680933543,17,3.0,-1726
17.652830326076575,11,33.0,7361
17.65297751198376,13,2.0,-5351
17.65297751198376,17,2.0,-5351
17.65319415765446,16,33.0,816
17.654267222348864,13,8.0,-5509
17.654282214859816,13,1.0,-5399
17.655005928060177,17,2.0,-251
17.65527314853591,5,2.0,0
17.65658416912693,13,1.0,-5458
17.65658416912693,17,1.0,-5458
17.657330652502736,10,56.0,7474
17.657411092712977,17,1.0,-875
17.657669070035325,13,1.0,-5743
17.657669070035325,17,1.0,-5743
17.658830899655413,5,7.0,0
17.66044433682017,17,1.0,-2485
17.66118213462886,5,43.0,0
17.661192901667086,15,1.0,-3376
17.66194922855788,5,4.0,0
17.66238582741346,5,4.0,0
17.6631380860894,5,1.0,0
17.663215653368994,5,3.0,0
17.66321783806201,5,11.0,0
17.663737724925305,17,3.0,-4581
17.665357858865896,7,4.0,7375
17.665357858865896,16,4.0,7375
17.665596955995785,5,5.0,0
17.66561698823473,17,1.0,-3482
17.66582448587607,14,2.0,-5612
17.66643275737003,13,3.0,-5336
17.66643275737003,17,3.0,-5336
17.667643108489827,13,6.0,-5646
17.668442188035797,5,2.0,0
17.668482301740763,13,1.0,-5698
17.668482301740763,17,1.0,-5698
17.66973389557006,14,2.0,-5683
17.669868570707337,6,4.0,7465
17.670591300241874,17,2.0,-4546
17.670602173276958,5,2.0,0
17.670707638838724,8,19.0,4089
17.67073309514062,7,2.0,7286
17.67100488457342,7,2.0,7214
17.671687851432097,15,57.0,-3589
17.672763315607853,7,3.0,7129
17.67303559062667,14,30.0,-5347
17.67303559062667,17,30.0,-5347
17.67342106098141,13,4.0,-5495
17.678354267171283,14,2.0,-5268
17.679494255772774,7,5.0,6152
17.679999429409637,13,1.0,-5257
17.680159255366245,13,5.0,-5602
17.680159255366245,17,5.0,-5602
17.680509119885922,5,1.0,0
17.681445235657694,13,5.0,-5669
17.681740058775066,5,8.0,0
17.68257186289868,5,1.0,0
17.683277065257382,13,1.0,-5582
17.68329445733877,14,1.0,-5398
17.683535563860154,17,1.0,-194
17.686216417106298,13,8.0,-5561
17.686216417106298,17,8.0,-5561
17.68657821528485,15,1.0,-3652
17.688391102025594,17,9.0,-920
17.69243055122336,17,2.0,-4142
17.692434625254887,5,1.0,0
17.69276800874675,10,3.0,7503
17.693312320537565,16,2.0,2117
17.69395085705762,17,1.0,-4928
17.69412383994175,113,57.0,-5530
17.696635721202618,13,3.0,-5275
17.696635721202618,17,3.0,-5275
17.69706898790778,15,2.0,-3391
17.697772040206754,17,1.0,-2421
17.69828934347724,14,11.0,-5409
17.698634525534242,17,1.0,-4787
17.69896609287467,1,4.0,7513
17.699064029327705,13,1.0,-5288
17.69924914348378,14,24.0,-5522
17.700073384850626,16,46.0,777
17.700415156586608,5,19.0,0
17.7011847262986,7,2.0,6907
17.70165676507592,17,1.0,-2085
17.702789984282408,14,4.0,-5269
17.70317948659131,7,3.0,7430
17.70426600068148,5,2.0,0
17.704791275803608,13,1.0,-5357
17.704791275803608,17,1.0,-5357
17.706074521633564,14,2.0,-5652
17.70632674505532,17,1.0,-3831
17.707111933761055,16,3.0,4364
17.707963056769415,17,21.0,-2953
17.708589645528924,11,8.0,7186
17.70905107074002,14,13.0,-5335
17.71044499029923,16,5.0,540
17.710785714572406,7,7.0,7415
17.710807064581893,5,1.0,0
17.71157616427169,5,5.0,0
17.71180101877406,14,2.0,-5265
17.71184721720797,13,2.0,-5621
17.71196862056344,17,6.0,-1468
17.712557409643267,11,31.0,7223
17.713483802698462,13,5.0,-5482
17.71643532304375,17,3.0,-1825
17.72155256374711,13,2.0,-5624
17.72155256374711,17,2.0,-5624
17.721734299306565,14,15.0,-5751
17.72327656556103,7,3.0,6827
17.723518283346664,5,6.0,0
17.724075441672,15,13.0,-3227
17.72659679484448,14,2.0,-5340
17.72771584292527,17,1.0,-3855
17.727859743388223,13,1.0,-5354
17.728791020600237,13,3.0,-5468
17.72887747474826,17,1.0,-4621
17.72926312411934,5,7.0,0
17.72965671145522,14,2.0,-5434
17.729970673955187,15,1.0,-3557
17.73005015751939,14,14.0,-5384
17.730467993843206,13,3.0,-5664
17.730467993843206,17,3.0,-5664
17.73087265205038,5,3.0,0
17.73091360570342,15,3.0,-3292
17.730935723530504,14,2.0,-5392
17.73120305821164,14,25.0,-5480
17.73259834895002,13,2.0,-5456
17.733184114689436,5,1.0,0
17.733467138656238,6,3.0,7165
17.734474866162493,5,2.0,0
17.734663791203605,15,5.0,-3517
17.73631369697372,5,5.0,0
17.737295520113783,5,7.0,0
17.737597413731514,13,5.0,-5344
17.73896792300148,14,7.0,-5498
17.739138224217395,5,4.0,0
17.739947060632907,17,1.0,-4033
17.74010150447219,13,7.0,-5574
17.740647368108625,13,1.0,-5752
17.742572099424834,6,6.0,7162
17.74274588914703,17,47.0,-5179
17.743222233701296,17,3.0,-332
17.74495567168527,5,1.0,0
17.745399202070544,7,1.0,7210
17.7459260635198,5,1.0,0
17.746143414831586,17,1.0,-1404
17.750835687144125,8,6.0,7162
17.75084606481173,13,2.0,-5291
17.75238895927866,14,2.0,-5742
17.752856268055424,7,1.0,6803
17.75303393163633,13,1.0,-5388
17.753173108078805,5,1.0,0
17.75447375479528,6,3.0,7498
17.75526179586824,5,1.0,0
17.757355605771174,17,1.0,-1772
17.760879033653833,7,5.0,7367
17.76202884508115,13,1.0,-5692
17.762058627539293,5,3.0,0
17.764135918057757,14,1.0,-5292
17.764398454473373,17,2.0,-4466
17.765051014197063,13,1.0,-5707
17.767388045299057,17,15.0,-3389
17.768194935661413,13,1.0,-5691
17.768194935661413,17,1.0,-5691
17.768591312559455,16,4.0,7112
17.769721513384873,7,3.0,7126
17.76996863262441,6,1.0,7397
17.77099645827615,13,8.0,-5358
17.77099645827615,17,8.0,-5358
17.77132485292724,13,6.0,-5326
17.77132485292724,17,6.0,-5326
17.772837333262192,13,2.0,-5546
17.775556417738642,7,4.0,7334
17.776266724982012,13,1.0,-5648
17.77660589256881,14,3.0,-5576
17.77660589256881,17,3.0,-5576
17.777353412434195,16,8.0,354
17.77872107488622,5,4.0,0
17.779614500473556,17,1.0,-2201
17.780173594907815,4,30.0,7514
17.781080162337187,17,2.0,-1394
17.782465502280427,14,10.0,-5242
17.783459738679547,14,2.0,-5298
17.784293503344596,17,4.0,-3668
17.784348058212085,14,2.0,-5731
17.784348058212085,17,2.0,-5731
17.784390256214763,6,2.0,7169
17.784596053099012,13,2.0,-5484
17.78487729195869,14,2.0,-5319
17.785342311497576,11,24.0,7428
17.786524737764942,5,1.0,0
17.78791838576496,13,1.0,-5383
17.788884302961094,16,51.0,1978
17.79016998911007,13,1.0,-5708
17.79028667949394,17,2.0,-3913
17.7935049484109,13,1.0,-5435
17.7935049484109,17,1.0,-5435
17.79415783487232,5,5.0,0
17.79453342892995,13,11.0,-5492
17.794733110320575,1,4.0,7515
17.795163812972685,17,4.0,-2551
17.795638343299338,17,2.0,-4906
17.79726994610607,13,1.0,-5324
17.79726994610607,17,1.0,-5324
17.797328032001815,5,1.0,0
17.797727511279643,5,4.0,0
17.798018479149654,5,3.0,0
17.798781444294924,17,1.0,-4655
17.798946317322965,13,1.0,-5699
17.799143963501404,17,4.0,-2052
17.799242003559158,17,2.0,-3983
17.799287999228735,17,1.0,-2812
17.800196143761333,16,10.0,1809
17.800395738839175,17,1.0,-2839
17.801230665953753,11,13.0,7455
17.801628196679484,17,1.0,-1860
17.80164976261541,13,1.0,-5317
17.803323502980195,9,4.0,6051
17.80383688756411,17,2.0,-3856
17.804512697579987,5,3.0,0
17.804776316303187,5,13.0,0
17.805522380951658,17,3.0,-4156
17.805690479255492,6,10.0,7373
17.805766087856593,14,6.0,-5441
17.805766087856593,17,6.0,-5441
17.806270290151282,17,32.0,-4038
17.806295983075948,13,11.0,-5356
17.807952886948563,17,1.0,-3345
17.80885775998071,13,1.0,-5286
17.80885775998071,17,1.0,-5286
17.80930449113565,5,2.0,0
17.81113926348464,5,3.0,0
17.811298658183237,14,1.0,-5748
17.811298658183237,17,1.0,-5748
17.81173019202217,5,4.0,0
17.814052001381462,13,5.0,-5360
17.814872037725547,5,3.0,0
17.815061264893835,17,9.0,-4922
17.815452152701,8,1.0,7052
17.81666933915865,6,9.0,7512
17.81675371521406,13,2.0,-5234
17.816764300891126,5,4.0,0
17.818859825961205,13,1.0,-5746
17.819447550733052,16,4.0,631
17.819898919301004,17,5.0,-3225
17.82066136446359,13,3.0,-5414
17.821098829903296,15,5.0,-3481
17.821186092849327,6,1.0,7203
17.821327842190613,7,1.0,7317
17.82244614839397,17,5.0,-4821
17.82259664077179,13,3.0,-5687
17.822614110315314,13,19.0,-5672
17.82325519560377,10,14.0,7482
17.824130119286533,5,2.0,0
17.82693959106402,13,2.0,-5536
17.82693959106402,17,2.0,-5536
17.828081326420705,14,1.0,-5636
17.828093780695955,5,3.0,0
17.828881074253886,17,1.0,-1105
17.82939266756587,5,4.0,0
17.830488575745868,14,3.0,-5523
17.83309321291549,6,3.0,7422
17.833289481346636,17,2.0,-1781
17.83341100268179,6,3.0,7471
17.833645150822793,13,16.0,-5694
17.83520816236647,10,30.0,7514
17.835398434981407,7,6.0,7261
17.836369592980418,14,7.0,-5455
17.836369592980418,17,7.0,-5455
17.836633410541495,5,2.0,0
17.837935651746093,17,3.0,-1252
17.838340301826477,15,3.0,-3649
17.839474922122207,17,6.0,-490
17.839805495814137,13,5.0,-5629
17.84031458875786,17,1.0,-2651
17.84052844049938,5,4.0,0
17.84229048934573,1,9.0,7516
17.843013215309416,5,14.0,0
17.843111408393966,16,6.0,5416
17.84377579488737,17,2.0,-3015
17.84424798196123,5,2.0,0
17.844285945274727,15,4.0,-3466
17.84468934768888,5,4.0,0
17.84524769669342,7,6.0,7260
17.845901736218952,16,4.0,6683
17.84839953054133,14,4.0,-5568
17.848925926719893,17,1.0,-626
17.850419429364628,9,4.0,7135
17.853229747873296,5,9.0,0
17.853343213169374,1,2.0,7517
17.853586504709938,14,3.0,-5260
17.853586504709938,17,3.0,-5260
17.85388368886967,6,6.0,7508
17.855291789310016,1,1.0,7518
17.85543600524794,17,1.0,-27
17.857139789819918,17,1.0,-1423
17.85779860513442,5,1.0,0
17.858044369000893,13,12.0,-5272
17.858625750765942,13,1.0,-5380
17.858625750765942,17,1.0,-5380
17.85926976530581,5,4.0,0
17.859711113752123,10,58.0,7504
17.862249169934035,17,2.0,-5189
17.862346938218167,6,1.0,7443
17.863466859035157,13,1.0,-5601
17.86352148521087,14,4.0,-5418
17.864657384112967,9,19.0,4089
17.86497552464271,13,1.0,-5725
17.865716802390217,16,22.0,1162
17.86621234346691,17,1.0,-2657
17.866239868915077,13,2.0,-5696
17.8664650298272,17,4.0,-736
17.866927025643665,9,6.0,7013
17.867302669191062,13,4.0,-5373
17.86762085532949,14,2.0,-5348
17.86795314870243,17,1.0,-427
17.870022871625533,17,3.0,-432
17.87005315184839,5,1.0,0
17.870185577881855,16,6.0,4639
17.870620981198616,13,5.0,-5705
17.870893884878797,13,46.0,-5462
17.8735593567469,13,1.0,-5470
17.874578077340516,14,3.0,-5736
17.874578077340516,17,3.0,-5736
17.87509017261234,13,1.0,-5406
17.875129963485193,14,2.0,-5713
17.876316857018278,7,2.0,7395
17.877449408835922,7,2.0,7247
17.878299211030605,14,10.0,-5438
17.878595824530137,13,2.0,-5315
17.87880486895206,13,9.0,-5334
17.87903429527404,13,3.0,-5440
17.87903429527404,17,3.0,-5440
17.879364676960147,14,3.0,-5630
17.879793749582735,7,2.0,6521
17.880248434527562,14,3.0,-5252
17.880251489378132,6,1.0,7461
17.88039306810208,5,6.0,0
17.880569423973284,7,3.0,7388
17.88144638071098,5,1.0,0
17.881586842511187,5,3.0,0
17.88161483445875,5,1.0,0
17.88191234787331,1,2.0,7519
17.88194865657421,5,1.0,0
17.882218320656538,14,1.0,-5589
17.88235643655132,8,2.0,7143
17.88242168581241,13,1.0,-5511
17.882582909172154,5,8.0,0
17.883088967544285,11,39.0,7439
17.883088967544285,16,39.0,7439
17.88341622473674,17,5.0,-3811
17.88406148071813,5,3.0,0
17.88449289368696,13,1.0,-5459
17.88449289368696,17,1.0,-5459
17.88583180788436,5,2.0,0
17.887086956663154,16,7.0,2010
17.887576741840245,13,6.0,-5363
17.888040109719277,13,1.0,-5700
17.888040109719277,17,1.0,-5700
17.888130317771438,17,4.0,-4334
17.88846446454582,7,7.0,6357
17.889318586372887,5,2.0,0
17.88983450506402,13,3.0,-5503
17.88983450506402,17,3.0,-5503
17.890408807755403,6,3.0,7507
17.89130052560476,13,8.0,-5702
17.892186050087194,6,6.0,7487
17.89288976826855,13,3.0,-5331
17.893424221496417,5,18.0,0
17.894356896952903,11,2.0,6971
17.897193081619182,16,1.0,5694
17.897543039075543,13,8.0,-5404
17.897543039075543,17,8.0,-5404
17.89918600556628,5,2.0,0
17.89969647836248,14,1.0,-5481
17.90002113925417,5,3.0,0
17.900175172192576,17,2.0,-908
17.901043794780502,13,1.0,-5309
17.901043794780502,17,1.0,-5309
17.90129090708521,5,2.0,0
17.901292846882917,13,2.0,-5560
17.90165280868762,13,4.0,-5634
17.90165280868762,17,4.0,-5634
17.901853254042482,15,1.0,-3660
17.901978273763206,13,2.0,-5258
17.902910601453097,13,7.0,-5551
17.90356033085713,14,57.0,-5651
17.90382383733,14,2.0,-5415
17.90398127695735,5,15.0,0
17.90454151609047,16,5.0,2225
17.90591823800222,13,4.0,-5521
17.905966123667465,15,1.0,-3432
17.906987312629546,17,2.0,-3136
17.907966710643482,13,4.0,-5677
17.9109900846225,5,1.0,0
17.911163064827733,17,2.0,-3325
17.911926689300696,15,2.0,-3474
17.912021181540574,3,57.0,7520
17.91236276070718,13,2.0,-5592
17.912469782260406,7,6.0,7324
17.91275465071023,7,8.0,7194
17.913503525314976,5,7.0,0
17.913566983385458,5,3.0,0
17.914338532639185,13,1.0,-5368
17.914411341760378,14,2.0,-5464
17.914411341760378,17,2.0,-5464
17.91470425365907,13,5.0,-5337
17.915069497831837,17,1.0,-4249
17.915781554254696,14,3.0,-5610
17.91839277185616,17,1.0,-2567
17.91854644442828,13,4.0,-5685
17.920612285140585,17,3.0,-2712
17.921381132837706,17,3.0,-749
17.921402108403555,14,1.0,-5262
17.921402108403555,17,1.0,-5262
17.923334636046583,7,6.0,7257
17.923669567818305,5,2.0,0
17.924220920729546,13,3.0,-5550
17.924364303035453,17,4.0,-4429
17.9246432954728,5,3.0,0
17.924829964806193,16,5.0,1649
17.92634649425325,13,3.0,-5502
17.928225501753445,13,1.0,-5421
17.928652579621577,9,9.0,7481
17.929022139317567,14,2.0,-5471
17.929604666292054,14,2.0,-5499
17.929604666292054,17,2.0,-5499
17.929682468086558,14,10.0,-5661
17.930939092741305,13,1.0,-5235
17.93349987716468,14,25.0,-5314
17.933962662336462,16,58.0,2194
17.93404956575183,14,4.0,-5665
17.934189600874213,5,4.0,0
17.93485530659052,5,4.0,0
17.935188760271405,13,1.0,-5494
17.93589699564546,13,2.0,-5322
17.93729635559104,14,43.0,-5447
17.93756713641255,4,32.0,7521
17.93804127696108,5,2.0,0
17.939585666493485,13,1.0,-5642
17.940077381009104,13,2.0,-5706
17.941264479385094,13,1.0,-5723
17.941308653999187,13,1.0,-5483
17.94252838287347,13,2.0,-5310
17.942913292485848,17,1.0,-936
17.94328439917037,5,3.0,0
17.947939888655572,17,1.0,-146
17.948437942253154,5,6.0,0
17.94983135298306,13,3.0,-5537
17.950074838477676,17,3.0,-1389
17.951185833084416,13,3.0,-5675
17.952164368175726,13,1.0,-5718
17.95342200724809,5,6.0,0
17.95368380226399,13,10.0,-5659
17.95472738485036,13,4.0,-5241
17.955030553561922,15,4.0,-3364
17.955500162154532,11,4.0,7351
17.955858416569093,14,3.0,-5330
17.955858416569093,17,3.0,-5330
17.958118088529137,13,2.0,-5525
17.958118088529137,17,2.0,-5525
17.958121659756895,13,3.0,-5730
17.95967093724551,13,1.0,-5750
17.961652689076658,15,2.0,-3537
17.963339746382157,5,1.0,0
17.963507963223428,5,2.0,0
17.96355021171939,14,5.0,-5488
17.963649612380124,17,4.0,-3228
17.96441299946747,14,4.0,-5397
17.96459206218215,7,1.0,7382
17.9648660555762,5,2.0,0
17.96487378771272,5,3.0,0
17.966289990299703,14,2.0,-5372
17.96692889254963,14,5.0,-5248
17.967780442004347,1,11.0,7522
17.967893717528614,13,3.0,-5508
17.97011719444358,5,3.0,0
17.971476456963046,6,10.0,7510
17.972974467561464,7,6.0,7387
17.9732702777138,13,2.0,-5244
17.975297258777406,17,4.0,-59
17.975437290989408,13,1.0,-5282
17.97620270037297,5,3.0,0
17.976905371800413,13,2.0,-5583
17.976905371800413,17,2.0,-5583
17.977028445254593,7,5.0,7378
17.978253965353645,5,2.0,0
17.979780727774152,5,5.0,0
17.981145766505414,17,6.0,-266
17.98173278731976,7,6.0,7356
17.981778282752952,5,7.0,0
17.98357113196645,5,4.0,0
17.983964285301045,1,1.0,7523
17.98397789326192,5,3.0,0
17.984565781543623,13,3.0,-5366
17.985099899960662,13,3.0,-5604
17.986201622698548,7,5.0,7342
17.986402430333204,5,2.0,0
17.98719043756778,14,3.0,-5542
17.988021300444256,13,4.0,-5506
17.988440163464503,13,1.0,-5605
17.988440163464503,17,1.0,-5605
17.989590483046907,13,1.0,-5273
17.989977880036598,9,1.0,7052
17.989977880036598,16,1.0,7052
17.989991652666266,17,14.0,-573
17.99021770596521,13,5.0,-5686
17.990498154116377,16,2.0,2766
17.992438971504793,5,4.0,0
17.992915381903337,13,1.0,-5540
17.99312610009065,14,1.0,-5534
17.99386169121412,5,1.0,0
17.994084918262487,9,3.0,6659
17.994722202718663,13,1.0,-5318
17.994736529783623,14,1.0,-5238
17.996574066541278,5,6.0,0
17.99712212741459,13,1.0,-5342
17.998087480029184,14,8.0,-5715
17.998087480029184,17,8.0,-5715
17.99865823001794,17,11.0,-4758
17.999356029013832,14,4.0,-5276
17.99944414290032,13,11.0,-5346
18.000082716210727,13,4.0,-5804
18.0009365821406,5,3.0,0
18.002490939413715,6,2.0,7089
18.0026650927191,4,60.0,7524
18.003341180085602,14,1.0,-5878
18.004407783166318,13,3.0,-6260
18.006500435347395,13,1.0,-6165
18.00780979322114,13,1.0,-5925
18.008785708158417,5,9.0,0
18.009881311701605,14,1.0,-6159
18.011387182469957,13,9.0,-5912
18.01156139534364,11,7.0,7435
18.012138098609938,7,4.0,6993
18.01222417262958,13,2.0,-6265
18.01254655726435,14,23.0,-5963
18.013402774057973,5,3.0,0
18.014836116392445,13,2.0,-6137
18.01499459309009,5,3.0,0
18.015189146510174,13,1.0,-5868
18.015527789506688,5,8.0,0
18.016187018974026,5,5.0,0
18.016606071364482,6,6.0,7495
18.017487876949836,16,12.0,5201
18.018165530083564,13,1.0,-5816
18.020160824340014,13,1.0,-5806
18.020962756997474,5,4.0,0
18.021309250622622,13,7.0,-6251
18.022828243794315,14,1.0,-6231
18.023077388541605,14,7.0,-6179
18.02331793543292,15,2.0,-4015
18.024257603051307,5,1.0,0
18.024383333286508,14,1.0,-5776
18.02604108659284,13,2.0,-6217
18.02643386454613,13,7.0,-5870
18.028130075060083,16,8.0,1431
18.02895286687551,13,4.0,-6003
18.030733671914096,16,26.0,676
18.031293543749054,13,3.0,-6307
18.032265154984827,14,2.0,-6083
18.03240319073131,12,7.0,7363
18.033358465335333,7,2.0,7231
18.03347139357903,5,6.0,0
18.034428037062874,10,8.0,7462
18.036065258498645,17,4.0,-2338
18.036485898460146,14,2.0,-6200
18.03686559439628,5,9.0,0
18.03706842674912,6,3.0,7511
18.037077529417957,9,1.0,7284
18.037317413465207,13,1.0,-5914
18.038577332836212,13,5.0,-5955
18.03937487654478,5,3.0,0
18.04018420077269,6,8.0,7496
18.040610551800327,13,5.0,-5997
18.040644507662865,13,5.0,-5928
18.041381084888837,5,1.0,0
18.04209672645599,5,2.0,0
18.042327148419815,6,11.0,7522
18.04240302138259,5,7.0,0
18.04275195815026,15,2.0,-4170
18.04565903226642,15,1.0,-3934
18.04696155961802,9,2.0,7031
18.047504101652024,5,2.0,0
18.047756798439593,15,1.0,-3832
18.047853973827348,5,3.0,0
18.04817334523214,13,1.0,-5965
18.0484901760936,14,3.0,-6072
18.049655261489356,14,4.0,-6310
18.05027739376749,14,2.0,-5778
18.050540225335354,13,1.0,-6070
18.050820214137808,13,1.0,-6263
18.051011514742637,6,8.0,7484
18.051768194564467,7,3.0,7406
18.052249667802677,15,1.0,-4040
18.053470018144175,8,39.0,6944
18.05454410719407,6,4.0,7475
18.05526136324723,15,3.0,-3881
18.056385185668987,14,12.0,-5790
18.05694242672975,13,6.0,-6222
18.056991791754683,5,2.0,0
18.05700369197918,13,3.0,-6138
18.05725655647412,13,1.0,-6197
18.05814538316733,5,1.0,0
18.058190289911387,14,3.0,-6291
18.058298605894354,13,1.0,-6133
18.059032894710725,8,4.0,6752
18.059561673093626,14,4.0,-6232
18.060675988760142,13,2.0,-5824
18.063104423430904,9,1.0,7259
18.06326492782451,14,1.0,-6244
18.063527144141833,13,20.0,-6278
18.06437453189228,16,3.0,4430
18.0658178374776,113,51.0,-5990
18.066740194754157,14,5.0,-5765
18.066883441676083,13,2.0,-6014
18.06738491639167,13,1.0,-5844
18.068669748330596,13,3.0,-5792
18.069471539008497,5,3.0,0
18.07004205853,13,1.0,-6111
18.07309922535921,5,2.0,0
18.074127489550357,16,5.0,3873
18.074484706927258,5,2.0,0
18.074864396205715,16,3.0,6096
18.07492874379651,5,4.0,0
18.07564614168314,5,1.0,0
18.07592915761388,13,1.0,-6209
18.07647120855577,13,3.0,-6108
18.0773454640232,5,2.0,0
18.077558973260054,7,4.0,6886
18.07854050730562,7,3.0,7122
18.079204410909167,14,5.0,-6131
18.079948726933164,113,59.0,-5929
18.081638952304083,5,4.0,0
18.082315184025617,13,1.0,-6324
18.083097793004917,13,1.0,-5861
18.08328359828726,16,1.0,1183
18.083819216440066,1,2.0,7525
18.084139990817178,14,6.0,-5789
18.084367659931033,1,7.0,7526
18.084388415417045,17,3.0,-2433
18.08523945987924,15,1.0,-3824
18.085467148389597,14,2.0,-6280
18.08548690402907,5,5.0,0
18.085650109541444,14,3.0,-6055
18.086329840046158,5,5.0,0
18.088178219845787,17,1.0,-1253
18.08880763573341,13,1.0,-6315
18.088854857267627,7,8.0,7217
18.08904192998227,13,1.0,-6158
18.089578835433944,15,3.0,-3836
18.08980634451912,1,4.0,7527
18.090416447021457,13,1.0,-5882
18.090451769034352,13,1.0,-5840
18.092215071137936,17,4.0,-2696
18.092455224972706,16,3.0,2822
18.09520910451189,3,38.0,7528
18.095767632807053,13,2.0,-5832
18.097391822518357,1,3.0,7529
18.09806313486837,5,2.0,0
18.098198457902402,13,4.0,-5801
18.09885508696229,5,1.0,0
18.100531246125186,13,1.0,-5952
18.101870524669458,13,2.0,-6142
18.102678127082783,5,1.0,0
18.102703194980922,17,2.0,-1598
18.103048769973135,13,1.0,-5969
18.104555088763398,5,12.0,0
18.10508721323138,5,15.0,0
18.105309466905503,17,2.0,-3026
18.105510551281096,15,2.0,-4017
18.105817147658275,5,4.0,0
18.105932448905264,14,1.0,-6296
18.107478465608605,13,22.0,-6176
18.108178502088442,13,1.0,-6139
18.10828455906712,14,4.0,-5873
18.109457571068457,14,31.0,-6116
18.110083168193814,14,23.0,-6319
18.110505769735475,13,1.0,-6107
18.111330366237297,17,7.0,-2752
18.112267635700967,15,1.0,-3961
18.113202906147613,9,3.0,7119
18.11441402284224,13,1.0,-5827
18.115343930289324,5,2.0,0
18.115373419001024,13,1.0,-6248
18.117437552506182,13,5.0,-5814
18.11787643449066,5,3.0,0
18.11917642010689,7,6.0,7134
18.119338844094013,17,3.0,-3336
18.120240782220787,13,2.0,-5951
18.12030033049699,13,2.0,-6146
18.120335053671464,15,1.0,-4061
18.120952796517923,15,1.0,-4174
18.12121188972473,14,3.0,-5838
18.122038059882772,13,1.0,-6212
18.122690685258366,13,3.0,-6040
18.122758153706336,6,14.0,7329
18.123242625292217,5,4.0,0
18.12389548193142,16,2.0,220
18.126309629132937,14,2.0,-6267
18.127759958787625,14,1.0,-5877
18.128623530743226,14,3.0,-5830
18.12893318260469,13,1.0,-5902
18.12980595020066,15,2.0,-3683
18.12996042007117,113,40.0,-5810
18.13030027462916,17,5.0,-1481
18.130875161915963,15,1.0,-3965
18.13285898056149,1,31.0,7530
18.132894561777373,4,3.0,7531
18.133106830156127,13,1.0,-6144
18.133401431844412,13,3.0,-5932
18.133893982958774,17,1.0,-1295
18.136757758059456,13,2.0,-5858
18.137240613435708,5,4.0,0
18.13826245588791,16,52.0,1446
18.13961802263983,16,1.0,4678
18.140045173783687,7,9.0,7061
18.14159694265839,5,4.0,0
18.142262571281808,5,4.0,0
18.14253988237552,17,1.0,-2254
18.14296237012434,5,1.0,0
18.143340534690168,5,1.0,0
18.143434220877594,16,6.0,3861
18.143679493007507,14,1.0,-5834
18.144058215535882,13,7.0,-6094
18.1442304564657,16,29.0,4122
18.144931227981424,13,1.0,-6334
18.14528268487673,15,13.0,-3928
18.147448016057098,13,5.0,-5922
18.149104989049064,15,3.0,-4158
18.14935617135573,13,4.0,-5780
18.149431430307875,5,2.0,0
18.15125126668993,5,1.0,0
18.151273821360263,13,2.0,-6175
18.1523173038637,5,4.0,0
18.153011229747616,5,3.0,0
18.153174988245564,15,13.0,-4147
18.153226779009678,16,49.0,1322
18.15389484932668,5,2.0,0
18.154104715672737,14,1.0,-6038
18.154110426056114,16,6.0,4266
18.15494198680208,5,1.0,0
18.156675488038417,5,3.0,0
18.157717239465594,5,2.0,0
18.15841414205058,15,1.0,-4044
18.15993325028848,13,20.0,-5991
18.16025590294822,17,2.0,-3034
18.160425204527456,13,5.0,-6239
18.161212384516073,5,3.0,0
18.161987772069082,15,44.0,-3715
18.16274041269724,5,4.0,0
18.16339904439292,14,5.0,-5819
18.163403697310883,15,27.0,-4050
18.16469765317912,13,2.0,-5813
18.165755971486,13,7.0,-5763
18.167027377835367,17,14.0,-1036
18.16727372949679,13,1.0,-5920
18.167366293849625,13,3.0,-6191
18.168373167615368,5,3.0,0
18.168916370293253,14,7.0,-6126
18.170041431709052,13,2.0,-6283
18.17012465607203,5,3.0,0
18.170813408252744,15,3.0,-3675
18.170813408252744,17,3.0,-3675
18.17082621964701,13,2.0,-6100
18.172063258333218,13,4.0,-5940
18.172221278094423,13,19.0,-6164
18.172734564671924,13,2.0,-6025
18.172795640408655,14,10.0,-5761
18.173504995713404,17,4.0,-3656
18.17396827887171,5,4.0,0
18.174076523499505,15,3.0,-3734
18.175150286676956,9,6.0,7198
18.176138987226068,13,1.0,-6262
18.176830179304808,15,19.0,-3935
18.176943547430398,15,3.0,-3800
18.177440573039302,17,1.0,-820
18.177560456910435,15,2.0,-3865
18.177624577800962,17,1.0,-3260
18.177905046309583,14,5.0,-6021
18.179097767106676,14,7.0,-5930
18.180525153439376,17,1.0,-3299
18.182322380765573,14,7.0,-5860
18.18400835342669,16,18.0,6074
18.184931163572077,13,2.0,-6228
18.185987605004602,15,2.0,-3783
18.18696943223415,17,2.0,-2407
18.187466697862952,16,38.0,2001
18.188687911658516,15,1.0,-3806
18.189024538160652,5,4.0,0
18.189839721238567,5,8.0,0
18.190264125932828,7,3.0,7111
18.19028720641548,15,7.0,-3757
18.190351357348653,14,2.0,-5995
18.190605565248017,13,1.0,-5960
18.191601726101435,6,2.0,7425
18.191673101276717,5,1.0,0
18.191836012975763,17,1.0,-2628
18.19251303497867,13,1.0,-5821
18.192539301418282,17,1.0,-1553
18.19279653597934,13,1.0,-6118
18.193477181926177,13,8.0,-6050
18.193725869159334,11,10.0,7377
18.194918024332978,17,2.0,-2993
18.195019725515145,5,3.0,0
18.19548835262467,13,14.0,-5799
18.195528812561893,15,4.0,-3702
18.195747102857318,10,10.0,7491
18.19651381343994,15,1.0,-3815
18.19673163466937,8,6.0,6217
18.197131543601024,6,10.0,7449
18.197283923939445,17,2.0,-1066
18.197956573376956,17,1.0,-3236
18.198787939525765,13,1.0,-6323
18.198916991176773,14,2.0,-5900
18.200825755986934,6,4.0,7337
18.201070762270362,17,1.0,-1792
18.201555683331442,5,4.0,0
18.203411269567965,15,2.0,-3710
18.20954105139948,5,3.0,0
18.210760699214187,14,12.0,-6166
18.211458118320962,17,1.0,-2497
18.21190858174522,15,3.0,-3822
18.21382260848137,15,4.0,-3995
18.21437436434871,14,2.0,-6261
18.215100486209607,14,4.0,-5984
18.21559459748568,5,9.0,0
18.217864805946306,15,1.0,-3974
18.2181243018816,14,5.0,-5978
18.21852039041227,13,1.0,-5921
18.218877935535566,5,3.0,0
18.2193467026494,9,7.0,7363
18.219567304621613,17,1.0,-472
18.22001819434136,13,2.0,-6326
18.220669606921817,15,1.0,-3980
18.221320918035026,17,1.0,-2439
18.221549038182527,13,7.0,-6128
18.221862204400914,17,1.0,-4780
18.222003988541037,5,2.0,0
18.22205393612597,7,3.0,7102
18.223449222694786,5,13.0,0
18.22465491805415,17,8.0,-3467
18.225344843073092,13,3.0,-6178
18.226087284025127,5,59.0,0
18.226221562027433,13,1.0,-5918
18.226682872223762,13,13.0,-6125
18.23026699046484,13,1.0,-5846
18.230657150189412,16,3.0,4879
18.23130773250617,14,3.0,-6259
18.232540046988024,13,2.0,-5941
18.233330660255184,17,2.0,-3387
18.233452016198488,16,50.0,5403
18.23349189445794,15,1.0,-3876
18.234565786536912,15,4.0,-3762
18.234703527661228,5,1.0,0
18.234943510160253,13,1.0,-5875
18.235153643262688,5,6.0,0
18.237201304482785,6,11.0,7467
18.237508631110636,17,2.0,-4647
18.23774412878788,15,2.0,-3889
18.23802650000001,5,1.0,0
18.238072640071618,14,3.0,-6331
18.239374630940393,15,1.0,-3718
18.240046137714593,15,2.0,-3907
18.24060662992162,13,5.0,-5795
18.24084633282595,6,9.0,7516
18.24208582949623,13,4.0,-6169
18.243389758039054,13,2.0,-6096
18.243424016838727,13,5.0,-5760
18.244452164305695,5,5.0,0
18.246295776202487,14,6.0,-6053
18.246917664407075,7,1.0,7398
18.249098060799316,13,3.0,-6272
18.25031960256299,13,2.0,-5772
18.25048478738682,12,10.0,7491
18.250749193656844,16,53.0,711
18.251385107192558,15,3.0,-4171
18.25144683346206,17,1.0,-533
18.251933255016343,5,2.0,0
18.252081471573753,8,5.0,7480
18.252243179407298,5,1.0,0
18.252628479455677,13,2.0,-6092
18.253058535615107,7,2.0,7399
18.253794853462214,113,55.0,-5926
18.253795819219985,13,1.0,-6177
18.25631411177056,13,4.0,-6174
18.256692738305354,13,2.0,-5935
18.2568565188091,5,2.0,0
18.2570534044017,5,3.0,0
18.25719351477961,14,1.0,-5864
18.25810634077675,5,7.0,0
18.25938928710867,16,9.0,2986
18.261086987962358,13,5.0,-6011
18.261176173544854,14,1.0,-6242
18.26242879752492,17,2.0,-3095
18.263926356683317,13,3.0,-6006
18.26504910461144,14,1.0,-5976
18.26551594174163,13,1.0,-6236
18.266995372716536,13,3.0,-6180
18.267157002257697,13,6.0,-5913
18.267633685044203,113,19.0,-6223
18.270197849274343,5,1.0,0
18.27039757901652,6,4.0,7527
18.270402640699903,13,2.0,-5835
18.273488273270676,14,4.0,-5994
18.27356678399249,13,7.0,-6273
18.27403735792842,15,1.0,-3711
18.27464398217317,13,11.0,-5897
18.274889824115558,7,1.0,7446
18.27561095814396,5,3.0,0
18.27658726050196,13,2.0,-5905
18.277190556156942,14,1.0,-6149
18.278393608478662,13,6.0,-6245
18.279367033295713,13,3.0,-6091
18.28150870945129,15,1.0,-3847
18.282942047132924,13,1.0,-5828
18.283390073887922,17,6.0,-2520
18.283821049478483,5,9.0,0
18.284393594855697,13,4.0,-6037
18.286027287445155,14,14.0,-6308
18.286050179699817,5,11.0,0
18.288527692010756,17,1.0,-981
18.289973412517746,15,1.0,-3722
18.290822963688342,17,1.0,-2754
18.29133779302433,17,1.0,-4805
18.29156783342306,5,1.0,0
18.292105877885987,14,3.0,-5895
18.292301359327265,5,1.0,0
18.293027952408853,14,6.0,-6026
18.29457889696693,7,7.0,6902
18.297859072094322,14,1.0,-6274
18.298199558378464,17,1.0,-2970
18.298883900216428,11,13.0,7025
18.300499358487976,17,3.0,-3453
18.302246121301035,5,10.0,0
18.303365930236794,13,30.0,-6042
18.30373132383088,13,3.0,-6123
18.303904686236393,5,16.0,0
18.30422983690386,5,1.0,0
18.304673490547344,5,3.0,0
18.305757310640374,17,3.0,-4693
18.306342109163815,14,4.0,-5937
18.307265710375024,14,4.0,-5767
18.30825240056172,5,2.0,0
18.30874795346616,113,60.0,-5842
18.308805291105305,14,3.0,-6136
18.31002687508215,17,6.0,-1274
18.310820775213966,5,4.0,0
18.31306042397985,7,17.0,6830
18.313546051260246,17,1.0,-485
18.31381307642582,5,3.0,0
18.314339165152205,5,15.0,0
18.31504943952484,17,3.0,-89
18.316136961506704,17,4.0,-3337
18.317077008604727,13,3.0,-5871
18.318789233194764,5,2.0,0
18.31896364654967,17,2.0,-2670
18.31900895202737,5,5.0,0
18.32023539234753,8,26.0,5679
18.320447792423042,14,8.0,-5981
18.320915896086163,17,1.0,-129
18.321811263006893,14,5.0,-5785
18.32249975477751,13,5.0,-6000
18.322625849713713,17,1.0,-4430
18.325054073032902,14,7.0,-6008
18.326886051544978,17,1.0,-3539
18.32852330307907,13,2.0,-5874
18.328597642585887,17,2.0,-5389
18.32922275125113,15,2.0,-3936
18.329768975075968,13,2.0,-5974
18.33206329750405,13,1.0,-5865
18.33268022613751,5,3.0,0
18.33345920513774,5,2.0,0
18.33406059349176,17,24.0,-3210
18.334379510370535,13,1.0,-6213
18.334731273376704,17,4.0,-5190
18.33591766131535,13,3.0,-5950
18.33639264692546,5,3.0,0
18.336403816019242,1,2.0,7532
18.338157227038124,13,7.0,-6081
18.340069672808454,13,2.0,-6293
18.340252531655437,17,1.0,-2586
18.340684445208336,5,3.0,0
18.341357543974716,5,5.0,0
18.341463145059492,17,2.0,-2312
18.3422951497365,13,1.0,-6127
18.342975128028232,13,1.0,-6304
18.343036355186563,1,2.0,7533
18.34306287085861,17,1.0,-1782
18.343204437987175,6,4.0,7445
18.343778830226444,14,2.0,-6211
18.344208289703495,5,4.0,0
18.344331705596264,5,1.0,0
18.344352021953057,5,1.0,0
18.344841937337172,14,1.0,-5850
18.3452889447594,16,2.0,3727
18.345363378994502,13,5.0,-6110
18.34595220245159,13,3.0,-6085
18.349633956739076,5,3.0,0
18.35085265958124,17,4.0,-5281
18.35090636610844,17,1.0,-2814
18.351184580951166,5,3.0,0
18.35179595624872,15,5.0,-3810
18.353179588536136,6,1.0,7505
18.3542656474927,16,39.0,641
18.354955095751343,13,4.0,-6286
18.355036494746475,5,3.0,0
18.356831225381114,17,11.0,-4203
18.3578868104138,13,3.0,-6029
18.358675602981556,13,2.0,-6077
18.359008902249442,14,1.0,-5948
18.359300312287615,7,3.0,7165
18.36027751481661,13,1.0,-6153
18.36066915780766,14,3.0,-6104
18.36084243943052,5,5.0,0
18.361913494434337,15,2.0,-3971
18.362240983553672,7,5.0,7333
18.36350486743711,17,1.0,-5710
18.364095400546617,17,3.0,-2938
18.364237045532853,17,1.0,-1017
18.36425645419957,14,1.0,-5945
18.364518186835358,4,40.0,7534
18.364930107748446,17,8.0,-3472
18.36524548477376,5,4.0,0
18.36584291926749,13,2.0,-6079
18.367180424785147,5,19.0,0
18.367691305085593,13,1.0,-5862
18.37028149201159,9,39.0,6944
18.371114748465217,17,6.0,-4627
18.371632962006633,13,1.0,-5849
18.37262275339402,17,4.0,-571
18.373883133665977,5,3.0,0
18.374976504786773,5,1.0,0
18.375957349426127,15,3.0,-3799
18.376330471623806,14,1.0,-6073
18.376421259492716,5,2.0,0
18.379076192029896,17,1.0,-5461
18.381166362762098,13,1.0,-6010
18.382259545423597,17,2.0,-807
18.38471055249387,13,3.0,-6185
18.385016343141704,13,2.0,-5809
18.385318409191537,14,1.0,-6084
18.386171391607835,14,2.0,-5933
18.386536656860788,1,3.0,7535
18.38656341503201,13,2.0,-6277
18.386675761809773,13,4.0,-5972
18.387694437121862,5,2.0,0
18.389011922917856,13,7.0,-6338
18.390576379980235,5,3.0,0
18.390624586431002,15,1.0,-3930
18.391726343002336,5,1.0,0
18.39237922820684,5,52.0,0
18.393285852011992,14,7.0,-6143
18.39331345588756,14,1.0,-6322
18.39373954530972,13,1.0,-6148
18.39381925394942,14,4.0,-5755
18.395100302850153,14,2.0,-6099
18.39568062839163,13,1.0,-6106
18.395745784150225,14,2.0,-5943
18.397210730067503,13,2.0,-6101
18.398528245208784,13,1.0,-5927
18.399813798978464,13,2.0,-6005
18.40022903073727,1,6.0,7536
18.401054570453987,5,15.0,0
18.401951401866665,5,2.0,0
18.40211190814031,16,1.0,7262
18.40457169128913,13,46.0,-6182
18.405079460384865,6,2.0,7533
18.40523673052685,17,2.0,-947
18.40556071600889,13,1.0,-5881
18.40661679225187,5,1.0,0
18.407045588784168,5,5.0,0
18.408637374282787,1,11.0,7537
18.40887014109727,5,4.0,0
18.408874990707695,17,2.0,-695
18.41061890847607,5,3.0,0
18.410622671900853,16,1.0,3425
18.411279335956745,13,1.0,-6121
18.411801047950497,6,22.0,7171
18.41186517914909,17,4.0,-24
18.41360486743044,14,5.0,-6330
18.414810595621066,13,2.0,-5823
18.41510962741263,1,3.0,7538
18.41549645492705,17,1.0,-4003
18.417426678240794,9,2.0,7143
18.41755524284004,17,4.0,-4969
18.418753834198156,5,4.0,0
18.41936424184807,15,4.0,-3773
18.419726077000032,17,4.0,-4214
18.419835960111264,17,3.0,-5187
18.420101528724327,16,3.0,4313
18.420905218157056,17,3.0,-5206
18.422255972198904,13,3.0,-6230
18.42309492301511,5,1.0,0
18.424504787351868,5,7.0,0
18.424597398718994,17,16.0,-1671
18.424804221037896,15,6.0,-3735
18.425163448645975,13,1.0,-5859
18.425856531647703,13,8.0,-6039
18.425884793768525,14,3.0,-6030
18.425978665070826,5,3.0,0
18.425994087652825,14,13.0,-5766
18.42729303037143,9,5.0,7480
18.42759137807483,13,1.0,-5839
18.42774446776279,6,4.0,7458
18.428017730029815,13,3.0,-6152
18.42856286544717,13,1.0,-5893
18.428949428007385,17,1.0,-1183
18.42896821588375,17,1.0,-3456
18.428979362467423,5,3.0,0
18.429535911889488,17,8.0,-822
18.430833727436514,13,15.0,-6048
18.431517519304926,5,3.0,0
18.431655697193992,13,1.0,-6289
18.43209640522396,14,2.0,-5829
18.435590771592455,13,1.0,-6305
18.4360079646353,1,1.0,7539
18.43732609366374,14,4.0,-6082
18.438197515869376,13,7.0,-5958
18.438487686022,5,7.0,0
18.439245030759945,13,1.0,-6207
18.439830786514822,14,3.0,-6132
18.44091565799152,13,2.0,-6049
18.440958188211095,13,3.0,-6235
18.44203585314179,15,2.0,-3699
18.443575552899958,14,6.0,-5892
18.44385297413333,16,5.0,3189
18.44471912280861,13,2.0,-6173
18.445890715981566,5,2.0,0
18.4467033002542,5,2.0,0
18.44672456359816,5,3.0,0
18.447039219449778,7,2.0,7497
18.447445490225636,5,4.0,0
18.447717173194842,15,3.0,-4160
18.447983901102,13,3.0,-6119
18.448731241829208,5,1.0,0
18.450707960260917,15,3.0,-3780
18.451307408116193,16,2.0,7015
18.451685059248383,13,3.0,-6141
18.453470205366187,13,1.0,-6080
18.454252248793686,1,2.0,7540
18.455450130482188,13,1.0,-5851
18.455669949595336,5,3.0,0
18.456476382371648,13,2.0,-6020
18.456603131370557,14,1.0,-5887
18.457427332747635,13,1.0,-5957
18.458942151902924,13,12.0,-6318
18.459975495189806,5,4.0,0
18.460359505575294,5,1.0,0
18.46079565683385,13,1.0,-5936
18.460939323218447,13,1.0,-6032
18.461185760581614,13,1.0,-6255
18.461199782462582,13,2.0,-6052
18.4614255135425,8,4.0,7458
18.46250637587087,17,4.0,-4852
18.46339446274457,113,32.0,-6220
18.463715482165405,14,3.0,-6120
18.466347640955114,17,3.0,-4871
18.466382841380895,13,4.0,-6161
18.468204599578964,13,3.0,-5954
18.468373068114023,14,4.0,-5781
18.468697298449126,13,1.0,-6314
18.4697197939424,5,8.0,0
18.470397230769226,5,8.0,0
18.470460976574227,17,3.0,-4697
18.470821011394897,13,2.0,-5888
18.472475542601636,9,58.0,7390
18.472930176180405,14,2.0,-5934
18.473224015114187,13,2.0,-5869
18.474189087946318,17,12.0,-3626
18.474582321565045,17,1.0,-2
18.4747556943573,15,3.0,-3749
18.47526337881071,16,3.0,5861
18.475549954811473,14,3.0,-5975
18.475731263606676,13,5.0,-6224
18.47675172989112,15,4.0,-3854
18.477639510519843,13,4.0,-6122
18.47859765545592,1,2.0,7541
18.478895434200524,13,4.0,-6074
18.479919749497768,17,3.0,-2158
18.48039192787886,13,2.0,-5959
18.48136556246105,5,2.0,0
18.482348206466362,7,16.0,7418
18.48296191074685,5,1.0,0
18.484544811986204,13,9.0,-5843
18.48514605988872,5,10.0,0
18.48538572904549,14,1.0,-6290
18.485661060877142,7,1.0,7305
18.486138153196613,17,1.0,-3771
18.48832510761438,17,33.0,-4671
18.48875387415397,13,6.0,-5962
18.490538737238246,17,3.0,-2866
18.490623010132847,14,5.0,-5762
18.490823124025844,17,1.0,-5625
18.491668268571498,16,2.0,6989
18.493026740067762,17,5.0,-1891
18.49311618442528,17,3.0,-2510
18.49370317571434,5,3.0,0
18.49428162628365,17,1.0,-2373
18.49527738527514,5,1.0,0
18.49542481424461,6,2.0,7525
18.495839451848507,5,4.0,0
18.496915894178034,15,4.0,-3803
18.497456610055583,13,2.0,-5793
18.49818071452103,15,4.0,-4062
18.499597516027467,14,8.0,-5800
18.49968144588986,5,5.0,0
18.50040677231329,17,1.0,-1966
18.50054774576082,17,1.0,-880
18.50075893104719,14,4.0,-6075
18.50075893104719,17,4.0,-6075
18.501509687330756,14,1.0,-6089
18.501509687330756,17,1.0,-6089
18.502473534984215,13,6.0,-6219
18.503633200454818,13,2.0,-5949
18.50386636220404,5,1.0,0
18.504730116756445,17,1.0,-2687
18.50509228417095,15,2.0,-4008
18.505552845634156,6,1.0,7518
18.50565464097374,14,1.0,-6215
18.50565464097374,17,1.0,-6215
18.506514083087556,17,1.0,-1065
18.507531631401,15,4.0,-3945
18.507968338213182,17,2.0,-3157
18.508693574658555,17,4.0,-2420
18.50878820205632,16,9.0,2116
18.509207512986116,13,2.0,-5866
18.509838463776457,14,3.0,-5798
18.511787914863664,13,4.0,-6298
18.51340059291,13,5.0,-5901
18.513405294661894,5,1.0,0
18.514347155796024,17,8.0,-202
18.51813671452197,13,3.0,-6257
18.51813671452197,17,3.0,-6257
18.518289154468107,17,1.0,-5609
18.51868116103564,15,1.0,-4153
18.51983676337397,5,3.0,0
18.52132192856137,13,1.0,-6001
18.52132192856137,17,1.0,-6001
18.52230189990634,14,1.0,-6233
18.523737864927604,6,3.0,7535
18.525002646053228,13,1.0,-6237
18.525456123710143,5,6.0,0
18.525631348750114,17,7.0,-3306
18.52594596644979,14,4.0,-6279
18.526825525371702,13,2.0,-6321
18.52699908691713,14,2.0,-6337
18.52699908691713,17,2.0,-6337
18.52769112677748,14,3.0,-5971
18.528308118217847,16,3.0,5044
18.5293872448773,14,1.0,-5939
18.5293872448773,17,1.0,-5939
18.529640781522914,14,2.0,-6256
18.53156566020937,13,2.0,-5845
18.53178836324384,17,1.0,-2069
18.531926569032134,14,1.0,-5805
18.532378819553408,13,1.0,-6024
18.533466344867524,13,2.0,-6187
18.533500603888324,13,8.0,-6057
18.533500603888324,17,8.0,-6057
18.533673254373088,11,3.0,7503
18.53414804552153,13,2.0,-6328
18.534807881363367,5,1.0,0
18.534832455266105,13,1.0,-5803
18.536488745119005,17,3.0,-5443
18.53666615120188,13,2.0,-5886
18.538184913091726,5,4.0,0
18.538511473376776,1,6.0,7542
18.538560602681805,17,11.0,-5270
18.53897558315565,17,4.0,-4926
18.53913245164286,17,1.0,-2618
18.539727763057257,14,15.0,-5768
18.54257501139463,13,2.0,-6064
18.543356132458577,13,2.0,-5759
18.545211258711504,14,5.0,-6098
18.545211258711504,17,5.0,-6098
18.54595332987605,9,4.0,6954
18.54626673142507,17,3.0,-980
18.547562336111366,6,4.0,7513
18.547787424115672,14,4.0,-6335
18.547787424115672,17,4.0,-6335
18.548872972480996,13,1.0,-5989
18.548872972480996,17,1.0,-5989
18.54922731844917,17,5.0,-4517
18.549962183560005,17,3.0,-3845
18.551235833087016,5,7.0,0
18.551556481031948,5,4.0,0
18.551949081491937,7,2.0,7326
18.55214296365741,16,3.0,2401
18.55260857019369,15,2.0,-4014
18.552772125128836,6,1.0,7478
18.553379674679036,13,12.0,-6041
18.553379674679036,17,12.0,-6041
18.555234479211865,13,7.0,-6226
18.55528852798942,15,5.0,-4138
18.555580875301324,5,15.0,0
18.55608010914492,5,3.0,0
18.556120603380865,13,2.0,-6046
18.556120603380865,17,2.0,-6046
18.5568535399732,13,1.0,-5968
18.5568535399732,17,1.0,-5968
18.557731526474146,5,4.0,0
18.558136447430034,13,17.0,-5770
18.56117617622823,13,1.0,-6300
18.562489129199,17,2.0,-74
18.56340885276793,17,5.0,-1575
18.566616660082026,15,1.0,-3859
18.56662458358229,6,11.0,7537
18.56682861033283,13,1.0,-6234
18.56689858546501,17,1.0,-347
18.56716422940895,5,3.0,0
18.567463155132522,13,2.0,-5919
18.567676776176846,14,3.0,-5970
18.568072776617537,13,2.0,-6090
18.56958897482726,14,5.0,-6007
18.571288157232225,113,27.0,-6190
18.572079844434096,6,2.0,7541
18.5724486873855,13,1.0,-5996
18.57407096495589,17,3.0,-5066
18.57563296631465,17,1.0,-2583
18.57633133616752,16,7.0,2966
18.577285279384157,6,6.0,7536
18.577530958174176,17,1.0,-2125
18.57808150433123,14,1.0,-6088
18.57808150433123,17,1.0,-6088
18.57824919919516,14,4.0,-6312
18.578342830356394,5,2.0,0
18.579021689503836,6,7.0,7466
18.580421562743318,13,1.0,-5946
18.580421562743318,17,1.0,-5946
18.58187654165104,5,3.0,0
18.58198265098685,15,1.0,-3920
18.582152904178834,14,1.0,-6194
18.5833111755845,6,1.0,7249
18.5834273463512,15,1.0,-3870
18.58550108023787,5,2.0,0
18.586009276899443,13,1.0,-6043
18.586107171428356,13,5.0,-5825
18.58641137070609,13,2.0,-5764
18.587278548916903,13,1.0,-5837
18.58742799591319,7,2.0,7386
18.588065741562268,14,1.0,-6270
18.588768050556496,13,1.0,-5988
18.589658282417467,14,9.0,-5787
18.58971677861919,5,2.0,0
18.591230993607688,17,1.0,-973
18.593645171964546,17,2.0,-718
18.59451319980806,5,9.0,0
18.59459151883921,14,2.0,-6287
18.594591702780296,5,4.0,0
18.59703030423992,13,4.0,-5808
18.59784861852237,3,51.0,7543
18.598181017746406,17,1.0,-785
18.598587655042625,13,2.0,-5856
18.599075804916353,14,8.0,-6188
18.599379995778076,13,1.0,-5775
18.59949351867621,15,4.0,-3703
18.599626679459117,7,1.0,7448
18.60058692874192,16,7.0,4760
18.600751813198936,6,4.0,7263
18.601765447372525,13,7.0,-5917
18.602344693992478,17,2.0,-2685
18.60362310747787,14,4.0,-6095
18.60435286444947,13,4.0,-5987
18.60440024603466,6,12.0,7176
18.60546135170872,17,2.0,-5306
18.605505887212242,17,3.0,-4469
18.605907694547323,13,1.0,-6299
18.606197047942572,5,1.0,0
18.60640426139021,13,10.0,-5880
18.606954471264544,13,5.0,-6199
18.60757261524536,7,4.0,7204
18.608084230065046,7,4.0,7128
18.60817631358726,1,6.0,7544
18.60866486698496,7,8.0,7454
18.6086789396912,14,3.0,-6214
18.609175431218453,17,1.0,-3388
18.609512691527208,16,48.0,2231
18.6099304550499,14,3.0,-6317
18.610547342905118,5,2.0,0
18.61109777266866,13,5.0,-5802
18.611873167417272,13,2.0,-6192
18.612456569695475,17,1.0,-4356
18.614695703422086,13,3.0,-6184
18.614695703422086,17,3.0,-6184
18.61483697394151,17,4.0,-3898
18.614946630862935,7,3.0,7507
18.61495168402736,17,4.0,-60
18.616312953015417,13,25.0,-6114
18.616470061113745,15,1.0,-3725
18.616795633054352,13,6.0,-6124
18.616874012368896,5,4.0,0
18.617100659724933,13,1.0,-6276
18.617100659724933,17,1.0,-6276
18.61746340321382,15,1.0,-4127
18.618240862117474,13,1.0,-5794
18.61832127535142,13,6.0,-5782
18.61886110450383,14,2.0,-6249
18.621329347694722,14,2.0,-5944
18.62150883574457,15,8.0,-3910
18.621631897379775,13,2.0,-5857
18.622354975417778,1,2.0,7545
18.62319000009462,6,2.0,7532
18.62402208647857,13,3.0,-6294
18.624279071031005,113,44.0,-5891
18.625651616196205,5,1.0,0
18.62584992105478,16,4.0,3566
18.625943133258236,13,2.0,-5890
18.625943133258236,17,2.0,-5890
18.62634621862858,13,2.0,-5820
18.626553358064086,13,1.0,-5915
18.626570962541255,5,7.0,0
18.626696557147497,13,7.0,-5818
18.626905404729374,6,1.0,7208
18.627000875026855,14,1.0,-5847
18.627004627981687,17,11.0,-792
18.628169794013754,15,3.0,-3791
18.63120048054561,17,10.0,-3523
18.632157310964907,13,3.0,-5938
18.632157310964907,17,3.0,-5938
18.63290977528398,16,3.0,6044
18.633556662880153,17,2.0,-1080
18.634801683391828,5,1.0,0
18.636232366442332,11,8.0,7462
18.636714636889728,5,2.0,0
18.637404864882114,5,9.0,0
18.637733171220404,7,8.0,7470
18.638669100328798,5,3.0,0
18.638807385713626,16,17.0,5569
18.63932902719022,13,1.0,-5953
18.639415843037593,5,3.0,0
18.639789721468155,5,1.0,0
18.643644815835106,14,5.0,-5956
18.64448420882076,9,59.0,7385
18.646595600337058,6,5.0,7509
18.648089852511003,6,7.0,7526
18.65001299692489,17,1.0,-1054
18.650125553174533,17,3.0,-2704
18.650181883725004,17,2.0,-3884
18.651869967036003,5,4.0,0
18.651875733685365,14,15.0,-5852
18.652255399323582,1,4.0,7546
18.65294905409467,17,14.0,-3544
18.653790261096322,1,2.0,7547
18.654082659261466,13,1.0,-5904
18.654815521195836,17,3.0,-2363
18.654985226134492,15,5.0,-4131
18.655121024969276,13,5.0,-6105
18.65553923788097,14,9.0,-6035
18.65620540638576,16,1.0,3597
18.65629143896621,5,7.0,0
18.65650417916223,13,1.0,-6292
18.65808267558767,14,2.0,-6181
18.65894578245918,5,3.0,0
18.66052607412063,17,3.0,-4888
18.661551394994113,13,5.0,-5982
18.66263452218675,14,4.0,-6264
18.66263452218675,17,4.0,-6264
18.663784212794702,13,1.0,-6034
18.663784212794702,17,1.0,-6034
18.66406725590234,14,1.0,-6266
18.66406725590234,17,1.0,-6266
18.664598956636205,17,6.0,-4351
18.664932892190055,5,3.0,0
18.665298637671413,16,7.0,6257
18.66583669058217,17,3.0,-2950
18.66597263288528,13,1.0,-5831
18.666073575500906,13,1.0,-5967
18.666549168094917,16,1.0,3068
18.667592495637386,17,4.0,-3939
18.667643108489827,17,6.0,-5646
18.669111550478128,13,3.0,-6036
18.66919510367381,13,6.0,-5812
18.66919510367381,17,6.0,-5812
18.669724531778005,13,1.0,-6311
18.66993537810159,15,3.0,-3860
18.670843673263647,17,3.0,-1191
18.67263921262092,13,1.0,-5973
18.672956199543187,10,9.0,7500
18.673704262560527,13,7.0,-6295
18.673753651503887,16,7.0,4761
18.67476812691895,17,8.0,-105
18.675036576332374,6,2.0,7464
18.67597882625286,9,6.0,6217
18.676050574384664,13,2.0,-6183
18.676585665446712,14,58.0,-6135
18.676645918818963,17,1.0,-3578
18.677002743572494,5,3.0,0
18.677363856183003,13,14.0,-5797
18.677499675342304,6,2.0,7540
18.677669341589752,5,4.0,0
18.677764956992974,5,2.0,0
18.68147756274378,16,1.0,4151
18.68322551133268,6,6.0,7542
18.683535720467592,14,1.0,-5964
18.68386144480725,5,2.0,0
18.684456657724038,14,2.0,-5807
18.685153797646354,13,1.0,-6028
18.685645433905655,5,18.0,0
18.68621122822186,17,1.0,-2534
18.687745311041677,6,2.0,7519
18.688700768318675,16,1.0,4439
18.689185929235556,13,2.0,-6227
18.689185929235556,17,2.0,-6227
18.689303635664277,13,15.0,-6285
18.692866080192246,14,5.0,-5774
18.692866080192246,17,5.0,-5774
18.693280482160528,13,6.0,-6155
18.693288861085342,13,3.0,-6129
18.694625528444572,13,6.0,-6018
18.694625528444572,17,6.0,-6018
18.694685203367538,13,1.0,-6333
18.695722903511214,5,1.0,0
18.69663600838231,13,1.0,-6297
18.698909797825586,5,3.0,0
18.700094288661088,5,11.0,0
18.700769823240734,14,7.0,-6284
18.70087673481485,13,2.0,-6203
18.702630813615343,14,9.0,-6087
18.703167542129513,13,1.0,-6162
18.705354336612537,17,1.0,-4274
18.705559130683184,13,1.0,-5980
18.705743774325736,16,3.0,2498
18.706032099606563,13,1.0,-6061
18.706032099606563,17,1.0,-6061
18.706314578338514,5,4.0,0
18.707822506676052,5,1.0,0
18.708437830218774,14,12.0,-5993
18.710068962476946,13,3.0,-5916
18.71015342742565,15,5.0,-3828
18.71026147368016,13,2.0,-6241
18.71026147368016,17,2.0,-6241
18.712291209799893,13,4.0,-6027
18.712291209799893,17,4.0,-6027
18.712448597137403,14,3.0,-6193
18.713598355046756,5,1.0,0
18.714278029357974,5,23.0,0
18.714967984745094,17,6.0,-1164
18.717570362327212,14,13.0,-5872
18.717570362327212,17,13.0,-5872
18.71778497520652,15,1.0,-4043
18.717845592799577,16,4.0,4394
18.717985313177916,5,5.0,0
18.71826292578159,5,5.0,0
18.718531687962567,13,3.0,-5817
18.71884255115574,6,6.0,7544
18.72041171575476,13,1.0,-5992
18.721096246192563,10,3.0,7531
18.721824916645218,17,12.0,-3245
18.72298183618004,8,11.0,7467
18.723568057139477,14,5.0,-6269
18.72523931055526,14,1.0,-5998
18.72664879293673,6,2.0,7547
18.726875249277903,14,2.0,-6013
18.7276900402627,15,4.0,-3944
18.72840677595676,13,2.0,-6281
18.728560280619813,14,3.0,-6059
18.72903194816658,13,1.0,-5942
18.729131262207677,13,2.0,-6205
18.730660967594915,13,4.0,-5931
18.731307810544195,6,3.0,7490
18.731691652910804,17,2.0,-3752
18.732339644094804,113,34.0,-6246
18.733491154397637,13,1.0,-6172
18.733491154397637,17,1.0,-6172
18.734201351475924,17,1.0,-421
18.734202219613696,5,3.0,0
18.735084190461187,13,5.0,-6250
18.735084190461187,17,5.0,-6250
18.735097178302116,13,1.0,-6329
18.735097178302116,17,1.0,-6329
18.735868815866382,5,4.0,0
18.736341775453525,15,12.0,-3723
18.73641677599902,13,1.0,-6332
18.739194842529,16,14.0,1400
18.73953765826258,14,1.0,-5907
18.74022204539285,14,1.0,-5883
18.74071551759077,5,19.0,0
18.740756324544183,5,2.0,0
18.74122571320704,7,10.0,7447
18.741985746540973,5,1.0,0
18.74578297303598,17,1.0,-2759
18.746267033417706,3,57.0,7548
18.747167951444098,17,2.0,-5
18.748534954174364,13,1.0,-5783
18.74888562418598,13,1.0,-5758
18.750658021948155,13,1.0,-6002
18.750900606086688,17,1.0,-2491
18.751535796357455,16,44.0,1362
18.752200430582647,13,1.0,-5754
18.75233401943373,7,3.0,7471
18.753535750765167,13,5.0,-5855
18.753953886481536,13,2.0,-6058
18.753953886481536,17,2.0,-6058
18.754752467801616,13,1.0,-5999
18.75567272646476,1,8.0,7549
18.75630249368212,5,2.0,0
18.756765042884215,5,9.0,0
18.757724193902604,1,5.0,7550
18.757957903613292,14,1.0,-5788
18.75802744304211,13,2.0,-5757
18.75802744304211,17,2.0,-5757
18.759974194951635,17,1.0,-2722
18.760269738284013,13,11.0,-6171
18.760316167846245,5,10.0,0
18.760379507531425,17,1.0,-1427
18.760550659437882,10,57.0,7548
18.76082404025702,17,1.0,-4283
18.760912020157043,13,1.0,-5885
18.761029576802514,14,1.0,-5896
18.76202884508115,17,1.0,-5692
18.762419601874313,15,1.0,-4076
18.762570463117115,5,1.0,0
18.763416179691312,17,4.0,-1764
18.763455417773038,14,1.0,-6186
18.763638617139836,12,56.0,7474
18.764576701177,14,1.0,-5899
18.76532446134337,13,45.0,-5876
18.76551089424704,9,6.0,7162
18.766054752893865,16,20.0,719
18.766250435585864,13,4.0,-5771
18.766752391903566,13,2.0,-5833
18.76688504562376,13,1.0,-6022
18.76688504562376,17,1.0,-6022
18.767113688817428,14,2.0,-6068
18.76802452928824,17,3.0,-1116
18.768103097721735,14,2.0,-6198
18.76937163889418,13,1.0,-5796
18.769751511316283,5,37.0,0
18.769913079480865,5,1.0,0
18.77069078453284,13,1.0,-6145
18.771196423176054,16,3.0,208
18.77132161191621,5,24.0,0
18.773723331838255,7,4.0,7252
18.774566456161892,5,1.0,0
18.77527720926194,5,1.0,0
18.775425350427234,17,1.0,-368
18.77628980338442,5,3.0,0
18.777614280895286,14,1.0,-5836
18.77793646999775,13,2.0,-6062
18.77793646999775,17,2.0,-6062
18.778023237933454,14,2.0,-5784
18.77839278237016,5,1.0,0
18.778523521453874,13,7.0,-6140
18.779111153993863,13,1.0,-6301
18.77930090126891,15,3.0,-3978
18.780224401091054,13,3.0,-6051
18.780224401091054,17,3.0,-6051
18.780363601255573,15,3.0,-3805
18.780664468151908,17,3.0,-3644
18.781313404830268,16,2.0,486
18.78306964434941,17,4.0,-689
18.783845343637925,5,4.0,0
18.78399238418329,14,1.0,-5773
18.78498992182491,6,9.0,7164
18.787702834307936,14,1.0,-6202
18.788471955099894,13,5.0,-6218
18.788471955099894,17,5.0,-6218
18.788903445526596,13,2.0,-6115
18.78967966981255,5,2.0,0
18.79121340073988,13,1.0,-6147
18.79128471543948,5,1.0,0
18.791566131378417,17,4.0,-3005
18.791649110395554,17,5.0,-4853
18.79209997754055,15,2.0,-4162
18.79252953454261,13,2.0,-6004
18.793211321634065,5,2.0,0
18.793531958725165,15,1.0,-4167
18.794084168383645,1,7.0,7551
18.7948139837067,16,51.0,583
18.7950763072775,14,10.0,-6309
18.796047512483938,15,2.0,-3877
18.796645212715628,13,4.0,-6017
18.797072956719077,13,7.0,-5966
18.797369149672186,15,3.0,-3768
18.797969055708197,17,1.0,-2123
18.797982321205513,17,4.0,-409
18.798170279642545,13,1.0,-6047
18.798272159103604,14,1.0,-5779
18.800173618427337,7,3.0,7413
18.800379246157934,17,4.0,-516
18.802059828136976,14,2.0,-5911
18.802059828136976,17,2.0,-5911
18.80249564681113,5,2.0,0
18.80338319652395,4,12.0,7552
18.80358462580674,13,1.0,-5908
18.803968819417534,13,1.0,-6196
18.804802842017658,5,2.0,0
18.805402410382083,15,4.0,-3994
18.805530975913374,13,23.0,-5854
18.806060725153642,13,1.0,-6336
18.806060725153642,17,1.0,-6336
18.807352142681907,7,2.0,7459
18.80935427353917,13,1.0,-6063
18.809643459482423,9,26.0,5679
18.811432074340296,13,1.0,-5786
18.812095302103764,7,1.0,7184
18.812960935206323,15,1.0,-3899
18.813010372816386,17,24.0,-1402
18.813763260634765,13,1.0,-5879
18.817602233867056,14,2.0,-6151
18.819275542407826,6,4.0,7501
18.81955280292615,17,12.0,-4844
18.819881209548225,15,3.0,-3700
18.82026737127477,13,3.0,-6221
18.82026737127477,17,3.0,-6221
18.820443448337848,10,40.0,7534
18.821666745312953,15,1.0,-3724
18.823608036894782,15,1.0,-4128
18.8240138053156,5,3.0,0
18.825201238341762,17,4.0,-1796
18.82571362702133,14,2.0,-6071
18.826254787025228,13,3.0,-6271
18.826563734894272,17,2.0,-3070
18.828431116780003,17,5.0,-3257
18.829030000268492,1,12.0,7553
18.829789182494146,13,1.0,-6252
18.830488575745868,17,3.0,-5523
18.83083912254586,13,1.0,-5985
18.831049488284723,14,2.0,-5977
18.831083718772266,113,38.0,-6109
18.831225870268103,13,1.0,-6130
18.83172171594342,15,1.0,-4053
18.831733949823988,13,2.0,-6275
18.831733949823988,17,2.0,-6275
18.83205137730045,15,3.0,-4035
18.83231877086809,13,59.0,-6012
18.8327470950733,13,2.0,-6112
18.833681253747148,13,9.0,-6019
18.835281379176788,13,5.0,-6056
18.835281379176788,17,5.0,-6056
18.838340301826477,17,3.0,-3649
18.838971846461483,17,2.0,-2580
18.839147507990308,13,1.0,-5815
18.8400472228274,17,2.0,-3468
18.840776588297675,13,1.0,-6225
18.84081968039532,14,5.0,-5848
18.840910887546162,5,2.0,0
18.841114772000115,5,2.0,0
18.842024380726357,13,1.0,-6154
18.843236324586233,15,3.0,-3906
18.84385057014964,6,1.0,7539
18.84427926101082,1,2.0,7554
18.844415278907217,5,5.0,0
18.8446838844077,17,5.0,-2642
18.844891437772247,14,4.0,-6303
18.844955770787408,17,1.0,-1831
18.84591484379333,13,8.0,-6033
18.845994307652376,16,4.0,3456
18.846411251856505,5,2.0,0
18.84690661603184,14,2.0,-5924
18.84690661603184,17,2.0,-5924
18.848663523323197,5,4.0,0
18.84884053219583,16,2.0,5217
18.849031315434154,13,2.0,-6066
18.851733906329105,13,1.0,-6253
18.85199630002457,14,4.0,-6204
18.85199630002457,17,4.0,-6204
18.852682319361588,13,3.0,-5841
18.852873240889092,5,1.0,0
18.85290257835578,5,5.0,0
18.85307342087527,7,3.0,7309
18.853108490313936,16,6.0,3985
18.85336420624532,15,1.0,-4023
18.85365951339887,9,6.0,6987
18.854621334657377,14,5.0,-6201
18.854672990348607,15,4.0,-3970
18.855805594208235,14,3.0,-6067
18.85779952596102,17,13.0,-3572
18.858564410867743,5,4.0,0
18.859079661868456,14,16.0,-6243
18.859079661868456,17,16.0,-6243
18.86107505221172,7,2.0,7089
18.861440145138225,17,4.0,-3348
18.861825802441736,13,3.0,-5863
18.861825802441736,17,3.0,-5863
18.861854280362497,6,2.0,7517
18.862525126076342,7,5.0,5670
18.863230119548682,17,1.0,-2403
18.86366208829107,13,3.0,-5898
18.863682714304783,5,2.0,0
18.863979309797166,13,1.0,-5889
18.864803682105713,5,1.0,0
18.866810656777346,7,1.0,7130
18.867367768429787,16,12.0,3357
18.869063247836642,15,1.0,-3893
18.869337908823773,17,1.0,-1322
18.869702928647598,13,2.0,-6240
18.869702928647598,17,2.0,-6240
18.869928119015967,5,7.0,0
18.87011583018277,5,10.0,0
18.870291772743016,17,4.0,-4058
18.87082337611882,17,2.0,-1397
18.870974715871395,15,2.0,-3704
18.871130507430266,7,6.0,7485
18.871377202071287,17,1.0,-2341
18.871533026375758,17,3.0,-1165
18.871631640455274,5,4.0,0
18.871958707556868,7,4.0,7411
18.87429593356863,17,1.0,-3151
18.874441059738988,13,1.0,-6086
18.874441059738988,17,1.0,-6086
18.874695037483747,15,7.0,-4152
18.876058418040756,16,23.0,1721
18.877997398456404,113,55.0,-6150
18.878563570605017,5,2.0,0
18.87971634684149,14,3.0,-6016
18.880302524783207,5,3.0,0
18.885204034668554,13,1.0,-6288
18.88567289572536,5,2.0,0
18.885716815789785,17,4.0,-436
18.8867623720242,4,7.0,7555
18.887185920912877,17,1.0,-4531
18.887257348285072,13,8.0,-5979
18.887549752713685,7,3.0,7456
18.887847733309044,5,6.0,0
18.888331458286395,15,5.0,-4052
18.890123795985932,13,3.0,-5947
18.89027620846559,14,3.0,-6163
18.8906431458364,14,1.0,-6325
18.890803755192277,6,6.0,7502
18.891603835102366,113,44.0,-5777
18.893052264814447,14,3.0,-6306
18.8932857832539,16,34.0,2921
18.893415197445204,5,4.0,0
18.893634196362367,113,44.0,-5822
18.89410153541279,5,3.0,0
18.895778314319365,5,4.0,0
18.89703206789557,13,39.0,-6168
18.8980979149618,17,2.0,-1537
18.8984810616992,14,1.0,-5894
18.89852475786342,15,1.0,-3857
18.89890987206677,13,3.0,-5986
18.898999767864627,15,7.0,-3922
18.899146450568516,13,4.0,-6044
18.899365505185326,5,4.0,0
18.899441260940314,17,14.0,-47
18.9021816697244,1,17.0,7556
18.902243984183063,7,9.0,7436
18.903126143234317,13,3.0,-6009
18.903699575341978,13,5.0,-6189
18.906453560861763,14,4.0,-6229
18.906453560861763,17,4.0,-6229
18.906713027225383,17,5.0,-2289
18.907513513359753,16,1.0,5920
18.907574287924707,15,2.0,-4070
18.907665479319903,14,1.0,-6254
18.908029259493365,7,1.0,7469
18.908797933889595,17,12.0,-2568
18.909326822476004,9,1.0,7409
18.909474077154865,5,1.0,0
18.910006633625336,14,1.0,-6195
18.910243835218203,13,1.0,-6316
18.911399407546362,15,4.0,-3787
18.914236899990854,13,2.0,-6206
18.914236899990854,17,2.0,-6206
18.91521838797915,13,5.0,-6054
18.91521838797915,17,5.0,-6054
18.91543077327152,17,1.0,-4068
18.916579092217205,16,4.0,4376
18.917763085957837,17,2.0,-2593
18.9178761183714,13,2.0,-5769
18.918137116079684,14,2.0,-6208
18.918137116079684,17,2.0,-6208
18.91854644442828,17,4.0,-5685
18.918716499616227,15,1.0,-3958
18.918729366238583,5,2.0,0
18.91877725736497,5,2.0,0
18.91886058581082,13,15.0,-6060
18.91886058581082,17,15.0,-6060
18.919854640029527,14,11.0,-6031
18.919854640029527,17,11.0,-6031
18.920572254741025,13,1.0,-5811
18.920572254741025,17,1.0,-5811
18.9213142357467,13,1.0,-5906
18.92208608329003,17,4.0,-3074
18.922358091241314,5,1.0,0
18.92442320026647,16,14.0,6506
18.92600500181245,15,36.0,-3990
18.926273739726287,17,11.0,-4458
18.927847730492857,13,1.0,-6156
18.928474639040445,15,11.0,-3852
18.92888111572508,13,1.0,-6113
18.928885863782334,14,1.0,-5791
18.930710676907808,17,10.0,-1360
18.930842329658866,17,1.0,-606
18.93135797177586,5,6.0,0
18.93183920871048,16,1.0,1424
18.934241096999887,9,1.0,7248
18.9345682946998,14,1.0,-6210
18.934852638323754,13,1.0,-6258
18.935646462214365,13,1.0,-6160
18.93589699564546,17,2.0,-5322
18.936255508710268,13,4.0,-6102
18.936255508710268,17,4.0,-6102
18.93673794826855,1,7.0,7557
18.93693822122096,5,3.0,0
18.937168126877797,17,2.0,-711
18.937834688000926,13,7.0,-5884
18.937834688000926,17,7.0,-5884
18.93790676648537,13,3.0,-6247
18.93790676648537,17,3.0,-6247
18.938303781781816,13,5.0,-6167
18.938843227130576,5,2.0,0
18.939556201143986,13,5.0,-6076
18.940388281288477,14,4.0,-5756
18.940420729931386,5,3.0,0
18.94056605696505,17,1.0,-874
18.941440975188588,15,1.0,-3720
18.945431213018537,14,1.0,-6282
18.945667809795157,14,1.0,-6069
18.946143011629818,13,5.0,-6327
18.946143011629818,17,5.0,-6327
18.946674970375675,5,5.0,0
18.946824716724507,14,9.0,-5910
18.94693658618864,5,2.0,0
18.946966526071968,13,3.0,-5853
18.9473740912276,16,1.0,22
18.947387005112194,14,4.0,-5961
18.947387005112194,17,4.0,-5961
18.949311857513536,16,4.0,3905
18.94936586433141,5,3.0,0
18.95043142833239,16,2.0,4931
18.95067852166507,5,6.0,0
18.95107037497768,5,3.0,0
18.95109287593222,5,31.0,0
18.951638310186684,14,2.0,-6302
18.951769109073112,14,4.0,-6045
18.951922938680557,5,4.0,0
18.95208593713801,13,1.0,-6313
18.95254517533577,10,57.0,7520
18.95329472787329,14,3.0,-6157
18.95417899380294,13,1.0,-5923
18.956118464197857,17,2.0,-683
18.957783798964,13,1.0,-5909
18.957783798964,17,1.0,-5909
18.959743082529627,13,1.0,-6170
18.959743082529627,17,1.0,-6170
18.960287477039266,1,1.0,7558
18.96030043044544,13,1.0,-6238
18.96030043044544,17,1.0,-6238
18.960823629233367,5,4.0,0
18.960895399393486,5,4.0,0
18.961239485490722,17,22.0,-521
18.96256011341062,1,2.0,7559
18.962734195188872,5,5.0,0
18.965268169183673,15,2.0,-3833
18.96547731200611,14,11.0,-6093
18.96547731200611,17,11.0,-6093
18.96692889254963,17,5.0,-5248
18.96694407555595,17,3.0,-2488
18.967517916393465,13,5.0,-6078
18.967517916393465,17,5.0,-6078
18.967573850517052,1,3.0,7560
18.96852015377506,5,1.0,0
18.969218007971815,5,3.0,0
18.970809866627743,13,2.0,-5903
18.971029852667417,5,4.0,0
18.971527253162538,14,1.0,-6023
18.97180883191265,5,5.0,0
18.97372689818579,17,5.0,-4730
18.97586727358068,14,3.0,-6097
18.97792058293678,113,44.0,-6117
18.981250748282573,5,14.0,0
18.981359379544188,17,7.0,-2481
18.981505061763066,5,2.0,0
18.982241834262926,7,3.0,6593
18.98294695794521,14,1.0,-6134
18.983735045562785,14,4.0,-5867
18.983905354903165,14,5.0,-5983
18.985648082259857,5,3.0,0
18.985851497406827,17,4.0,-1762
18.98679295833997,15,2.0,-3903
18.98758279117918,13,3.0,-6065
18.98758279117918,17,3.0,-6065
18.98865514057432,14,1.0,-6320
18.99098957667569,6,3.0,7538
18.99152723581502,13,1.0,-6103
18.99208706005813,5,1.0,0
18.99216184143635,5,3.0,0
18.992246787855976,13,10.0,-6268
18.993649410341593,13,1.0,-5826
18.99382318195792,13,1.0,-6216
18.99775748576763,13,7.0,-6015
18.99775748576763,17,7.0,-6015
18.997877573729053,7,2.0,7169
18.998775365793485,5,4.0,0
18.99896140398459,15,11.0,-4093
19.00002777665164,5,2.0,0
19.000337675415864,5,6.0,0
19.00222407427036,16,9.0,120
19.002495691894957,1,4.0,7561
19.00448528862023,16,18.0,3524
19.00456088668696,8,4.0,7513
19.005305612382184,5,3.0,0
19.005452325329507,15,1.0,-4447
19.006019086081338,5,1.0,0
19.007448922199217,16,9.0,3977
19.007466581336885,15,5.0,-4226
19.01032877636718,13,1.0,-6846
19.01127022055664,11,20.0,7364
19.011423008138966,5,1.0,0
19.01265671765794,13,1.0,-6691
19.014560303016648,13,5.0,-6461
19.01485526575595,5,2.0,0
19.016285745553102,13,8.0,-6842
19.01686242779449,16,1.0,2023
19.017308349843848,14,5.0,-6885
19.01747468641365,13,1.0,-6701
19.018163003645007,13,3.0,-6557
19.0182612678394,6,2.0,7477
19.02046211094484,14,13.0,-6500
19.021071575595656,13,1.0,-6768
19.024783706713194,14,6.0,-6633
19.025479468648996,1,1.0,7562
19.02568221102895,13,11.0,-6751
19.02618391220493,5,2.0,0
19.02623843391838,14,3.0,-6697
19.026726340998074,14,1.0,-6784
19.029843140225953,13,1.0,-6393
19.03163367356036,14,2.0,-6391
19.031855209089247,5,12.0,0
19.031946526579656,14,4.0,-6380
19.034161035424813,13,1.0,-6635
19.035287881050326,13,7.0,-6426
19.0355043166703,13,4.0,-6592
19.03824553034501,13,2.0,-6549
19.038663160864342,16,4.0,6793
19.039892682749475,13,4.0,-6892
19.04108300905292,1,4.0,7563
19.041947505177834,5,1.0,0
19.042428563227908,13,1.0,-6530
19.045258822411814,14,3.0,-6460
19.045447580910125,5,4.0,0
19.046097956122317,15,1.0,-4197
19.046097956122317,17,1.0,-4197
19.0467986312634,17,1.0,-562
19.046804612784538,5,3.0,0
19.047031634568587,5,1.0,0
19.047306563181245,16,2.0,6298
19.04734846914628,14,7.0,-6754
19.048344267807142,5,2.0,0
19.049004698310885,5,13.0,0
19.049786429642683,13,4.0,-6498
19.050625753438776,5,2.0,0
19.052632640838958,5,2.0,0
19.052905024751972,13,2.0,-6595
19.053268955820784,13,1.0,-6556
19.053785860535715,13,6.0,-6648
19.054545079319624,13,2.0,-6561
19.055267586293194,13,1.0,-6499
19.055941658244734,7,6.0,7508
19.056218093590147,7,8.0,7489
19.05651446012538,14,1.0,-6921
19.05695962224769,14,2.0,-6464
19.058217904542172,5,3.0,0
19.058906777911126,17,13.0,-1498
19.05989430751811,13,1.0,-6341
19.0604261433507,17,1.0,-439
19.061894763526325,5,1.0,0
19.061951410202962,10,7.0,7555
19.063997477643174,14,6.0,-6578
19.066146084641304,15,1.0,-4484
19.066726273317357,16,2.0,5568
19.0676063841694,8,3.0,7209
19.06774167562983,13,1.0,-6492
19.068572439850204,15,1.0,-4631
19.07019799946731,2,7.0,7564
19.070512316178977,14,1.0,-6859
19.07083142903091,14,2.0,-6748
19.070885212285994,6,6.0,6405
19.07196901256691,16,12.0,2393
19.074100099093663,13,1.0,-6847
19.074437454358343,6,4.0,7546
19.074861240119283,16,13.0,796
19.075443326592566,8,39.0,7476
19.0769331519925,14,1.0,-6804
19.078068783314908,14,3.0,-6569
19.078103692039512,13,2.0,-6837
19.078482100883285,15,3.0,-4277
19.079173946132936,5,8.0,0
19.080770438142185,9,4.0,6752
19.082213232382248,16,7.0,587
19.08228892235723,13,1.0,-6660
19.08341325292655,6,3.0,7560
19.08408601677189,14,3.0,-6465
19.085137775859742,5,1.0,0
19.08566974959387,16,45.0,756
19.087219899091576,7,8.0,7330
19.08991890026182,15,6.0,-4345
19.090679574616665,8,3.0,7560
19.090841839498857,13,2.0,-6487
19.091886313947263,13,2.0,-6684
19.0919613164436,5,3.0,0
19.092915471565124,14,2.0,-6534
19.094895584105622,17,4.0,-2594
19.09529389399332,13,1.0,-6794
19.09536359958815,13,1.0,-6732
19.095944775131127,5,2.0,0
19.09904075624753,13,1.0,-6506
19.09966469111843,5,4.0,0
19.099745081048976,13,1.0,-6434
19.100760138616106,14,1.0,-6843
19.101788505614056,13,5.0,-6808
19.10247299026182,5,14.0,0
19.10288908458624,15,2.0,-4221
19.10288908458624,17,2.0,-4221
19.103075865018216,14,3.0,-6884
19.103770723837552,14,1.0,-6552
19.103831930699513,7,37.0,6638
19.10486086699267,14,3.0,-6523
19.10522238680073,1,2.0,7565
19.106369055196986,16,1.0,4590
19.10671793677383,16,3.0,2442
19.10701346083698,13,3.0,-6423
19.107097205334956,13,3.0,-6575
19.109491194132392,5,1.0,0
19.110093945086803,14,1.0,-6489
19.110373178030272,5,2.0,0
19.110624600490254,13,3.0,-6886
19.110981323704003,13,6.0,-6679
19.111488931823576,15,5.0,-4661
19.112285692926978,15,2.0,-4258
19.11300967088901,5,3.0,0
19.11302521964677,10,7.0,7472
19.113163548948524,5,1.0,0
19.114102675214124,10,38.0,7528
19.114221787377186,13,1.0,-6703
19.114641451379324,16,1.0,3938
19.114788798584684,13,1.0,-6383
19.11601755891948,15,1.0,-4595
19.1170080481398,14,1.0,-6386
19.117545299520604,16,33.0,119
19.11787343405325,17,54.0,-932
19.118116333875765,13,1.0,-6672
19.11972890615368,1,6.0,7566
19.121024682373903,5,1.0,0
19.12235242057603,16,6.0,2229
19.122721876316806,17,1.0,-2625
19.12328678106352,14,5.0,-6856
19.12367355007305,5,2.0,0
19.124285153796993,13,1.0,-6695
19.125641662573045,13,2.0,-6364
19.128160021231448,15,1.0,-4524
19.12940585309885,8,2.0,7425
19.129845748985566,13,1.0,-6826
19.1308730095461,13,2.0,-6636
19.132208722050805,17,5.0,-2932
19.133438710078085,14,9.0,-6472
19.133933654068002,13,10.0,-6802
19.134843544769836,5,17.0,0
19.13494420257992,14,1.0,-6355
19.135263851724805,5,1.0,0
19.1353269389764,5,5.0,0
19.13538748598401,5,2.0,0
19.13656088081688,5,10.0,0
19.136777064956245,6,5.0,7550
19.137500223210626,13,2.0,-6855
19.140293616773437,17,3.0,-2541
19.140462228040025,14,1.0,-6744
19.140824555639654,16,2.0,7359
19.142316875505447,14,1.0,-6669
19.143262193042634,13,4.0,-6656
19.144113757401733,13,1.0,-6511
19.14538815008156,5,4.0,0
19.145549975436346,14,1.0,-6496
19.146162300415813,5,2.0,0
19.14799744868837,5,1.0,0
19.1493760869587,5,4.0,0
19.149864520234114,11,7.0,7307
19.150602922108167,13,4.0,-6599
19.150798185365705,17,2.0,-2817
19.15137429892913,17,3.0,-130
19.15137956629017,16,5.0,2803
19.152372802513035,14,2.0,-6641
19.152581905417005,17,2.0,-1399
19.153928559078942,17,1.0,-1226
19.154694078052906,14,2.0,-6733
19.15626068296716,15,6.0,-4425
19.156453270544528,5,2.0,0
19.15665017123957,17,2.0,-1794
19.15817726053868,17,4.0,-2989
19.158835817221586,5,4.0,0
19.159417147260218,14,5.0,-6792
19.16011139753701,5,1.0,0
19.162116564819385,13,1.0,-6909
19.162327549606296,13,3.0,-6814
19.162850057965517,14,1.0,-6471
19.164627946929787,13,2.0,-6696
19.165008955528034,17,1.0,-1871
19.165555501345462,13,2.0,-6421
19.168465596954995,14,4.0,-6915
19.169046957309746,14,59.0,-6457
19.170393211130367,1,6.0,7567
19.172058943461053,13,2.0,-6655
19.17371777890573,5,2.0,0
19.174574494188537,14,1.0,-6652
19.176970076659092,5,9.0,0
19.177044519131805,14,5.0,-6607
19.177761673382008,13,1.0,-6686
19.177790034663314,10,60.0,7524
19.178531144532723,16,1.0,882
19.1787510596321,13,3.0,-6620
19.179990400597283,14,2.0,-6394
19.180165667459175,16,5.0,3796
19.180276618453853,17,4.0,-1592
19.181727053080106,7,4.0,7417
19.182449403891923,7,17.0,6718
19.18264176649865,5,2.0,0
19.183507539406456,13,1.0,-6525
19.183827154905995,14,5.0,-6543
19.184213824275133,13,20.0,-6904
19.186052019425933,16,2.0,809
19.186599033886317,13,3.0,-6832
19.187381015142623,5,3.0,0
19.18765850463387,13,1.0,-6737
19.18879228431216,15,2.0,-4309
19.1892394147939,5,6.0,0
19.190162644920697,15,2.0,-4344
19.191630945609422,7,1.0,7442
19.192877320244996,17,1.0,-3592
19.1938941774713,13,4.0,-6528
19.194572226251644,14,7.0,-6609
19.195443787637373,14,2.0,-6869
19.1955381958349,13,1.0,-6863
19.195873968516885,13,2.0,-6809
19.195978009670238,14,1.0,-6735
19.197915664239435,13,2.0,-6619
19.19888875865754,13,2.0,-6721
19.199059530046654,16,4.0,6070
19.19914427734053,17,7.0,-3554
19.199247658512235,5,1.0,0
19.1994269868373,13,1.0,-6586
19.203093018437368,13,1.0,-6385
19.203317355640625,13,6.0,-6400
19.20334214985147,15,1.0,-4475
19.204058156750406,14,3.0,-6466
19.20424444468476,5,2.0,0
19.204725964650986,5,1.0,0
19.205395202571605,14,30.0,-6882
19.20552786431499,5,21.0,0
19.206418703940038,14,2.0,-6815
19.20769298288581,5,3.0,0
19.208197074304014,14,6.0,-6616
19.211037028180407,7,8.0,7221
19.212796715070684,14,17.0,-6357
19.213463858097874,13,8.0,-6603
19.21396815261108,14,6.0,-6821
19.215379233898183,13,2.0,-6720
19.21622821251259,13,10.0,-6508
19.216924441032607,16,8.0,680
19.218354877526476,13,11.0,-6798
19.218916110572952,13,3.0,-6550
19.220677065089152,13,1.0,-6352
19.220813204101127,5,4.0,0
19.220989030117142,7,11.0,7396
19.221631962483194,16,2.0,4419
19.221649536347613,17,1.0,-2462
19.222071294221532,17,1.0,-5253
19.223377312518636,13,1.0,-6518
19.223625579101874,5,3.0,0
19.22372154932378,14,3.0,-6408
19.223891945303848,5,2.0,0
19.224862713189122,13,6.0,-6606
19.22619234240185,13,1.0,-6558
19.22706564777856,13,2.0,-6688
19.227988412674325,17,1.0,-4674
19.228082591830702,5,2.0,0
19.228404066341245,7,10.0,7373
19.22886674196354,14,8.0,-6905
19.23015839496429,15,1.0,-4678
19.23072908633325,6,7.0,7551
19.232147849040544,6,12.0,7553
19.232167734619544,17,4.0,-4513
19.232493896661367,13,2.0,-6818
19.23403692995068,13,1.0,-6706
19.235098160666286,15,4.0,-4239
19.235945458594454,15,2.0,-4695
19.2365985696429,16,2.0,3292
19.236851899601547,14,1.0,-6467
19.236859552325626,7,6.0,7473
19.238122919826413,6,7.0,7557
19.23913943319683,14,3.0,-6545
19.239592375781953,5,13.0,0
19.240195735382432,5,5.0,0
19.240202553645755,13,2.0,-6377
19.241808858678176,9,10.0,7491
19.241913522010332,5,2.0,0
19.24261914981118,13,2.0,-6554
19.243227318785483,5,1.0,0
19.244143357587717,5,1.0,0
19.244278028392568,13,15.0,-6560
19.244650819796075,15,1.0,-4696
19.245039345424043,7,1.0,7203
19.246765572262944,5,4.0,0
19.247604940746943,9,3.0,7209
19.247932364130534,14,3.0,-6781
19.248590061555472,15,5.0,-4570
19.248819869515895,15,3.0,-4613
19.248848447563304,17,2.0,-4136
19.24952219198125,17,1.0,-263
19.249802917687756,5,3.0,0
19.251087853320442,5,8.0,0
19.25130255703228,13,1.0,-6683
19.251491783236027,17,1.0,-4946
19.251578332749578,7,2.0,7431
19.251579716064782,17,3.0,-3183
19.25203078355312,15,21.0,-4703
19.25203078355312,17,21.0,-4703
19.252391149454496,13,2.0,-6854
19.252443666181723,17,1.0,-2561
19.253082653053486,5,5.0,0
19.25359104984312,13,9.0,-6521
19.253668763974858,13,14.0,-6442
19.25445343221525,16,2.0,2089
19.256914753718753,15,2.0,-4295
19.25726756805169,13,1.0,-6462
19.258141742823693,13,1.0,-6865
19.258311316076455,15,57.0,-4248
19.25951199634009,17,6.0,-4431
19.260353770191042,13,1.0,-6871
19.26155071049897,17,2.0,-4140
19.26208678073587,5,8.0,0
19.26228486864218,15,5.0,-4254
19.26308990157601,15,3.0,-4449
19.263338860500912,14,5.0,-6435
19.263594277210423,13,1.0,-6589
19.264092537387405,15,10.0,-4285
19.26493010976841,5,5.0,0
19.26504210260518,13,1.0,-6409
19.26602440951911,16,5.0,4002
19.266988568930252,5,2.0,0
19.267610226825983,13,1.0,-6917
19.26927609573249,13,5.0,-6823
19.269664730857485,7,11.0,7344
19.270143045998985,13,6.0,-6897
19.27064228644927,7,1.0,7426
19.273625264768807,14,4.0,-6510
19.27457609341173,13,2.0,-6714
19.27472693500424,5,2.0,0
19.274740842952152,13,13.0,-6372
19.274766176136357,113,60.0,-6761
19.27525162232393,17,1.0,-2751
19.27537729015225,15,10.0,-4516
19.278285458297123,7,1.0,7397
19.2789711679426,14,4.0,-6451
19.279067087862952,15,3.0,-4577
19.27971383959186,14,24.0,-6725
19.28009303335504,1,1.0,7568
19.280307981526242,13,16.0,-6350
19.28085523226437,13,2.0,-6611
19.28263245635301,13,1.0,-6700
19.283952038940296,5,2.0,0
19.284397758166342,16,1.0,1915
19.285395679648957,14,2.0,-6354
19.286758534765152,5,1.0,0
19.287756317212597,14,4.0,-6896
19.288256662782118,17,6.0,-3581
19.288753081387743,13,4.0,-6621
19.288982037002448,5,2.0,0
19.290838952777996,13,2.0,-6839
19.29172431594354,13,1.0,-6395
19.2919904836537,5,7.0,0
19.292145043899936,17,9.0,-5640
19.294666562279694,14,1.0,-6877
19.29492861285394,5,9.0,0
19.295731936470233,13,1.0,-6875
19.29744350374939,13,3.0,-6625
19.29780133551277,14,1.0,-6411
19.297884523000285,17,4.0,-3769
19.298855656230636,5,3.0,0
19.299247513414226,5,7.0,0
19.301076020036795,14,2.0,-6911
19.30126635401532,13,4.0,-6398
19.301772261094122,7,8.0,7496
19.301815096428072,13,3.0,-6850
19.302691952784013,17,3.0,-2748
19.30316534644539,17,2.0,-4667
19.303421350207763,13,1.0,-6450
19.303635748890105,5,3.0,0
19.30511337984334,5,7.0,0
19.30518777351577,13,1.0,-6774
19.305411629371264,1,8.0,7569
19.308262285432885,17,3.0,-1639
19.309041995566705,17,1.0,-4562
19.309865807161923,17,3.0,-1678
19.31186524518819,5,1.0,0
19.311907420479088,13,15.0,-6590
19.312072443464277,6,1.0,7558
19.312331393795695,5,3.0,0
19.313555274104186,5,8.0,0
19.313972749700998,7,1.0,7429
19.315171149010638,10,12.0,7552
19.31573027471616,14,4.0,-6830
19.317084377051163,13,9.0,-6833
19.31711035382046,16,3.0,2052
19.317254190895003,13,1.0,-6479
19.317502087612457,13,3.0,-6646
19.317610377863478,13,4.0,-6507
19.318674217235245,15,5.0,-4542
19.31907600291833,16,6.0,2219
19.320274170982,13,2.0,-6533
19.320791910994643,5,44.0,0
19.321150557837246,13,7.0,-6724
19.32155814390773,7,1.0,7404
19.32422483734064,7,1.0,7421
19.32445012105482,17,1.0,-1401
19.327569271675024,15,2.0,-4689
19.327805433978334,13,2.0,-6397
19.330109067957807,7,3.0,6200
19.330963061480873,5,1.0,0
19.33135411226892,17,1.0,-4114
19.333776276471504,5,1.0,0
19.3343872010473,13,3.0,-6379
19.334837777351126,14,1.0,-6677
19.33757260424924,13,2.0,-6414
19.339188069346257,14,2.0,-6675
19.339727646052935,13,2.0,-6494
19.34011379530507,13,4.0,-6455
19.341312738945316,14,5.0,-6597
19.34151565456811,1,1.0,7570
19.34203065772867,8,2.0,7486
19.342826534890392,15,4.0,-4478
19.34316660134586,15,8.0,-4416
19.34385934398556,6,4.0,7433
19.34463190368746,5,6.0,0
19.34558194982433,17,2.0,-2319
19.34704857659936,13,19.0,-6866
19.34773307351569,17,2.0,-4878
19.347927052738534,16,4.0,1583
19.348006822410586,17,4.0,-2837
19.348964643361967,13,3.0,-6389
19.35089097283651,14,5.0,-6463
19.351797288418165,13,1.0,-6440
19.353962080162702,12,57.0,7548
19.356614109654252,13,15.0,-6702
19.35746840266143,15,11.0,-4238
19.35763989408871,5,1.0,0
19.358024027626772,5,4.0,0
19.35936256528011,5,7.0,0
19.36026446107031,13,2.0,-6749
19.361239382054073,16,2.0,3948
19.362057545388762,5,1.0,0
19.362739826789735,7,3.0,7028
19.363450071293386,5,2.0,0
19.364499747958188,5,3.0,0
19.366311378033778,5,5.0,0
19.36639238901124,17,1.0,-5034
19.366948449205932,5,36.0,0
19.3681584222708,15,8.0,-4565
19.368390924749704,5,3.0,0
19.370863643028745,13,1.0,-6486
19.37178059054161,17,4.0,-2348
19.372404789516892,11,1.0,7332
19.37290846458004,13,2.0,-6685
19.374099600789254,5,4.0,0
19.375395573518855,14,5.0,-6573
19.37577904468131,15,3.0,-4354
19.375806545943465,15,9.0,-4381
19.37590785590006,16,9.0,6193
19.376558383810202,13,2.0,-6857
19.37659018137642,16,9.0,2017
19.377181751358403,9,3.0,7166
19.378336479191795,14,7.0,-6861
19.37989838505394,16,14.0,2805
19.380426196032975,5,3.0,0
19.382353507549226,17,3.0,-2115
19.383633029663986,13,3.0,-6791
19.38411299038234,5,3.0,0
19.385734237862472,13,1.0,-6708
19.385847098940392,13,1.0,-6509
19.386352135916244,13,2.0,-6841
19.386675500040205,5,5.0,0
19.38691989202081,5,4.0,0
19.387287288675378,13,1.0,-6390
19.38734465882695,13,1.0,-6881
19.38741578570868,17,54.0,-2634
19.387869310820285,17,4.0,-4483
19.388179152003623,17,5.0,-419
19.388560814886375,13,1.0,-6893
19.388591907004063,10,32.0,7521
19.389489159580634,15,12.0,-4487
19.391142232324793,15,39.0,-4267
19.39294335246933,17,13.0,-3820
19.39309258237441,14,4.0,-6535
19.395050040798584,13,2.0,-6908
19.395636447371466,5,4.0,0
19.39751769531519,16,15.0,1151
19.39789727084354,5,31.0,0
19.399025604099304,17,2.0,-2598
19.399144219696854,7,1.0,7443
19.39928662242677,5,1.0,0
19.39957774516657,13,2.0,-6845
19.400073372378582,14,3.0,-6546
19.40053712932987,13,2.0,-6579
19.400571886425077,13,8.0,-6813
19.400748650695682,17,2.0,-4317
19.400802087710087,13,1.0,-6405
19.401866114221896,5,1.0,0
19.402966476199733,7,22.0,7171
19.40411702695929,10,12.0,7420
19.40417131045179,13,1.0,-6348
19.404914806524392,17,6.0,-612
19.405233062852155,13,1.0,-6576
19.40542973844031,15,5.0,-4652
19.406085828788783,5,3.0,0
19.40635772457766,5,7.0,0
19.40709431074734,15,1.0,-4553
19.407336606423307,5,4.0,0
19.408099932311714,14,3.0,-6876
19.409541249316803,14,7.0,-6848
19.409924469788095,13,8.0,-6483
19.41121316459854,14,4.0,-6642
19.413206905605367,13,3.0,-6591
19.414172854219498,17,6.0,-2536
19.414368294580704,16,24.0,3018
19.414842834950473,13,1.0,-6376
19.414873716846557,9,2.0,7486
19.415133454948077,14,3.0,-6365
19.415764066608954,13,1.0,-6378
19.4158241292331,13,2.0,-6432
19.417571483216832,14,4.0,-6787
19.417644012737096,13,1.0,-6559
19.419227558647286,13,6.0,-6563
19.42275619455575,13,1.0,-6739
19.42315301056783,17,3.0,-4371
19.42390387678152,13,7.0,-6693
19.427372194278743,14,1.0,-6618
19.42741647879525,5,6.0,0
19.427955275131087,15,7.0,-4379
19.428764238540683,5,2.0,0
19.428916397811655,17,5.0,-1628
19.428969974350487,5,1.0,0
19.42917684504608,13,1.0,-6581
19.429564122583425,16,8.0,4902
19.43044264088852,17,1.0,-5379
19.431114263634402,13,1.0,-6519
19.43148126769327,5,3.0,0
19.431595142106506,5,2.0,0
19.432086817260416,5,9.0,0
19.432192817847348,5,4.0,0
19.432249084150545,13,1.0,-6649
19.43319340550257,14,2.0,-6381
19.43514195921794,13,3.0,-6773
19.436563400311652,15,3.0,-4512
19.43853322149004,5,2.0,0
19.438688855098718,113,51.0,-6658
19.438788599404916,5,5.0,0
19.439308941668354,13,5.0,-6447
19.44012354273703,13,2.0,-6790
19.44174834763531,17,6.0,-2401
19.441770428996907,5,7.0,0
19.442106085021233,16,12.0,6750
19.442517420925014,5,4.0,0
19.442899043173515,5,5.0,0
19.443580892927333,13,7.0,-6584
19.44378338307417,17,2.0,-4691
19.445296654672553,13,2.0,-6482
19.445483131251972,15,1.0,-4208
19.445569757903442,5,5.0,0
19.4464703236084,5,3.0,0
19.44742876423707,15,1.0,-4455
19.448442492297342,16,7.0,636
19.448454580206793,7,10.0,7449
19.449909636558004,13,4.0,-6887
19.450068892904657,15,1.0,-4303
19.450658319805704,13,1.0,-6349
19.451224478656496,13,1.0,-6699
19.452198037985262,15,1.0,-4641
19.452660357253677,5,8.0,0
19.453251163049025,6,2.0,7565
19.455113022792858,13,1.0,-6860
19.456257236924984,13,4.0,-6750
19.45627091271822,14,9.0,-6444
19.457139445829952,15,2.0,-4215
19.457375161970017,13,5.0,-6458
19.45752877735943,15,1.0,-4681
19.45758043875507,16,2.0,3567
19.459763780030435,13,2.0,-6807
19.460593415369935,14,2.0,-6359
19.461105220956405,15,1.0,-4463
19.46220462225077,13,3.0,-6760
19.462474560304745,13,2.0,-6840
19.46307870185349,17,1.0,-4091
19.46500661937318,13,2.0,-6772
19.465040585639517,5,2.0,0
19.46535660526473,5,2.0,0
19.466025079165288,14,4.0,-6454
19.467140444181048,5,1.0,0
19.47019804230007,14,3.0,-6343
19.470731308750597,14,1.0,-6412
19.47348926762636,5,9.0,0
19.4738674912925,13,1.0,-6574
19.474464362466453,5,1.0,0
19.47459200960945,13,7.0,-6361
19.474699936567255,13,2.0,-6782
19.47484318435703,17,2.0,-1257
19.475034793797047,13,1.0,-6640
19.47576283575315,17,8.0,-3676
19.47693680122349,13,2.0,-6452
19.477456363369164,13,5.0,-6420
19.477719633013347,15,2.0,-4246
19.478091305802668,16,1.0,4743
19.47810466664692,17,1.0,-3866
19.478283735530503,13,1.0,-6342
19.480312828227955,14,3.0,-6515
19.481580967647783,8,4.0,7506
19.482310354471934,15,1.0,-4514
19.482351771654493,16,10.0,6480
19.483448217084693,5,3.0,0
19.483655226697696,13,1.0,-6568
19.483696453096893,6,4.0,7515
19.483726751326998,7,1.0,7499
19.48572050839305,14,4.0,-6681
19.48600619661762,17,2.0,-2835
19.486576679120727,13,8.0,-6490
19.48662217715114,13,1.0,-6596
19.48766333020723,17,1.0,-5704
19.488502044213327,5,7.0,0
19.48933166829402,13,2.0,-6907
19.48945742759634,13,4.0,-6835
19.49058850628905,13,6.0,-6762
19.491946320240796,16,7.0,923
19.49460700602268,14,14.0,-6623
19.49512409920276,5,1.0,0
19.49585962949533,13,1.0,-6822
19.496328001870538,7,2.0,7488
19.496521979069374,14,2.0,-6922
19.49691061001788,5,5.0,0
19.497847139524737,13,1.0,-6868
19.499328453991996,17,3.0,-702
19.499887282351054,17,1.0,-2653
19.502346243290166,5,1.0,0
19.503086566467996,14,2.0,-6512
19.503097376026478,13,2.0,-6403
19.504441166933603,16,1.0,3767
19.506337650150638,16,30.0,1379
19.506725253749774,13,4.0,-6480
19.507450533925937,14,1.0,-6602
19.50895507098486,14,1.0,-6664
19.50895507098486,17,1.0,-6664
19.509618548180903,13,9.0,-6906
19.509618548180903,17,9.0,-6906
19.510680790611506,5,3.0,0
19.510971874815414,13,1.0,-6747
19.51114512138718,13,1.0,-6819
19.511781237394704,13,3.0,-6713
19.51213144925768,15,2.0,-4216
19.512550938821498,1,2.0,7571
19.51260411688559,13,2.0,-6404
19.51735464235972,14,10.0,-6898
19.51789341327843,13,5.0,-6806
19.518180223254685,17,4.0,-4841
19.518761485817453,13,2.0,-6571
19.519354009803852,5,3.0,0
19.520045158529403,17,2.0,-5141
19.520099955132345,13,1.0,-6351
19.520099955132345,17,1.0,-6351
19.520934432183335,4,39.0,7572
19.522263086001832,14,2.0,-6757
19.523496958856665,13,1.0,-6668
19.52405947599979,5,1.0,0
19.524609505401617,16,30.0,1049
19.525708426302227,13,9.0,-6912
19.52594596644979,17,4.0,-6279
19.526204689854215,5,5.0,0
19.527138498037356,13,1.0,-6667
19.527449155384964,5,2.0,0
19.52783774280251,15,11.0,-4311
19.52810687532542,13,2.0,-6520
19.52882125949028,5,8.0,0
19.52952266492593,13,1.0,-6719
19.530020822788572,14,3.0,-6601
19.530760926624744,13,12.0,-6410
19.532211789896568,17,1.0,-4608
19.532897865220217,17,2.0,-5065
19.533108878122164,17,1.0,-2257
19.53382658037327,5,1.0,0
19.534435458781765,16,10.0,6597
19.534832455266105,17,1.0,-5803
19.535807286988273,16,12.0,2606
19.537684098217397,14,4.0,-6371
19.537684098217397,17,4.0,-6371
19.53958579624021,5,2.0,0
19.540413783082194,13,5.0,-6718
19.54140256040925,17,2.0,-2350
19.542645554804906,13,5.0,-6373
19.543927363641757,14,2.0,-6674
19.545300647528023,13,1.0,-6920
19.545613982850515,15,5.0,-4270
19.546134497198878,7,1.0,7136
19.547329225553113,17,2.0,-5107
19.54956738408903,17,6.0,-627
19.550808475692445,15,1.0,-4687
19.551168536610675,5,3.0,0
19.55170045240945,17,1.0,-2451
19.552365988955586,17,3.0,-3540
19.552645903957718,13,1.0,-6729
19.553966899820956,13,5.0,-6767
19.554446620908923,16,6.0,3190
19.55490822814476,17,2.0,-2237
19.555422003106322,4,9.0,7573
19.555648075493387,16,31.0,3878
19.55650839996472,13,1.0,-6659
19.556598249865278,6,1.0,7479
19.556957471615483,5,2.0,0
19.557203615262296,13,2.0,-6795
19.55722163810532,5,1.0,0
19.559476118181532,5,7.0,0
19.559916584335713,6,8.0,7569
19.560008063325505,17,1.0,-1991
19.56061560588821,17,8.0,-3124
19.560960983943897,1,9.0,7574
19.56142012642824,13,1.0,-6918
19.56142012642824,17,1.0,-6918
19.561527536342574,15,2.0,-4480
19.562082773777366,5,4.0,0
19.564108973210768,15,2.0,-4665
19.564442931694852,14,9.0,-6824
19.564442931694852,17,9.0,-6824
19.564880879357933,5,5.0,0
19.565141035658954,17,4.0,-2375
19.565441658178546,15,1.0,-4673
19.566929854518772,113,59.0,-6756
19.5672200191419,17,1.0,-3908
19.56724358324429,17,4.0,-4391
19.568051135927288,14,3.0,-6630
19.569619975148974,17,3.0,-302
19.569696053954758,113,51.0,-6889
19.569921598910874,17,1.0,-4708
19.570262339785508,5,3.0,0
19.57079014046755,5,1.0,0
19.57309822712209,5,1.0,0
19.57445653466202,13,9.0,-6544
19.57445653466202,17,9.0,-6544
19.575649346231202,15,1.0,-4404
19.575917973951015,13,1.0,-6564
19.575917973951015,17,1.0,-6564
19.577109337947462,15,1.0,-4374
19.57734587956831,17,4.0,-2690
19.577719767426938,1,1.0,7575
19.57824919919516,17,4.0,-6312
19.57890940693374,9,39.0,7476
19.580351819832075,7,1.0,7478
19.581359980129253,13,1.0,-6853
19.581359980129253,17,1.0,-6853
19.58190004518812,14,20.0,-6678
19.582152904178834,17,1.0,-6194
19.58238729581157,17,1.0,-592
19.58239866979821,5,1.0,0
19.583384334403252,13,2.0,-6484
19.583384334403252,17,2.0,-6484
19.583412533749275,17,1.0,-26
19.5858479670281,113,58.0,-6433
19.587052835176735,14,4.0,-6717
19.587214817649794,16,6.0,7243
19.587918328499075,13,7.0,-6639
19.588355088212282,13,5.0,-6864
19.589261767457234,14,3.0,-6670
19.590669053927634,7,3.0,7492
19.591267340556705,5,7.0,0
19.591745129064467,5,3.0,0
19.591871182749607,14,3.0,-6363
19.59233335030597,13,3.0,-6651
19.592620113378814,5,4.0,0
19.592852623725086,13,2.0,-6707
19.593381736178845,17,3.0,-5717
19.593945990351056,17,1.0,-4100
19.594243626777853,5,15.0,0
19.594924387870915,13,4.0,-6501
19.596927487443196,15,2.0,-4384
19.59702088545465,13,1.0,-6759
19.597355830101545,8,4.0,7465
19.59793058181248,17,1.0,-5181
19.598282669448185,14,1.0,-6505
19.598282669448185,17,1.0,-6505
19.598391898455024,6,1.0,7254
19.598587655042625,17,2.0,-5856
19.599075804916353,17,8.0,-6188
19.601088336460997,15,4.0,-4488
19.601492425554497,13,41.0,-6422
19.601626512331492,16,49.0,1630
19.601765447372525,17,7.0,-5917
19.602199687990655,13,2.0,-6673
19.60238596311597,16,8.0,1729
19.602605175174688,17,3.0,-4694
19.603474926443464,5,3.0,0
19.60425427647712,5,18.0,0
19.604565294856197,5,2.0,0
19.604768310491917,5,5.0,0
19.606394441217105,1,8.0,7576
19.607651622731773,13,1.0,-6710
19.607651622731773,17,1.0,-6710
19.608294039480874,13,1.0,-6542
19.60878546761341,7,7.0,7466
19.60889534416055,17,1.0,-2473
19.609814269218,14,7.0,-6776
19.609927286103684,14,1.0,-6894
19.610713269262213,14,3.0,-6789
19.610713269262213,17,3.0,-6789
19.611552620541243,14,28.0,-6645
19.611552620541243,17,28.0,-6645
19.613307220825206,1,6.0,7577
19.613758344322832,13,8.0,-6449
19.614352834514094,17,8.0,-2070
19.615504115577806,14,1.0,-6654
19.615504115577806,17,1.0,-6654
19.61557333643222,16,6.0,1862
19.61578509170038,5,4.0,0
19.61654536545303,5,5.0,0
19.617435039694247,13,1.0,-6513
19.617435039694247,17,1.0,-6513
19.617542618789912,13,1.0,-6387
19.617750942824618,5,1.0,0
19.61918071319953,8,1.0,7440
19.620215036063687,17,1.0,-2216
19.620912347370894,14,1.0,-6504
19.621087182398835,5,3.0,0
19.62296728357498,7,1.0,7208
19.62347652811031,17,4.0,-1957
19.624043423213628,14,1.0,-6690
19.624341656058547,17,4.0,-1534
19.62438683454029,17,1.0,-2224
19.625931639740894,13,1.0,-6895
19.625931639740894,17,1.0,-6895
19.62634621862858,17,2.0,-5820
19.62685064119954,14,6.0,-6851
19.627000875026855,17,1.0,-5847
19.6284444969098,14,5.0,-6873
19.629341985464453,17,7.0,-3061
19.630304565738026,5,16.0,0
19.630849976015682,14,1.0,-6572
19.63147077500018,15,2.0,-4601
19.632041104783116,17,3.0,-1874
19.63221736252003,5,7.0,0
19.63305607940672,17,2.0,-3167
19.633815822499535,17,3.0,-680
19.6350219353621,6,9.0,7574
19.63674970293865,5,2.0,0
19.637849693706357,13,1.0,-6401
19.6379436641582,16,1.0,5833
19.63853449268961,14,1.0,-6529
19.63855114689651,5,4.0,0
19.63867228562539,14,3.0,-6783
19.638904293826663,13,1.0,-6402
19.638904293826663,17,1.0,-6402
19.638980115182513,17,2.0,-3419
19.6392555349266,13,3.0,-6468
19.63989240896101,17,1.0,-3745
19.640669088935088,14,6.0,-6577
19.642050369055024,14,1.0,-6740
19.6422723801567,13,1.0,-6671
19.642331918338044,13,1.0,-6891
19.64304953882602,15,1.0,-4506
19.644561387754855,7,7.0,7181
19.646243404439055,17,3.0,-2169
19.646650086093196,113,30.0,-6362
19.647182089396193,5,3.0,0
19.64828721135005,13,4.0,-6803
19.64828721135005,17,4.0,-6803
19.648627185500597,13,4.0,-6628
19.649605481171907,13,1.0,-6428
19.650294042075448,13,6.0,-6565
19.650513089732275,14,1.0,-6430
19.650866592983117,15,4.0,-4395
19.651423814523998,14,4.0,-6613
19.651595069453244,13,1.0,-6532
19.652247221458715,16,9.0,360
19.652795921760806,17,1.0,-5167
19.6531759382007,5,7.0,0
19.654378136498913,16,9.0,1769
19.654492389852194,13,17.0,-6517
19.654492389852194,17,17.0,-6517
19.655586808437732,14,1.0,-6682
19.655777366443555,5,2.0,0
19.656894359084685,1,1.0,7578
19.65743713512782,1,2.0,7579
19.658464522440806,5,5.0,0
19.65856549511247,13,2.0,-6829
19.65915235690217,13,2.0,-6741
19.65915235690217,17,2.0,-6741
19.65976440393427,17,1.0,-233
19.661253058121982,13,1.0,-6711
19.66268608571461,13,1.0,-6753
19.662779766527883,5,32.0,0
19.66315277933579,15,3.0,-4606
19.663404929408163,5,5.0,0
19.665102950765476,5,5.0,0
19.666953274582983,15,1.0,-4259
19.667333163147376,15,1.0,-4685
19.667777162915034,13,1.0,-6538
19.668093507232026,14,2.0,-6624
19.668659495459895,1,5.0,7580
19.668984828697603,14,1.0,-6923
19.668984828697603,17,1.0,-6923
19.669704236956186,113,55.0,-6816
19.670187847311517,14,2.0,-6594
19.670187847311517,17,2.0,-6594
19.670211814733825,13,18.0,-6540
19.670211814733825,17,18.0,-6540
19.670973539362933,14,1.0,-6827
19.671234884771028,7,4.0,7383
19.671862521471635,13,6.0,-6514
19.671862521471635,17,6.0,-6514
19.672352734883752,17,1.0,-3206
19.673664403579632,13,1.0,-6764
19.673707305987982,5,1.0,0
19.67642902996125,14,1.0,-6459
19.676585665446712,17,58.0,-6135
19.676830519101365,5,2.0,0
19.67702377271936,13,2.0,-6446
19.678354267171283,17,2.0,-5268
19.678610510200656,5,4.0,0
19.678916065816686,14,1.0,-6738
19.678932979161374,5,2.0,0
19.679589798423613,13,7.0,-6828
19.679589798423613,17,7.0,-6828
19.67969176481409,5,2.0,0
19.680910182094237,5,4.0,0
19.681185307133095,15,6.0,-4503
19.68137774114964,5,1.0,0
19.681433231658147,14,2.0,-6801
19.681860813900098,13,1.0,-6473
19.68279226967915,16,57.0,239
19.683167657186647,13,1.0,-6551
19.68350249859124,5,4.0,0
19.684578874848867,113,58.0,-6600
19.68563396347118,14,4.0,-6384
19.68563396347118,17,4.0,-6384
19.685637961153095,13,1.0,-6638
19.685876004127884,17,7.0,-2661
19.686454657692543,1,6.0,7581
19.687181204834857,14,1.0,-6441
19.687181204834857,17,1.0,-6441
19.688637800566042,4,8.0,7582
19.68939668139783,13,2.0,-6388
19.689581443069496,17,4.0,-2548
19.69120632536194,16,2.0,6148
19.69211730890158,14,4.0,-6582
19.696063039383766,16,2.0,3833
19.69712908511318,17,4.0,-3106
19.698343901511517,5,4.0,0
19.698714516610714,9,1.0,7468
19.699051730730808,15,2.0,-4676
19.699064029327705,17,1.0,-5288
19.69924914348378,17,24.0,-5522
19.699952319125515,16,1.0,5143
19.700457410300075,6,1.0,7570
19.70053104634795,17,1.0,-3610
19.700611442205936,17,1.0,-71
19.7006791166025,16,2.0,5180
19.70190592855704,15,1.0,-4614
19.70386895547849,15,8.0,-4417
19.704068477206576,16,4.0,5842
19.70484842901505,13,11.0,-6838
19.70484842901505,17,11.0,-6838
19.705220218846797,5,1.0,0
19.706628565342015,5,1.0,0
19.706813349122108,13,5.0,-6680
19.7070062540696,15,2.0,-4552
19.70713546588327,5,7.0,0
19.70761085342962,15,6.0,-4393
19.70797218800449,15,1.0,-4598
19.71000090006508,5,1.0,0
19.71009778747869,5,2.0,0
19.711296860646335,13,2.0,-6728
19.71184721720797,17,2.0,-5621
19.712893089703634,16,59.0,892
19.713023975430147,13,2.0,-6899
19.71304999015903,8,10.0,7320
19.713483802698462,17,5.0,-5482
19.714275713040003,4,14.0,7583
19.715589752629384,16,7.0,2324
19.715854129005734,7,1.0,7461
19.716033268496968,14,4.0,-6730
19.716948815944995,14,4.0,-6712
19.716948815944995,17,4.0,-6712
19.717093909534945,13,1.0,-6374
19.717093909534945,17,1.0,-6374
19.7179688591859,13,5.0,-6429
19.7179688591859,17,5.0,-6429
19.71829702049406,5,4.0,0
19.71834192370105,13,1.0,-6407
19.718394225834093,15,3.0,-4544
19.718394225834093,17,3.0,-4544
19.71894755389622,17,5.0,-2659
19.72137080520404,17,6.0,-4326
19.723256264959733,13,3.0,-6778
19.72408723484948,14,2.0,-6631
19.72411159617887,14,3.0,-6553
19.724995359644694,14,7.0,-6610
19.724995359644694,17,7.0,-6610
19.726378866007586,13,5.0,-6358
19.7276900402627,17,4.0,-3944
19.729131262207677,17,2.0,-6205
19.731762989043787,14,2.0,-6810
19.732365773939122,15,2.0,-4364
19.73254849673195,15,6.0,-4611
19.73267605543233,5,1.0,0
19.732943159343446,13,2.0,-6536
19.733486482641297,13,1.0,-6491
19.734589065763828,13,4.0,-6766
19.73499479586838,17,6.0,-5158
19.73513880022883,6,2.0,7545
19.735592761724774,13,1.0,-6888
19.736742795354505,13,1.0,-6662
19.736815480861114,13,1.0,-6417
19.736815480861114,17,1.0,-6417
19.737467158040527,5,2.0,0
19.738110303946243,7,5.0,7236
19.73896792300148,17,7.0,-5498
19.74002296571334,5,3.0,0
19.74090790938582,14,1.0,-6427
19.74169611830879,15,5.0,-4367
19.74212281080435,15,2.0,-4528
19.742483737097523,17,1.0,-3642
19.743564198954108,13,31.0,-6676
19.74371457665959,13,1.0,-6345
19.744447504835243,16,8.0,3525
19.74500687314432,17,1.0,-4104
19.74558204468781,13,1.0,-6890
19.74608897406099,17,1.0,-4840
19.746658586140267,5,2.0,0
19.748047784858223,13,3.0,-6653
19.748111838430184,5,2.0,0
19.74928656670189,14,8.0,-6629
19.749675534485306,13,1.0,-6453
19.7497012430253,5,5.0,0
19.75049454550648,5,2.0,0
19.750766414192796,14,2.0,-6919
19.75135376434504,14,2.0,-6382
19.75173964375202,5,1.0,0
19.753803258935143,13,1.0,-6340
19.753803258935143,17,1.0,-6340
19.754069993896895,5,5.0,0
19.754645246674503,17,1.0,-3046
19.754976801169672,15,1.0,-4257
19.757248488194357,15,1.0,-4617
19.75820138143346,13,1.0,-6604
19.760269738284013,17,11.0,-6171
19.760355285782268,17,3.0,-3964
19.761029576802514,17,1.0,-5896
19.761782635980335,13,2.0,-6820
19.76240855888469,16,5.0,5624
19.76373402970736,13,1.0,-6694
19.764848896547637,13,1.0,-6626
19.765548368318157,5,12.0,0
19.76564297068183,5,1.0,0
19.765882215628228,4,5.0,7584
19.766237356169576,17,1.0,-1848
19.76729503660434,5,3.0,0
19.76732948063151,15,4.0,-4666
19.768016898890348,5,1.0,0
19.768200874992996,5,20.0,0
19.768826756473857,13,1.0,-6497
19.768841586585747,5,3.0,0
19.77022306264197,13,1.0,-6785
19.7707539667012,14,1.0,-6608
19.772088358282442,5,3.0,0
19.7722044028179,13,4.0,-6502
19.774633765711037,17,7.0,-2264
19.775686552453987,9,56.0,7474
19.77630825120704,4,4.0,7585
19.778418382295396,14,2.0,-6567
19.781164987406417,13,2.0,-6548
19.78184402945471,13,4.0,-6588
19.78184402945471,17,4.0,-6588
19.782519266953823,6,17.0,7556
19.78312393101935,13,1.0,-6617
19.784350207332768,14,4.0,-6524
19.784350207332768,17,4.0,-6524
19.784587054810828,17,2.0,-114
19.784593662772693,17,1.0,-615
19.785308327794116,12,32.0,7521
19.785361801714274,15,3.0,-4589
19.785827458630894,8,1.0,7539
19.78609926801436,15,49.0,-4337
19.78633825493492,14,4.0,-6396
19.786656852677066,13,1.0,-6476
19.78680543269256,13,1.0,-6811
19.78790880836421,14,4.0,-6883
19.78793530738724,5,6.0,0
19.7886910877969,5,10.0,0
19.788846658540283,17,3.0,-548
19.789238506998917,13,2.0,-6627
19.78932237055914,13,1.0,-6367
19.79209409485658,14,1.0,-6817
19.793894275770334,13,1.0,-6742
19.795104523647954,13,3.0,-6734
19.797171870309782,14,4.0,-6366
19.798187388733567,14,4.0,-6665
19.7994146595386,17,2.0,-451
19.800069995721458,13,8.0,-6566
19.800069995721458,17,8.0,-6566
19.8007000886514,1,2.0,7586
19.800804895044326,13,3.0,-6657
19.800804895044326,17,3.0,-6657
19.801652226481952,17,2.0,-4253
19.80255521336136,17,1.0,-475
19.803536666903668,14,1.0,-6347
19.803536666903668,17,1.0,-6347
19.803968819417534,17,1.0,-6196
19.804601189902563,15,3.0,-4602
19.804816996214978,15,1.0,-4446
19.80482292898358,5,4.0,0
19.80521300747004,15,6.0,-4705
19.808213539196913,5,4.0,0
19.80905438264211,14,8.0,-6687
19.809716427343783,16,2.0,735
19.80979190055541,5,5.0,0
19.81019768194573,15,7.0,-4282
19.810451952651302,13,44.0,-6836
19.810558416969396,13,29.0,-6475
19.810667833211557,14,1.0,-6485
19.81194158096075,8,1.0,7518
19.813608858159686,16,36.0,976
19.81380161306262,7,3.0,7422
19.815166671128164,13,2.0,-6587
19.815166671128164,17,2.0,-6587
19.81739386874382,14,4.0,-6634
19.81789429858861,13,8.0,-6709
19.819568386670003,14,4.0,-6541
19.8196496014086,17,2.0,-4630
19.820603505709126,13,2.0,-6867
19.82117419788474,14,1.0,-6745
19.821475465141113,5,5.0,0
19.821617319242335,9,2.0,7453
19.822167376669547,17,1.0,-1168
19.822995798341513,5,4.0,0
19.823324086050356,6,5.0,7580
19.824442935155663,15,1.0,-4479
19.824561454427286,15,1.0,-4573
19.824689759505418,16,13.0,15
19.8247725220795,15,1.0,-4412
19.824852297639925,13,2.0,-6399
19.825995008463416,17,14.0,-1119
19.826469234183076,5,1.0,0
19.8272585857269,15,44.0,-4289
19.82733362192385,113,55.0,-6612
19.827435680538088,16,5.0,2400
19.827882922529685,14,2.0,-6580
19.829671878149625,17,2.0,-3016
19.82973220686431,17,2.0,-348
19.83077593606545,14,2.0,-6770
19.832572697014932,13,2.0,-6439
19.832583506607843,13,1.0,-6370
19.833016569741552,15,5.0,-4628
19.833996603324138,13,1.0,-6663
19.834121125361108,14,6.0,-6752
19.834121125361108,17,6.0,-6752
19.83425938025216,5,4.0,0
19.834457452989046,14,4.0,-6406
19.8347082903228,13,1.0,-6796
19.835435796536572,17,2.0,-688
19.836869042697966,13,5.0,-6615
19.837006680087512,13,1.0,-6879
19.837128569236423,13,4.0,-6644
19.83785951355859,17,1.0,-234
19.83833203642878,7,5.0,7392
19.839271689600597,5,3.0,0
19.839718212698177,16,54.0,1518
19.84081968039532,17,5.0,-5848
19.840896858349613,13,1.0,-6914
19.84264277112917,13,3.0,-6443
19.843284985234597,14,1.0,-6474
19.843824835155978,13,1.0,-6413
19.843983037177168,13,7.0,-6539
19.844058170884978,17,7.0,-315
19.84423335471295,13,5.0,-6666
19.844693710146505,13,7.0,-6650
19.84485532522526,15,1.0,-4418
19.8474358781807,5,5.0,0
19.847544929432523,14,1.0,-6913
19.84767001198443,6,5.0,7227
19.848076963667857,17,43.0,-4710
19.84817383893452,13,19.0,-6527
19.849266927613343,16,58.0,538
19.850202066934397,13,2.0,-6844
19.85047631168662,5,2.0,0
19.850786876043486,5,4.0,0
19.85165637017729,5,1.0,0
19.851701142656065,5,5.0,0
19.851733906329105,17,1.0,-6253
19.851885303805382,16,6.0,6042
19.853430978966642,14,4.0,-6438
19.853430978966642,17,4.0,-6438
19.854450557807862,13,3.0,-6727
19.85446456799666,5,7.0,0
19.856782148320033,5,4.0,0
19.85704248376283,14,17.0,-6763
19.85769643536639,13,3.0,-6825
19.85855793127866,17,1.0,-452
19.85857955250321,5,1.0,0
19.85877911348748,17,8.0,-5172
19.859811352321763,14,3.0,-6771
19.859811352321763,17,3.0,-6771
19.86352148521087,17,4.0,-5418
19.863783630776013,13,4.0,-6726
19.863783630776013,17,4.0,-6726
19.864692560156318,13,1.0,-6901
19.86522900105284,5,2.0,0
19.865701202282892,17,4.0,-4129
19.86692730707333,16,11.0,2176
19.866957067321305,5,11.0,0
19.868235202383357,14,15.0,-6647
19.86984516912822,1,1.0,7587
19.869942475656075,14,3.0,-6786
19.869942475656075,17,3.0,-6786
19.871010183505778,14,1.0,-6723
19.87143080520741,17,1.0,-3954
19.87171432195462,17,2.0,-676
19.87320412842216,13,1.0,-6870
19.87419983786686,13,2.0,-6431
19.874836244263083,13,1.0,-6632
19.87539733024426,13,3.0,-6375
19.875709771355908,14,3.0,-6356
19.875709771355908,17,3.0,-6356
19.876338514581953,17,1.0,-4287
19.87656606701863,13,3.0,-6477
19.87668093619112,13,1.0,-6488
19.87668093619112,17,1.0,-6488
19.87739456628227,13,5.0,-6622
19.87821732975154,13,1.0,-6902
19.879729245600032,13,1.0,-6598
19.880075090863702,13,11.0,-6547
19.88124637568117,17,8.0,-529
19.881585592710813,13,1.0,-6692
19.88362563547498,13,5.0,-6800
19.885184559901813,13,1.0,-6716
19.885463937208534,16,11.0,7182
19.88547623891747,14,4.0,-6344
19.885709830938506,14,8.0,-6834
19.88573799948541,13,10.0,-6448
19.88573799948541,17,10.0,-6448
19.88601586971527,13,1.0,-6910
19.88678879222641,15,1.0,-4310
19.887745280264653,17,3.0,-3373
19.888090571691748,16,7.0,2122
19.888118191970303,17,1.0,-4126
19.888205602053162,16,1.0,4521
19.888727421057382,11,30.0,7514
19.889178888006736,5,4.0,0
19.889272760185168,113,47.0,-6805
19.889311096646114,5,3.0,0
19.89130052560476,17,8.0,-5702
19.89267185416937,17,3.0,-4341
19.892880158475215,1,2.0,7588
19.893031337015596,13,2.0,-6469
19.89307357451318,13,8.0,-6777
19.89357677697602,5,1.0,0
19.89374689182031,13,2.0,-6903
19.89395642153724,5,3.0,0
19.89413511564601,14,4.0,-6793
19.89413511564601,17,4.0,-6793
19.896026696612477,13,1.0,-6437
19.89619106858908,8,4.0,7445
19.896844012760763,14,1.0,-6769
19.896962391840592,14,2.0,-6715
19.897934720962283,17,13.0,-1627
19.898287121145476,5,4.0,0
19.89873771329869,17,1.0,-7
19.89884713199167,5,2.0,0
19.89936848145867,5,2.0,0
19.900489192962894,13,2.0,-6698
19.90130526727305,16,9.0,2706
19.904837379206683,17,3.0,-1091
19.90506525804409,14,1.0,-6878
19.90590347358937,7,2.0,7533
19.906223231393692,14,8.0,-6419
19.90719890753968,13,7.0,-6812
19.90736772441407,17,2.0,-4931
19.907665479319903,17,1.0,-6254
19.9079589828538,17,5.0,-4956
19.908314948410656,17,1.0,-5030
19.908853271386562,13,1.0,-6831
19.908853271386562,17,1.0,-6831
19.91039130754348,14,3.0,-6570
19.910471351616913,17,1.0,-3369
19.91048283294227,13,1.0,-6775
19.91048283294227,17,1.0,-6775
19.910745172508094,5,1.0,0
19.910900581523187,13,1.0,-6705
19.9114706447016,14,4.0,-6392
19.911587783248635,14,11.0,-6780
19.91185063407082,14,19.0,-6614
19.91185063407082,17,19.0,-6614
19.912824301542994,15,8.0,-4405
19.91295193680807,14,2.0,-6874
19.913583184096428,14,5.0,-6704
19.913803904293797,14,6.0,-6637
19.913803904293797,17,6.0,-6637
19.914134835786044,13,5.0,-6797
19.914134835786044,17,5.0,-6797
19.91511085988472,14,1.0,-6852
19.9156348804644,11,3.0,7531
19.915874322139597,6,4.0,7561
19.916052651555177,17,2.0,-2381
19.91650103224894,13,7.0,-6858
19.916562881602495,15,3.0,-4529
19.916592153688242,14,2.0,-6862
19.9167747667383,5,2.0,0
19.917444652458677,5,2.0,0
19.917482885459712,5,4.0,0
19.9178761183714,17,2.0,-5769
19.91917328491009,5,1.0,0
19.91942608024625,13,1.0,-6456
19.92114128570576,13,6.0,-6872
19.921366812451367,13,42.0,-6418
19.921953726209335,15,3.0,-4698
19.923020758894236,13,1.0,-6503
19.923020758894236,17,1.0,-6503
19.92362186214607,17,3.0,-2215
19.923769050420667,13,1.0,-6478
19.923769050420667,17,1.0,-6478
19.923881283359428,13,2.0,-6369
19.924368064376008,5,1.0,0
19.92551350557268,17,3.0,-1847
19.925543151574615,13,7.0,-6424
19.925543151574615,17,7.0,-6424
19.92581127048615,5,6.0,0
19.926901106086003,7,4.0,7475
19.92800653890239,14,56.0,-6526
19.928072374678415,13,7.0,-6758
19.928076341928204,13,1.0,-6481
19.929022139317567,17,2.0,-5471
19.92905634974496,15,2.0,-4643
19.929294328940593,5,2.0,0
19.929902909716155,13,2.0,-6368
19.93003502321581,17,6.0,-3068
19.930228582854777,5,1.0,0
19.930272351860484,5,2.0,0
19.930309251469268,13,5.0,-6555
19.93096024199726,15,2.0,-4314
19.93143574685554,14,2.0,-6585
19.93143574685554,17,2.0,-6585
19.93263369901952,14,1.0,-6416
19.932745626608906,13,9.0,-6736
19.932745626608906,17,9.0,-6736
19.932849092823318,5,4.0,0
19.934823549204836,16,2.0,2927
19.934949594819546,7,2.0,7437
19.935361148676154,15,1.0,-4397
19.935839740808497,15,2.0,-4701
19.936964314118555,14,2.0,-6353
19.936964314118555,17,2.0,-6353
19.937144493556136,6,6.0,7577
19.937316395186414,5,29.0,0
19.937671544127692,10,5.0,7584
19.93816202300448,5,9.0,0
19.938235377874978,14,1.0,-6583
19.938235963891422,15,4.0,-4385
19.9386857485339,13,1.0,-6731
19.942394717797338,16,10.0,5870
19.942613552288414,5,3.0,0
19.94315486112893,17,2.0,-636
19.943821362097133,17,1.0,-3493
19.944133174954764,17,4.0,-4112
19.94417486441696,13,1.0,-6743
19.944561570033137,17,1.0,-5146
19.944890430248872,113,23.0,-6339
19.94499476635048,14,18.0,-6605
19.94551383676715,5,1.0,0
19.945970732313647,7,8.0,7272
19.946824716724507,17,9.0,-5910
19.947320137136924,14,6.0,-6661
19.949081406269787,4,2.0,7589
19.94949480730593,13,2.0,-6425
19.94949480730593,17,2.0,-6425
19.951404258065985,14,2.0,-6346
19.952940384568638,17,6.0,-2195
19.953403649194787,14,1.0,-6470
19.954693760745663,14,3.0,-6880
19.9550892143864,14,43.0,-6849
19.9550892143864,17,43.0,-6849
19.955364769098804,13,1.0,-6495
19.95658321655412,5,6.0,0
19.956683384692056,14,3.0,-6722
19.95717573626493,13,1.0,-6537
19.95717573626493,17,1.0,-6537
19.957270587750155,16,11.0,4203
19.95750989174622,5,2.0,0
19.958944455359344,13,2.0,-6522
19.958944455359344,17,2.0,-6522
19.959303447005432,5,5.0,0
19.960094785923467,7,5.0,7355
19.96053147867574,13,12.0,-6788
19.960733436044173,13,5.0,-6436
19.960733436044173,17,5.0,-6436
19.960897871548767,15,6.0,-4632
19.964151165572037,1,7.0,7590
19.96495378674355,15,3.0,-4315
19.96615801033552,14,4.0,-6360
19.96689766512093,13,5.0,-6746
19.96759814958313,5,12.0,0
19.969633841989936,5,5.0,0
19.970687558498682,13,1.0,-6779
19.970687558498682,17,1.0,-6779
19.97341377035471,17,7.0,-4320
19.973916462946306,5,3.0,0
19.974138871405838,17,1.0,-4660
19.97459778384401,17,3.0,-2039
19.97481668972983,14,6.0,-6562
19.97507803203222,13,2.0,-6643
19.975803282054304,5,4.0,0
19.976225928036797,14,3.0,-6755
19.976225928036797,17,3.0,-6755
19.976316387745534,1,6.0,7591
19.97667914294467,6,6.0,7591
19.977303791405078,14,2.0,-6415
19.977379772368355,17,1.0,-1910
19.97740710834688,13,2.0,-6531
19.97740710834688,17,2.0,-6531
19.977497610648523,5,1.0,0
19.97802608772074,13,2.0,-6799
19.979081285736278,5,31.0,0
19.979294888579066,14,4.0,-6593
19.983261354189395,7,6.0,7495
19.984899698682554,13,1.0,-6689
19.985704565824808,16,2.0,4847
19.985755286485492,13,5.0,-6516
19.98621154242653,10,43.0,7432
19.986364919984943,17,4.0,-2553
19.987356163927924,5,3.0,0
19.987946194899866,13,1.0,-6493
19.987946194899866,17,1.0,-6493
19.988167775579406,8,12.0,7553
19.98824580385915,7,6.0,7544
19.990228263684763,14,8.0,-6916
19.991014525648282,13,1.0,-6445
19.99129644297373,5,5.0,0
19.991430090485007,113,56.0,-6765
19.992034288885435,8,4.0,7433
19.993546311602948,15,1.0,-4605
19.993752308456724,13,1.0,-6900
19.995444202991845,5,1.0,0
19.995850935560064,5,15.0,0
19.99826661171456,17,1.0,-1000
19.99883483217279,17,1.0,-3133
19.999329491086385,17,2.0,-2684
19.999667978319565,5,6.0,0
19.999819159916157,16,8.0,3028
20.003434433938907,13,1.0,-7455
20.00348165136134,7,3.0,7498
20.004021001493278,14,1.0,-7106
20.00436387900957,113,27.0,-7137
20.0050874628098,13,15.0,-7465
20.0056847635635,7,7.0,6913
20.007401244204843,13,2.0,-7370
20.007478898289285,15,1.0,-4937
20.008197455910107,14,1.0,-7494
20.008806468622915,13,1.0,-7039
20.00952983196665,13,1.0,-6967
20.009916990494762,5,5.0,0
20.01041025085932,14,1.0,-6925
20.011407328811003,15,5.0,-5008
20.012198532967304,13,1.0,-7422
20.013837291025503,13,2.0,-7019
20.013852229706778,5,2.0,0
20.013913622993165,5,1.0,0
20.014031092440472,5,2.0,0
20.014326189449708,15,2.0,-5077
20.017879572599767,5,4.0,0
20.017938621276997,13,7.0,-6986
20.018262473163116,14,4.0,-7414
20.018591893847283,13,2.0,-7350
20.018889515961032,113,38.0,-7142
20.020693079215427,5,4.0,0
20.021363985165003,14,4.0,-7317
20.02175896459133,5,1.0,0
20.02369221612159,13,3.0,-7122
20.025114521906175,15,2.0,-5218
20.025284953904873,13,1.0,-7369
20.02571122622362,15,1.0,-5109
20.026614547630352,5,5.0,0
20.026616310403305,13,5.0,-7190
20.02678837020115,5,8.0,0
20.028896273458955,13,1.0,-7219
20.029564723712436,16,10.0,5183
20.033652680237225,13,4.0,-7119
20.033908509448842,14,9.0,-7378
20.034904779621723,13,3.0,-6997
20.035566473171105,13,2.0,-6974
20.03586456068159,13,3.0,-7298
20.03625690004393,15,1.0,-5147
20.036306616439052,113,23.0,-7337
20.03658913184006,5,2.0,0
20.036707945228226,13,1.0,-7199
20.036712442042347,13,3.0,-7057
20.03694908011243,14,1.0,-7060
20.03762899518975,13,1.0,-6977
20.037977869991035,13,1.0,-7011
20.03838499081662,13,1.0,-7037
20.038589074368538,14,3.0,-7285
20.03873396044879,7,2.0,7301
20.039311152521933,14,2.0,-7325
20.040542586852464,5,9.0,0
20.046775680378577,14,5.0,-7433
20.047147392323993,13,1.0,-7485
20.047764805875918,13,2.0,-7444
20.048078930508655,16,3.0,5488
20.05202848506263,4,17.0,7592
20.052115421225462,4,33.0,7593
20.05241563615527,14,2.0,-7078
20.052572483363022,16,1.0,6533
20.052593483801015,4,6.0,7594
20.053471228561506,17,9.0,-1769
20.0534958463325,13,2.0,-7256
20.053927172291285,5,7.0,0
20.054245644848237,16,6.0,1868
20.054451977304197,16,49.0,166
20.055941658244734,16,6.0,7508
20.05623312405943,7,3.0,7511
20.05627403154834,15,6.0,-4800
20.056473141499694,14,3.0,-7265
20.057460062945925,7,4.0,7263
20.05862256186503,4,2.0,7595
20.059167971667776,13,1.0,-7426
20.060133550115918,14,5.0,-7197
20.060553674845924,14,7.0,-7070
20.060880701030648,13,5.0,-7268
20.06097764096745,15,3.0,-4929
20.061224870144606,13,4.0,-6959
20.066006917118926,5,15.0,0
20.066339107727536,13,1.0,-7338
20.067004662363733,13,4.0,-7428
20.06819647809957,5,2.0,0
20.069332954720725,13,2.0,-7508
20.069741120356625,13,6.0,-7152
20.071003829212174,13,7.0,-7310
20.07184501595551,5,6.0,0
20.072492975376445,13,2.0,-7094
20.072526869085408,6,1.0,7575
20.072850943267483,17,7.0,-2124
20.07336712185482,6,3.0,7529
20.074138751219255,113,40.0,-7270
20.074692077325174,16,7.0,4763
20.07554907170875,5,17.0,0
20.076931269120873,13,1.0,-7144
20.077302584421428,11,4.0,7451
20.07735325398708,113,47.0,-6970
20.078949920855806,13,1.0,-7502
20.079084003454533,14,1.0,-6939
20.07940919274015,13,3.0,-7309
20.08042305460643,14,4.0,-7320
20.083096574816906,17,1.0,-3093
20.083143298840795,13,7.0,-6952
20.083608999209492,13,5.0,-7177
20.085247613740698,16,3.0,85
20.0854664896272,5,3.0,0
20.08790219553773,17,1.0,-1980
20.088587414116816,17,6.0,-2467
20.090264220028605,17,1.0,-1262
20.091095443617565,15,1.0,-5124
20.091838464919096,5,1.0,0
20.092038743178655,13,1.0,-7204
20.09242128400106,5,2.0,0
20.092753888551528,5,5.0,0
20.09557762575791,14,5.0,-7273
20.096516317880443,13,2.0,-7003
20.097147552320376,14,11.0,-7018
20.097167289212017,7,7.0,7460
20.09845018938495,17,1.0,-3129
20.098450323558083,17,1.0,-1902
20.098565755479434,13,1.0,-7385
20.09867399503008,14,12.0,-7055
20.100853022202433,13,9.0,-7224
20.10098825909649,5,2.0,0
20.10112808853744,13,1.0,-6978
20.10140820580008,13,1.0,-7149
20.102131393165198,5,3.0,0
20.10303993596845,5,1.0,0
20.103604956188445,15,2.0,-5013
20.103849852150738,15,1.0,-5220
20.10566631831475,14,6.0,-7091
20.10788357359804,3,54.0,7596
20.109372095281262,13,3.0,-7002
20.109505937868008,14,10.0,-7155
20.113316013257702,13,2.0,-7121
20.115534255014225,5,22.0,0
20.11698764665037,9,11.0,7467
20.117215632997976,6,3.0,7493
20.1173961323944,14,1.0,-7413
20.117671492213223,15,1.0,-4798
20.117837357641655,14,1.0,-7436
20.12213927592446,8,5.0,7401
20.12259098864905,5,11.0,0
20.122753823211287,13,4.0,-7473
20.12307873227955,13,6.0,-7125
20.123485661654655,13,2.0,-6953
20.123544113818667,7,1.0,6634
20.12452451264051,13,2.0,-7252
20.125155667631443,13,5.0,-7425
20.126694721110333,15,1.0,-5142
20.128297621471372,14,3.0,-7459
20.128583080085935,13,1.0,-6956
20.130050387675958,5,2.0,0
20.13054562543864,13,2.0,-7074
20.130977942372176,5,3.0,0
20.13178396217274,13,1.0,-7113
20.131876250424128,10,17.0,7592
20.13225364377302,113,58.0,-6957
20.133189024212886,5,4.0,0
20.133840894373797,7,8.0,7484
20.134572923338677,11,9.0,7394
20.1348783275637,5,6.0,0
20.13505535991952,17,3.0,-1732
20.135445416494534,13,1.0,-7087
20.136727246427427,5,3.0,0
20.13731292127263,11,58.0,7504
20.139891649280454,13,3.0,-7394
20.140226258158833,13,3.0,-7345
20.140981625281704,16,26.0,5137
20.141150182397798,5,4.0,0
20.14151534517824,14,3.0,-7405
20.14230769623299,15,2.0,-4949
20.142640419812256,5,1.0,0
20.14339443434988,17,1.0,-3611
20.143589913797186,15,3.0,-4918
20.143606772023354,14,2.0,-7419
20.14413399279673,15,1.0,-4837
20.144799668216876,17,6.0,-2740
20.145971505231245,5,21.0,0
20.146141718068943,13,8.0,-7319
20.146629060434908,14,8.0,-7421
20.1467934404416,4,34.0,7597
20.147991689478935,14,1.0,-7096
20.148645083088617,17,3.0,-724
20.150156993742346,13,4.0,-7299
20.15043222727308,13,5.0,-7296
20.152188939487623,15,1.0,-5216
20.155543834021298,14,4.0,-6941
20.15574492739063,13,2.0,-7301
20.156361109461088,14,2.0,-6962
20.157355635684702,14,1.0,-7401
20.157785223058756,13,1.0,-7326
20.160002794911758,15,2.0,-4731
20.160014898686413,13,1.0,-7159
20.160924761806662,5,4.0,0
20.16145456829144,15,1.0,-5086
20.161817151001955,5,12.0,0
20.1618960915197,14,1.0,-7181
20.162773574655084,5,2.0,0
20.162902512389305,13,1.0,-7259
20.163359183272394,17,1.0,-2009
20.16461666296634,5,3.0,0
20.166329887589995,13,3.0,-6985
20.166842436175468,5,4.0,0
20.168098124640466,13,7.0,-7143
20.168966599310476,13,2.0,-7118
20.16967296745943,15,4.0,-5129
20.169923088984977,14,1.0,-7360
20.170266519322958,13,1.0,-7110
20.170432438333087,13,4.0,-7358
20.17075482493328,5,1.0,0
20.17114290467045,13,4.0,-7169
20.171370146995088,14,2.0,-7102
20.171702172838835,13,1.0,-7041
20.1720692203609,17,9.0,-3395
20.173270948858036,15,1.0,-5119
20.17341085098879,13,3.0,-7069
20.173742049694418,13,1.0,-7277
20.17424403181608,14,9.0,-7183
20.1768030587182,14,1.0,-7205
20.177078887932215,14,2.0,-7267
20.17757108622479,5,1.0,0
20.17786681900817,16,50.0,2918
20.177915066905502,13,1.0,-7223
20.178703750298798,14,2.0,-7314
20.180852931962704,1,3.0,7598
20.18123883807798,5,6.0,0
20.18183009471169,14,4.0,-6935
20.18240453082227,13,3.0,-6963
20.182869695836146,5,1.0,0
20.188164448200638,13,6.0,-6948
20.188469645389954,13,1.0,-6989
20.190308955930185,17,5.0,-1101
20.191774134811105,15,2.0,-4723
20.192052331726266,5,3.0,0
20.193093188557306,13,2.0,-7390
20.193096942626802,6,3.0,7598
20.193187834270567,9,4.0,7506
20.19413940043512,5,2.0,0
20.19479205322712,16,13.0,1837
20.196235673389463,9,4.0,7458
20.196776907736957,13,2.0,-7400
20.197821485969587,13,1.0,-7489
20.19832298920635,6,7.0,7590
20.19834129340435,5,1.0,0
20.198913940683255,17,2.0,-2015
20.19910420887962,13,8.0,-7276
20.200665518706654,6,4.0,7563
20.205189824138643,13,4.0,-6958
20.206766227066826,14,9.0,-7291
20.207397736724733,17,2.0,-726
20.20894949451978,16,28.0,1320
20.209427126824867,15,4.0,-5226
20.20979530657557,7,3.0,7289
20.21080722746709,13,2.0,-7248
20.212583293301126,13,1.0,-7209
20.212925889545254,17,2.0,-2155
20.213084136447357,13,10.0,-7403
20.213712780594502,13,10.0,-7107
20.214656729299556,15,3.0,-5009
20.215292705314873,17,19.0,-1936
20.21537964689622,13,1.0,-7367
20.21632697677705,17,5.0,-5081
20.218998978952516,17,15.0,-3606
20.219232442149664,13,2.0,-7128
20.22044573274746,13,1.0,-7081
20.221108563333694,17,5.0,-5225
20.221575470112164,16,21.0,6354
20.221977261686227,17,8.0,-2302
20.22197863102388,17,1.0,-3413
20.222687674066385,17,1.0,-3595
20.222725642122818,5,10.0,0
20.223821143857645,5,1.0,0
20.224068425798514,17,18.0,-4640
20.224210970767754,17,7.0,-2150
20.2244316138268,15,1.0,-5224
20.224856804016984,16,24.0,2773
20.225971056809634,5,1.0,0
20.225980311712387,16,50.0,630
20.22665069284918,14,1.0,-7210
20.226947612101945,5,1.0,0
20.228147831805796,13,1.0,-7229
20.22968786130991,14,1.0,-7274
20.230480261949534,15,1.0,-4889
20.230565509372358,13,1.0,-7346
20.23102195311689,5,3.0,0
20.23315263799832,5,1.0,0
20.234997920014848,13,5.0,-7066
20.236208953407765,13,36.0,-6990
20.237540460588633,14,4.0,-7062
20.23894011498394,13,3.0,-7085
20.239896151110884,13,6.0,-7198
20.239907712569696,14,2.0,-7397
20.241354297781328,13,2.0,-7303
20.242045894921322,16,2.0,469
20.242254101066795,6,6.0,7566
20.242882144854914,17,1.0,-230
20.243423294804913,17,5.0,-2396
20.243557378836485,13,3.0,-7238
20.245292491498418,13,3.0,-7061
20.245756257850612,13,2.0,-7213
20.247800868351128,5,10.0,0
20.2488068843276,13,2.0,-7254
20.249243520701782,13,1.0,-7010
20.250536470905992,13,3.0,-6944
20.25250505907605,13,1.0,-7156
20.252729506981645,17,1.0,-4377
20.253625050777018,15,9.0,-5068
20.253717111394046,14,3.0,-7255
20.25579941781105,13,3.0,-7491
20.25805710289504,13,1.0,-7442
20.25822303811777,16,1.0,3463
20.258570103827893,13,3.0,-7445
20.25978586418606,13,2.0,-7468
20.264176135509082,17,1.0,-3172
20.264860813178927,10,51.0,7543
20.265060601007395,113,36.0,-7404
20.265292753611345,13,1.0,-7381
20.26627316885297,5,1.0,0
20.26666061772809,17,1.0,-4869
20.266670404841918,13,1.0,-7374
20.2679107324264,13,1.0,-7451
20.267986497168256,5,5.0,0
20.2682055349978,10,4.0,7585
20.26865749276543,13,5.0,-7307
20.26942693921559,13,6.0,-6940
20.269898037524804,13,2.0,-7052
20.269913373837102,5,1.0,0
20.27073377710183,14,3.0,-7033
20.27188966422221,13,2.0,-7086
20.272902916039293,16,11.0,4796
20.273533624057706,16,25.0,2869
20.274423602314325,13,2.0,-7480
20.276496222383464,13,26.0,-7322
20.276642988143195,17,3.0,-4034
20.279556921501595,17,2.0,-4965
20.280147213692413,14,4.0,-6924
20.280820932163483,5,4.0,0
20.283424874226593,15,3.0,-4909
20.28378939006331,14,1.0,-7191
20.283854008001274,15,11.0,-5022
20.28552534685059,5,1.0,0
20.285651943978195,13,1.0,-6930
20.288700365639663,13,2.0,-6993
20.28928902415469,15,6.0,-5054
20.290851787493196,13,2.0,-7123
20.291963377214056,13,1.0,-7109
20.293456236948,14,4.0,-6996
20.293487544581893,15,2.0,-5207
20.29375077289109,14,35.0,-7396
20.29383292440327,16,41.0,2181
20.29427787627434,15,2.0,-5025
20.295763178614983,6,1.0,7568
20.296024783734786,13,3.0,-7194
20.297161152037678,9,10.0,7320
20.298207277309256,13,2.0,-6982
20.298489471133713,17,4.0,-851
20.2985927107958,17,1.0,-5429
20.299202963004312,13,2.0,-7112
20.299494555118503,17,6.0,-1561
20.299715988132302,14,4.0,-6931
20.30067285523512,9,12.0,7553
20.3006818592511,17,1.0,-4576
20.301756871498256,5,1.0,0
20.30272027800639,13,1.0,-7506
20.30445066963636,14,22.0,-7488
20.30512900178753,13,2.0,-7160
20.305414603692803,13,1.0,-7407
20.30626854218135,13,1.0,-7275
20.306654388947216,3,44.0,7599
20.308179765731715,14,2.0,-7243
20.308273872145907,14,2.0,-7175
20.309088528612364,16,1.0,6969
20.31032698091274,14,3.0,-6929
20.310455537931688,14,2.0,-7082
20.310457139097096,17,6.0,-5553
20.310546779006568,13,2.0,-7090
20.312277639609405,17,2.0,-3174
20.31294892863864,14,2.0,-6983
20.31323394933522,14,4.0,-7294
20.313416543055546,16,7.0,1288
20.313521754185594,14,4.0,-7279
20.314037486935202,16,3.0,189
20.315016266000722,5,2.0,0
20.315068303279627,5,3.0,0
20.315217565135512,13,3.0,-7391
20.31656600185925,13,2.0,-7327
20.31805877487166,14,8.0,-7015
20.32274208085959,15,8.0,-4862
20.32406953001726,13,2.0,-7182
20.324513774587793,13,11.0,-7153
20.325757495043163,5,2.0,0
20.325923515083492,16,52.0,3224
20.325985775738438,113,35.0,-7172
20.326305700047666,13,6.0,-7230
20.32795775371928,13,1.0,-7193
20.328117044756382,16,7.0,1633
20.330748901903647,17,7.0,-864
20.331228907126533,15,2.0,-4742
20.331945855454123,15,4.0,-5186
20.332520912979806,5,12.0,0
20.332644704210736,5,5.0,0
20.33285618590217,14,1.0,-7334
20.332885157204103,7,1.0,7249
20.333105249051115,13,7.0,-6966
20.334155823930654,13,2.0,-7454
20.334810347541247,14,6.0,-7225
20.334861787144774,13,7.0,-7503
20.335232407843765,13,2.0,-7328
20.33681816459311,16,51.0,1363
20.33781872774277,15,5.0,-5063
20.338343902656284,13,3.0,-7388
20.339868451836697,15,2.0,-5121
20.341116202491182,17,2.0,-4048
20.341300275863162,15,1.0,-4893
20.341415357403445,7,5.0,7424
20.342321550992047,13,3.0,-7097
20.34307861591619,7,4.0,7337
20.343130078613587,13,12.0,-7133
20.34332547079674,5,2.0,0
20.34503348483986,5,39.0,0
20.345678600585323,13,1.0,-7051
20.346428249019166,13,1.0,-7263
20.34747130104502,16,2.0,4380
20.347738504984246,14,36.0,-7478
20.352723571877032,5,1.0,0
20.35462325492673,17,2.0,-5513
20.354883728715517,5,3.0,0
20.355574676998184,15,2.0,-4895
20.356670514345186,6,8.0,7549
20.35693719593271,16,52.0,685
20.357103348296718,13,1.0,-7467
20.357790503261363,15,4.0,-4955
20.358736568425336,17,2.0,-5313
20.358819362602265,10,34.0,7597
20.35912946944069,4,4.0,7600
20.361607826024223,14,3.0,-7481
20.362604787931218,13,1.0,-7283
20.363667753543456,15,4.0,-4875
20.364967455406205,5,4.0,0
20.365349693992464,13,1.0,-7188
20.36595892787758,14,8.0,-7218
20.366314535067154,8,6.0,7542
20.367659379781156,17,2.0,-4921
20.36869837373078,17,1.0,-4877
20.36872084089364,7,9.0,7512
20.36926653985119,14,2.0,-7165
20.369676669570076,5,7.0,0
20.370835864006605,14,8.0,-7017
20.371717610195784,14,1.0,-7196
20.372580567000767,5,4.0,0
20.373938300675206,16,4.0,2794
20.374203515816525,16,1.0,2914
20.374221293484723,17,6.0,-4116
20.374996511761875,3,55.0,7601
20.375296939618053,17,2.0,-2984
20.375406490516404,15,1.0,-5133
20.376349407813525,16,35.0,278
20.37755021210804,5,2.0,0
20.37769257007633,5,2.0,0
20.377957454626753,17,6.0,-4761
20.37870027056653,16,1.0,2479
20.37887218817667,15,3.0,-4744
20.379256471014873,14,9.0,-7101
20.379915333020776,17,4.0,-1145
20.38134559023619,13,2.0,-7362
20.382827694452704,17,4.0,-46
20.383007907344346,13,15.0,-7168
20.383375411754628,14,5.0,-7145
20.38420374618185,5,1.0,0
20.38515696634651,17,5.0,-1509
20.385452338148564,13,1.0,-7347
20.38553097938544,13,1.0,-7431
20.385615997447818,14,7.0,-7093
20.386157435396694,13,1.0,-7293
20.38648743149137,14,3.0,-6933
20.38686316315762,13,18.0,-7084
20.387225428575018,13,1.0,-7372
20.387778464836952,1,16.0,7602
20.389071246586767,5,6.0,0
20.389473811918847,5,7.0,0
20.39100489468786,5,4.0,0
20.39183294627825,13,15.0,-7376
20.392543445258298,7,2.0,7525
20.392950513860782,17,2.0,-3997
20.39436957196448,15,16.0,-4766
20.394391726518894,13,1.0,-7461
20.395196174367843,16,8.0,5470
20.39643335820172,17,1.0,-4438
20.39949391438863,17,1.0,-2107
20.400307160140734,5,2.0,0
20.40250311310637,13,3.0,-7146
20.403310791428538,13,1.0,-7001
20.403621906497776,14,9.0,-7417
20.4038372716151,14,4.0,-7105
20.404026890193983,14,1.0,-7505
20.40417205499151,17,3.0,-4271
20.405464300186658,14,6.0,-7490
20.40699318533655,7,11.0,7537
20.407964893449517,13,1.0,-6973
20.4082147084133,14,2.0,-7222
20.408690936119722,13,12.0,-7333
20.408853246072727,14,1.0,-7353
20.409126043583573,13,10.0,-6950
20.41192285023635,13,1.0,-7036
20.412004708215765,14,6.0,-7344
20.41232186524285,14,4.0,-7220
20.413052187411704,14,19.0,-7472
20.413069656772254,15,1.0,-4903
20.413069656772254,17,1.0,-4903
20.413152692931703,5,3.0,0
20.41488073835769,14,4.0,-7441
20.41523667899764,14,5.0,-7154
20.417563995707365,13,6.0,-7384
20.41764303272541,15,6.0,-4962
20.418417221562027,13,2.0,-7025
20.419027677187774,5,7.0,0
20.41911754594043,17,6.0,-5490
20.41919692535874,17,18.0,-4210
20.41931055591911,13,1.0,-7318
20.420964868273217,14,2.0,-7331
20.42187420577575,5,3.0,0
20.423005750017712,13,1.0,-6936
20.423494393644386,15,2.0,-5182
20.424303474420164,16,1.0,3745
20.425547891690663,16,6.0,6263
20.426101137239737,17,1.0,-2147
20.426164003820308,7,3.0,7490
20.426631904853007,14,1.0,-7492
20.427164034139636,14,1.0,-7416
20.427661831074573,17,1.0,-4813
20.427738691471458,7,6.0,7577
20.42775155428797,113,23.0,-7059
20.428692514976184,13,2.0,-7076
20.43127549020705,17,5.0,-4945
20.431361233430458,13,2.0,-7399
20.431414392508636,17,2.0,-2976
20.433080869423495,13,1.0,-7290
20.433160128385776,14,3.0,-7047
20.433659606730508,13,2.0,-7424
20.433928773312307,14,30.0,-7114
20.4362702544835,5,1.0,0
20.437910058063192,5,1.0,0
20.438591198461204,13,2.0,-7236
20.438812624453796,13,2.0,-7130
20.440453768979346,14,1.0,-7464
20.440663386524314,14,2.0,-7402
20.44136161525853,13,2.0,-7075
20.44151843071557,17,19.0,-3956
20.44157857079477,5,8.0,0
20.4421065470508,13,6.0,-6945
20.443516639331357,7,7.0,7457
20.443516639331357,16,7.0,7457
20.44376703665658,16,1.0,5449
20.443899081916996,13,52.0,-7500
20.444662318803715,9,32.0,7521
20.444946887900034,5,1.0,0
20.44522041219407,5,16.0,0
20.445923241629323,14,4.0,-7383
20.446708469081415,13,1.0,-7035
20.447827324866562,14,7.0,-6988
20.44848040941271,15,6.0,-4834
20.448688667307994,5,1.0,0
20.4498621786833,13,4.0,-7021
20.45201184978068,113,53.0,-6955
20.452773957211978,5,1.0,0
20.453253986950173,14,1.0,-7432
20.453438660830308,13,16.0,-7304
20.454943344265093,13,6.0,-7124
20.457076704657545,7,1.0,7379
20.457235430112057,6,1.0,7562
20.45920637129098,13,1.0,-7504
20.460336378123866,16,16.0,1427
20.46061835167664,113,19.0,-7257
20.462206850890677,13,1.0,-7323
20.463023192966013,17,4.0,-1621
20.463262450054252,16,2.0,4198
20.463754735151543,14,8.0,-7234
20.46446634064005,17,4.0,-2977
20.465746327163643,13,1.0,-7148
20.4658080741333,5,2.0,0
20.46664242309715,14,1.0,-7030
20.46664242309715,17,1.0,-7030
20.466848409599393,1,3.0,7603
20.466856179647156,13,8.0,-7495
20.467342278933696,5,1.0,0
20.46961607257075,13,2.0,-7173
20.470756538919503,14,20.0,-7006
20.470760964183835,13,24.0,-7447
20.470804643013025,17,1.0,-3450
20.471185109055053,14,3.0,-7007
20.471756995879257,13,7.0,-7245
20.47244879975673,13,1.0,-7292
20.472657912578804,5,1.0,0
20.473322477622013,13,1.0,-7261
20.47535931615757,5,3.0,0
20.475904226288314,15,1.0,-4849
20.476366262397914,16,1.0,6801
20.476462604124738,17,1.0,-4538
20.476531093524134,5,3.0,0
20.478350176283406,17,1.0,-2021
20.480136584170452,13,1.0,-7151
20.480215413981277,15,4.0,-5059
20.480661641269776,17,1.0,-1275
20.4811966268531,5,9.0,0
20.485632702450225,15,1.0,-4827
20.485875219647465,7,14.0,7329
20.487149273138538,13,1.0,-7163
20.4880321759737,14,6.0,-7324
20.488269874440196,15,1.0,-4736
20.488444649320346,7,3.0,7535
20.48870343644719,17,2.0,-1063
20.48871969405947,13,2.0,-7393
20.48871969405947,17,2.0,-7393
20.48912870108981,5,2.0,0
20.48936215834875,15,2.0,-5073
20.49006927697419,5,2.0,0
20.49012003143209,1,2.0,7604
20.492440329938674,15,7.0,-5076
20.495220619615456,13,1.0,-7044
20.495739990774844,15,1.0,-5231
20.495877357125387,14,4.0,-7354
20.49632570542421,14,2.0,-7484
20.49708427395203,13,1.0,-7482
20.499415208231603,13,1.0,-7457
20.50107288032082,1,6.0,7605
20.502090446130644,14,8.0,-7046
20.502188836007253,17,2.0,-5463
20.50239828207323,13,2.0,-7466
20.50239828207323,17,2.0,-7466
20.502679171057995,17,1.0,-5164
20.504235674952245,15,2.0,-5111
20.505443123790428,5,3.0,0
20.507152432186437,9,4.0,7445
20.508216475551517,5,4.0,0
20.50845357873594,7,47.0,7412
20.508757547683317,17,7.0,-5240
20.51197014779249,13,1.0,-7095
20.512345993751,15,1.0,-4850
20.51238781939466,16,5.0,837
20.513091367796147,1,2.0,7606
20.514026403858423,17,3.0,-4527
20.51479128635739,14,1.0,-6994
20.51570458704833,13,2.0,-7132
20.515811763882684,5,1.0,0
20.515852730940452,17,2.0,-1221
20.516441508147576,13,2.0,-7065
20.516780070212164,8,12.0,7176
20.51689772108138,5,1.0,0
20.517274429736418,13,3.0,-7116
20.51777210793358,15,2.0,-5067
20.51789341327843,17,5.0,-6806
20.51883204376663,15,2.0,-4863
20.519063443203084,13,1.0,-6943
20.51926130574964,5,22.0,0
20.51994825774027,14,2.0,-7452
20.521664773824277,14,1.0,-7200
20.521664773824277,17,1.0,-7200
20.522419118969225,17,5.0,-4366
20.523185453024222,5,3.0,0
20.524498896963735,13,6.0,-7164
20.52525245037021,17,6.0,-3698
20.52542906323679,14,4.0,-7100
20.526393616411603,13,5.0,-7192
20.527138498037356,17,1.0,-6667
20.528163417715813,13,2.0,-7437
20.52825611015727,8,9.0,7516
20.52838772007901,17,4.0,-3159
20.529092181415344,17,6.0,-4234
20.529138694206125,13,10.0,-7479
20.529735922273897,16,6.0,1241
20.530339186890117,5,1.0,0
20.530892210614272,13,2.0,-7108
20.531189626942698,5,1.0,0
20.531541621426555,17,2.0,-3423
20.531855608197688,5,1.0,0
20.53299150375416,16,12.0,3058
20.533408856323966,17,2.0,-5255
20.53365634971023,5,1.0,0
20.533987721493002,17,3.0,-5454
20.53407072681899,16,4.0,6041
20.53415058485401,5,4.0,0
20.534378398500166,15,9.0,-5191
20.536315892914438,13,1.0,-7020
20.537102376920334,15,1.0,-4898
20.53743797689955,13,1.0,-7026
20.53743797689955,17,1.0,-7026
20.538117748353784,6,2.0,7586
20.538663849766525,13,1.0,-7460
20.539727763057257,17,15.0,-5768
20.540271150933272,13,9.0,-7077
20.5413494918917,5,1.0,0
20.541950109815538,13,2.0,-7014
20.542228483027355,15,8.0,-4990
20.542249701778267,5,2.0,0
20.542441829629208,14,1.0,-6949
20.542441829629208,17,1.0,-6949
20.542862102906117,13,3.0,-7264
20.54357135407233,13,2.0,-7161
20.543990767666614,16,1.0,5043
20.544362912380276,5,32.0,0
20.544543900318356,5,5.0,0
20.547976236721418,16,5.0,3932
20.551750003887022,14,2.0,-7201
20.55180431405335,17,8.0,-3844
20.552655171844158,13,1.0,-6968
20.55266728137092,13,4.0,-7150
20.55266728137092,17,4.0,-7150
20.55433118433829,13,1.0,-7483
20.55499163416448,13,2.0,-7111
20.555317289239206,16,2.0,6714
20.55542145238086,17,4.0,-1445
20.555762119819555,5,1.0,0
20.556271412009323,5,4.0,0
20.55634522624196,17,13.0,-4206
20.55767792325719,13,1.0,-7042
20.55815250332386,7,4.0,7515
20.55874657965383,17,3.0,-4599
20.55953597901504,17,3.0,-3243
20.559850598492773,14,3.0,-7184
20.560907043545427,17,12.0,-3679
20.56100785754615,13,5.0,-7458
20.561510185917374,5,3.0,0
20.56159264209498,13,13.0,-7068
20.561941349168016,6,2.0,7604
20.562716883845017,13,1.0,-7411
20.562716883845017,17,1.0,-7411
20.56323463768976,13,1.0,-7453
20.568051135927288,17,3.0,-6630
20.56882640650697,5,4.0,0
20.56958897482726,17,5.0,-6007
20.57192612467153,14,4.0,-7147
20.57192612467153,17,4.0,-7147
20.572256709856454,16,1.0,6393
20.57226689684383,5,6.0,0
20.57265728136904,113,34.0,-7244
20.57307752315543,5,4.0,0
20.573252296925965,17,1.0,-4177
20.57336094559267,5,3.0,0
20.573468161956487,13,14.0,-7211
20.57452934333203,14,1.0,-7302
20.57516623462562,17,1.0,-4159
20.575957392339383,14,1.0,-7305
20.575957392339383,17,1.0,-7305
20.576834425076186,13,1.0,-7377
20.577185932035253,7,1.0,7505
20.579054246562904,14,4.0,-7371
20.579054246562904,17,4.0,-7371
20.57930919442973,16,5.0,7345
20.58018413243901,17,22.0,-3948
20.580209596818985,15,2.0,-5071
20.580209596818985,17,2.0,-5071
20.581392823352527,15,5.0,-5007
20.58238418714813,11,40.0,7534
20.582556715233558,14,3.0,-7387
20.582618566670472,5,4.0,0
20.582619602195813,17,1.0,-4333
20.583158856770453,5,7.0,0
20.583499130660513,5,1.0,0
20.583950202972183,13,2.0,-7073
20.585918711470978,17,1.0,-5641
20.58659355686877,14,2.0,-6938
20.587734487972472,14,1.0,-7435
20.589049423768856,13,17.0,-7045
20.589448842057994,16,4.0,1824
20.58961167870568,13,6.0,-7180
20.590721762626572,17,1.0,-1283
20.590982814624418,13,3.0,-6971
20.591184929337903,5,2.0,0
20.591709519537382,13,4.0,-7032
20.59220443067702,15,1.0,-4789
20.5937651529119,14,4.0,-7024
20.5937651529119,17,4.0,-7024
20.59556161650414,17,5.0,-868
20.597381092528103,10,33.0,7593
20.600677884546357,14,5.0,-7389
20.602322192825294,7,2.0,7541
20.602972863450603,5,2.0,0
20.60323063588877,13,5.0,-7349
20.605215897784806,15,5.0,-4995
20.606916866964333,14,7.0,-6934
20.607099670856364,5,2.0,0
20.607848226570905,5,2.0,0
20.607902847347788,9,4.0,7513
20.609814269218,17,7.0,-6776
20.61129360105901,5,5.0,0
20.611413210896814,13,1.0,-6995
20.61235185819633,15,5.0,-5180
20.613652403733884,4,7.0,7607
20.613758344322832,17,8.0,-6449
20.613900506787772,13,2.0,-7412
20.61496398376794,17,2.0,-3022
20.615023990495466,5,12.0,0
20.6150444928085,9,3.0,7560
20.615228871428112,13,2.0,-7134
20.615228871428112,17,2.0,-7134
20.616312953015417,17,25.0,-6114
20.616795633054352,17,6.0,-6124
20.617447079025503,13,4.0,-7247
20.617447079025503,17,4.0,-7247
20.618240862117474,17,1.0,-5794
20.618924726877868,13,1.0,-7013
20.619161894337694,5,2.0,0
20.620312473028843,17,6.0,-2504
20.620437941074528,17,5.0,-3502
20.620549104093847,13,2.0,-7207
20.620590215795428,15,2.0,-4842
20.622424463961618,17,1.0,-2908
20.623195101820905,14,4.0,-7456
20.623195101820905,17,4.0,-7456
20.62357364692423,17,20.0,-3559
20.62542225270664,14,4.0,-7380
20.62542225270664,17,4.0,-7380
20.626926282963524,13,6.0,-7140
20.627678966980074,17,4.0,-2679
20.62822591855562,14,4.0,-7158
20.62884512661145,5,2.0,0
20.62995182855169,17,1.0,-2225
20.630330941540368,15,3.0,-4977
20.631027342420847,14,6.0,-7471
20.631027342420847,17,6.0,-7471
20.632254756573825,13,1.0,-7135
20.63264055178243,14,9.0,-6981
20.63264055178243,17,9.0,-6981
20.634186046062172,13,2.0,-6979
20.634962638763987,7,6.0,6405
20.635145925743398,13,1.0,-7242
20.636318304500264,7,6.0,7502
20.636577375707517,17,1.0,-4557
20.637349759948094,113,44.0,-7203
20.639246170023466,13,4.0,-7410
20.63987935977684,13,3.0,-6976
20.63987935977684,17,3.0,-6976
20.640427782903785,13,1.0,-7089
20.640427782903785,17,1.0,-7089
20.64182721209273,15,4.0,-4779
20.642069071901442,13,2.0,-7117
20.642349684168984,17,4.0,-2820
20.64282479874645,15,1.0,-4913
20.64284591441864,13,2.0,-7287
20.643644815835106,17,5.0,-5956
20.644299926221226,13,11.0,-7469
20.6458230894106,14,1.0,-7103
20.647879683848938,13,1.0,-7221
20.648162510026694,14,2.0,-6926
20.648374920034303,13,7.0,-7332
20.648374920034303,17,7.0,-7332
20.648441643165597,15,12.0,-4857
20.649090054245157,17,14.0,-544
20.650675610412108,5,1.0,0
20.651830416491624,15,1.0,-4907
20.65273025670809,16,31.0,3169
20.65512473982822,13,2.0,-7136
20.655201314797775,15,3.0,-5130
20.65541485372226,15,4.0,-4764
20.65720545450004,5,5.0,0
20.65861989224598,14,1.0,-7233
20.659432730911615,3,47.0,7608
20.659808408424272,17,3.0,-3942
20.66052668385632,14,4.0,-7342
20.66052668385632,17,4.0,-7342
20.660685159607628,5,3.0,0
20.660845871586666,14,3.0,-7139
20.661173450138623,17,3.0,-5039
20.66151769942263,16,5.0,2049
20.663331777686974,7,2.0,7464
20.663973145180446,14,2.0,-7281
20.664747619151775,13,1.0,-7386
20.664747619151775,17,1.0,-7386
20.664785113210915,14,7.0,-7289
20.665128084232656,1,3.0,7609
20.66582448587607,17,2.0,-5612
20.667026945726107,17,5.0,-2947
20.667407335997428,4,3.0,7610
20.66805426160546,7,3.0,7438
20.669090584848473,17,1.0,-4998
20.669598375467626,16,9.0,4398
20.669765364280625,17,3.0,-1270
20.66976862833399,13,2.0,-7004
20.670051652660447,5,2.0,0
20.670600248192727,17,1.0,-2049
20.671494166163928,17,5.0,-5208
20.67248911237131,13,1.0,-7023
20.672891355014933,13,10.0,-7029
20.672891355014933,17,10.0,-7029
20.673354957684392,13,1.0,-6947
20.673354957684392,17,1.0,-6947
20.676508160374077,15,6.0,-4934
20.677281280532345,15,1.0,-5113
20.67944425210855,14,2.0,-7278
20.681703039770184,17,28.0,-4642
20.68173742838442,5,5.0,0
20.681944728068878,14,3.0,-7476
20.682236551437192,13,2.0,-7430
20.682771230289248,13,5.0,-6969
20.68288778962296,13,4.0,-7343
20.68397668745133,13,6.0,-7080
20.684129966611305,5,6.0,0
20.684700827135714,5,5.0,0
20.685153797646354,17,1.0,-6028
20.68526852307716,13,2.0,-7408
20.685426852172284,5,1.0,0
20.686152947278906,17,2.0,-3975
20.68620728046897,5,3.0,0
20.68717583459302,13,9.0,-7127
20.68717583459302,17,9.0,-7127
20.687880011160107,16,9.0,4730
20.687987667091274,5,3.0,0
20.69036302890635,13,2.0,-7300
20.690800533565092,13,2.0,-7311
20.69133309578472,4,4.0,7611
20.69267725556482,16,12.0,275
20.69283058859555,13,1.0,-7208
20.692838588609472,17,3.0,-4811
20.693119579756708,17,1.0,-3802
20.693280482160528,17,6.0,-6155
20.695438582793503,10,54.0,7596
20.69610345225987,5,8.0,0
20.696359757058268,6,8.0,7576
20.69680701056091,7,6.0,7536
20.698129552118964,14,4.0,-7000
20.698129552118964,17,4.0,-7000
20.69821867889969,5,1.0,0
20.69824476331303,14,2.0,-7355
20.700070186524897,13,1.0,-7439
20.700666568392222,16,1.0,6023
20.70123703933154,16,1.0,273
20.70209666200764,5,3.0,0
20.702181912459906,13,3.0,-7049
20.70261481681713,5,8.0,0
20.702620739271115,15,5.0,-5026
20.702828550357665,14,4.0,-7040
20.703738336234785,14,8.0,-7359
20.704846828061555,13,1.0,-6961
20.705285920969065,5,1.0,0
20.705588573501473,15,2.0,-4876
20.70740798113537,5,2.0,0
20.709356596767144,17,3.0,-2743
20.71101175795998,14,6.0,-7282
20.712728819036247,16,43.0,4130
20.713246410579558,17,1.0,-714
20.713313719350634,113,34.0,-6998
20.715095135189987,13,1.0,-6951
20.715095135189987,17,1.0,-6951
20.715472490356227,13,1.0,-7162
20.715659543458862,5,3.0,0
20.716638465952194,13,6.0,-7475
20.716971080469115,5,3.0,0
20.717167292419134,14,9.0,-7463
20.71720603936309,17,4.0,-1061
20.718158946140797,13,3.0,-7005
20.718158946140797,17,3.0,-7005
20.719968031694542,13,1.0,-7067
20.72102826797418,14,3.0,-7038
20.722275437596675,17,12.0,-5156
20.722275816453735,13,1.0,-7185
20.722848318733156,16,3.0,4106
20.72320048724698,14,4.0,-7427
20.723568057139477,17,5.0,-6269
20.724081205997727,17,1.0,-1431
20.72619394478443,13,1.0,-6937
20.72619394478443,17,1.0,-6937
20.726208963479106,5,1.0,0
20.72812588847144,7,2.0,7477
20.728556838809162,14,11.0,-7443
20.728720383029128,15,5.0,-4959
20.732932719423587,14,2.0,-7448
20.73396602088598,5,7.0,0
20.73438988989028,13,9.0,-7186
20.73450548305262,17,2.0,-755
20.73628830927372,14,3.0,-7079
20.73714308905211,5,4.0,0
20.737655705613737,5,4.0,0
20.73953765826258,17,1.0,-5907
20.741323631856343,16,57.0,614
20.742275740821967,15,9.0,-4791
20.74309060440629,15,1.0,-4872
20.743398711317067,17,3.0,-3536
20.743686314872335,5,16.0,0
20.74459291193099,17,7.0,-2703
20.74477895404768,13,1.0,-7071
20.74547380694476,15,2.0,-5209
20.74632441432752,13,2.0,-7129
20.74632441432752,17,2.0,-7129
20.747556300020783,14,4.0,-7462
20.748184395554752,17,1.0,-1426
20.748871168263776,14,2.0,-7316
20.748871168263776,17,2.0,-7316
20.74891734833601,14,12.0,-7251
20.750891075888692,13,9.0,-7373
20.75090308062943,14,4.0,-7406
20.751195966312903,13,8.0,-7449
20.75172449007208,13,3.0,-7477
20.751731401571753,5,4.0,0
20.75306201647602,14,1.0,-7336
20.753193257007243,13,1.0,-7423
20.753601100744188,14,6.0,-6942
20.753751763742677,13,3.0,-7083
20.755363029737026,13,4.0,-7288
20.75605493096942,15,1.0,-4952
20.756563382693237,17,3.0,-2969
20.7565805783281,13,26.0,-7167
20.756698521664845,15,3.0,-4832
20.757307003637365,13,5.0,-7171
20.75778430282148,5,3.0,0
20.75786304515731,13,5.0,-7214
20.758213566481103,13,1.0,-7120
20.760240836360122,13,2.0,-7368
20.760300944062692,17,1.0,-1903
20.760624292683328,7,5.0,7550
20.760912020157043,17,1.0,-5885
20.762199700918366,13,1.0,-7174
20.762285016552994,17,35.0,-2738
20.762911113808716,14,5.0,-7179
20.763570737952534,17,3.0,-3776
20.765059884923136,13,1.0,-7063
20.766025115554612,17,1.0,-3558
20.766509919764818,13,3.0,-7166
20.766509919764818,17,3.0,-7166
20.76718880651826,10,6.0,7594
20.767720622087424,5,3.0,0
20.76804579893053,15,2.0,-5036
20.768367949438908,16,2.0,1806
20.77130104871762,5,1.0,0
20.772534417157882,14,1.0,-7280
20.773238355618773,5,10.0,0
20.777208570096327,16,1.0,1410
20.77766764725212,13,17.0,-7195
20.778037551211085,14,6.0,-7379
20.778037551211085,17,6.0,-7379
20.77847472010192,14,5.0,-6987
20.77908066397549,17,11.0,-4769
20.78122075119569,13,1.0,-7231
20.7818784834528,17,2.0,-653
20.781892415390498,14,6.0,-7099
20.783925091347726,13,11.0,-7271
20.78399238418329,17,1.0,-5773
20.78487729195869,17,2.0,-5319
20.78642514898138,13,3.0,-7356
20.78642514898138,17,3.0,-7356
20.78706803622696,16,39.0,1520
20.78798250471254,17,1.0,-5038
20.788024953499296,13,1.0,-6999
20.788024953499296,17,1.0,-6999
20.788334145479773,10,55.0,7601
20.789027387022532,15,7.0,-5070
20.789354570264468,13,1.0,-7048
20.78988105579869,13,2.0,-7056
20.789937086674872,14,2.0,-7072
20.789937086674872,17,2.0,-7072
20.791858804080462,16,2.0,2542
20.79284578625943,13,2.0,-7202
20.79405802351738,5,3.0,0
20.794963183533227,16,1.0,7293
20.7951155897343,15,3.0,-4884
20.797866388719378,13,1.0,-7212
20.79864545368705,13,3.0,-7054
20.798747029065396,113,19.0,-7027
20.799065246588675,16,5.0,3064
20.799959027118444,1,3.0,7612
20.800039733649346,7,60.0,7434
20.801180057943267,14,3.0,-6928
20.801180057943267,17,3.0,-6928
20.801410433561806,13,2.0,-7321
20.801545750665206,15,1.0,-4935
20.80437313268469,13,1.0,-7450
20.80538769507746,17,3.0,-5176
20.805533494818462,17,3.0,-1986
20.806173388899456,13,1.0,-6960
20.806295983075948,17,11.0,-5356
20.80637034675735,10,2.0,7595
20.8068022332259,15,1.0,-4950
20.808826274322833,14,8.0,-7170
20.809892675310547,13,2.0,-7126
20.810047996376376,5,22.0,0
20.810148164942543,13,1.0,-7258
20.812023152396208,15,1.0,-5089
20.81206559755315,14,13.0,-7361
20.81306831973719,13,1.0,-7009
20.81306831973719,17,1.0,-7009
20.813367066514047,17,2.0,-23
20.813370202815932,13,1.0,-6964
20.81347767553524,15,1.0,-5062
20.813836249609377,13,9.0,-7335
20.814685585775063,5,4.0,0
20.81605243206875,13,2.0,-7266
20.81675371521406,17,2.0,-5234
20.817580227677638,17,5.0,-677
20.8185550422455,17,3.0,-3891
20.818916191262215,17,2.0,-2151
20.819881209548225,17,3.0,-3700
20.82097428034461,113,53.0,-7098
20.821035350181806,1,4.0,7613
20.821935111824775,14,2.0,-7249
20.822140865382295,16,2.0,6754
20.822720407212557,15,2.0,-4927
20.825709732864883,17,3.0,-4281
20.82656144494743,5,2.0,0
20.826831884095046,17,7.0,-2498
20.828367727514035,13,4.0,-7286
20.83231877086809,17,59.0,-6012
20.8327725239735,13,1.0,-7470
20.833533239284964,13,3.0,-7043
20.833681253747148,17,9.0,-6019
20.834297160717192,4,8.0,7614
20.83457554170828,5,2.0,0
20.835716587782866,13,2.0,-7176
20.835787169770246,14,3.0,-7306
20.836583953969935,5,3.0,0
20.83728680296502,15,1.0,-4820
20.837755150576346,13,10.0,-7104
20.838304666862747,14,3.0,-7206
20.83851635779219,16,9.0,2587
20.83959500140766,3,50.0,7615
20.84071659300382,1,6.0,7616
20.84214995161129,7,4.0,7501
20.842539216935567,5,4.0,0
20.84264277112917,17,3.0,-6443
20.842950481543845,15,3.0,-5123
20.843983037177168,17,7.0,-6539
20.84512954913906,6,3.0,7603
20.848508188378748,14,2.0,-7315
20.84884178478507,7,7.0,7402
20.849686721902735,13,4.0,-7507
20.85009251272524,13,1.0,-7227
20.850869594839637,15,1.0,-4973
20.851494877089337,17,6.0,-5153
20.85189102941387,15,1.0,-4905
20.852076348740333,16,2.0,942
20.85220062262963,13,3.0,-7141
20.852570228204844,16,3.0,936
20.853296000624045,15,1.0,-5099
20.85370439828619,16,3.0,3319
20.85386978826148,14,5.0,-7366
20.85386978826148,17,5.0,-7366
20.855055769658854,5,1.0,0
20.858228762405652,13,2.0,-7341
20.858228762405652,17,2.0,-7341
20.85855739786963,16,15.0,5856
20.858790179919325,10,2.0,7589
20.85903048348715,14,55.0,-7418
20.85910341535952,13,1.0,-7272
20.859236368702522,13,4.0,-7157
20.861115187536026,5,3.0,0
20.861525778841578,17,2.0,-4740
20.861650916360933,13,2.0,-7392
20.861863583510846,13,1.0,-7357
20.863288287486895,17,4.0,-1543
20.863366823367116,14,1.0,-7241
20.865678433945654,17,3.0,-2527
20.865877274425976,7,3.0,7538
20.867468227046253,17,1.0,-1090
20.867694049034213,13,2.0,-7262
20.867694049034213,17,2.0,-7262
20.86772572713707,1,7.0,7617
20.867763745910874,16,58.0,702
20.868108484760274,13,3.0,-7226
20.8689375194288,13,11.0,-7398
20.8689375194288,17,11.0,-7398
20.870392987590726,14,9.0,-7031
20.871962021112303,15,1.0,-4920
20.87283323467723,13,3.0,-7295
20.873143496818567,13,43.0,-6980
20.873378150618812,17,9.0,-2698
20.87424441479481,13,1.0,-7493
20.875533895639045,13,1.0,-7440
20.875875654359522,14,13.0,-7312
20.875992005251675,13,2.0,-7217
20.879791709217226,13,1.0,-7012
20.880100854700615,17,2.0,-3487
20.880523654599536,14,1.0,-7092
20.880723459902605,5,4.0,0
20.880776227019705,13,2.0,-7351
20.88079425080361,6,7.0,7617
20.88091883991324,14,3.0,-7486
20.881107113482578,5,2.0,0
20.881643417714603,15,6.0,-5019
20.88242168581241,17,1.0,-5511
20.883131457933516,5,1.0,0
20.88325540821737,13,14.0,-7340
20.88325540821737,17,14.0,-7340
20.883658901644235,5,2.0,0
20.88547623891747,17,4.0,-6344
20.887168986944932,13,1.0,-7260
20.887257348285072,17,8.0,-5979
20.887523630808673,13,11.0,-6975
20.887629571866132,5,3.0,0
20.887629651598484,5,8.0,0
20.8915659013366,5,2.0,0
20.893046297680268,5,4.0,0
20.89307357451318,17,8.0,-6777
20.894263434263156,5,3.0,0
20.896307031748037,16,4.0,941
20.896742914502646,17,2.0,-2304
20.897267882224682,113,55.0,-6932
20.89969647836248,17,1.0,-5481
20.899763992599894,13,2.0,-6972
20.89979613915552,13,1.0,-7064
20.89979613915552,17,1.0,-7064
20.90033666262494,14,4.0,-7348
20.90047469693682,13,2.0,-7434
20.900711458918085,14,3.0,-7237
20.90080187211538,15,1.0,-5015
20.900922624662066,17,2.0,-50
20.901230170449903,17,1.0,-2318
20.901533146294714,5,12.0,0
20.90351422813874,17,3.0,-3733
20.9042619331877,5,2.0,0
20.904268751431502,14,1.0,-7216
20.904809991806083,15,2.0,-5140
20.904852731455673,13,1.0,-7250
20.9050745916676,13,1.0,-7053
20.906668060694336,14,1.0,-7178
20.909321033873493,10,3.0,7610
20.910214320829315,7,1.0,7254
20.910243835218203,17,1.0,-6316
20.910900581523187,17,1.0,-6705
20.911204992494277,5,3.0,0
20.911225590862163,14,4.0,-7499
20.911225590862163,17,4.0,-7499
20.91132445984948,14,1.0,-7138
20.91140159753437,6,2.0,7588
20.91165406740756,14,1.0,-7415
20.911787626449968,13,1.0,-7496
20.912793781146892,14,3.0,-7352
20.91383464163068,13,3.0,-6927
20.91383464163068,17,3.0,-6927
20.914210714164568,17,3.0,-3108
20.914468382557637,17,4.0,-4357
20.914563176403092,16,1.0,6005
20.914815722662148,17,2.0,-3028
20.91618667088524,5,5.0,0
20.916592153688242,17,2.0,-6862
20.917006198519,13,5.0,-7284
20.917006198519,17,5.0,-7284
20.917331939801663,7,2.0,7519
20.917817026977794,13,1.0,-7365
20.91793346672729,13,3.0,-6954
20.917960078193822,13,1.0,-6984
20.917960078193822,17,1.0,-6984
20.919033596396638,5,3.0,0
20.921992281867265,15,15.0,-5193
20.923056510255858,1,1.0,7618
20.923153827587058,17,2.0,-4846
20.92339256234041,17,1.0,-3300
20.924726948977835,13,1.0,-7308
20.924726948977835,17,1.0,-7308
20.9269194329498,15,3.0,-4802
20.927570801752342,17,1.0,-2051
20.928799358356873,13,1.0,-7253
20.929100889818876,5,1.0,0
20.93109733208541,13,1.0,-7016
20.931607609971763,13,3.0,-7297
20.9345682946998,17,1.0,-6210
20.934951574380428,17,1.0,-4917
20.93656425325063,1,2.0,7619
20.937776685734917,14,5.0,-7363
20.939237772424423,5,18.0,0
20.939556201143986,17,5.0,-6076
20.93969089174511,14,1.0,-7131
20.940040581231315,17,3.0,-3835
20.944055326946202,13,5.0,-7050
20.94430153097477,16,34.0,497
20.94490211915584,13,3.0,-7028
20.94490211915584,17,3.0,-7028
20.94532785692757,13,1.0,-7382
20.948074663126974,7,2.0,7517
20.948074663126974,16,2.0,7517
20.948083994306735,14,5.0,-7240
20.948252988092054,13,1.0,-7115
20.948252988092054,17,1.0,-7115
20.948454319497653,13,1.0,-7189
20.949753617465202,15,1.0,-4816
20.95015348716275,5,2.0,0
20.950698872102016,14,7.0,-7246
20.952141762127827,17,3.0,-3258
20.95262954525457,14,1.0,-7329
20.95262954525457,17,1.0,-7329
20.952782968450943,15,13.0,-5175
20.952782968450943,17,13.0,-5175
20.953154250779292,14,4.0,-7022
20.95368380226399,17,10.0,-5659
20.953783625826027,16,23.0,1577
20.953855111652594,13,1.0,-7187
20.956835327132364,15,1.0,-4989
20.956855650948334,10,7.0,7607
20.957257601386008,113,45.0,-7429
20.958332310381383,14,3.0,-7487
20.95890426881697,14,1.0,-7420
20.958909942917025,14,5.0,-7364
20.958909942917025,17,5.0,-7364
20.95896809023442,14,4.0,-7235
20.961498714027442,13,3.0,-7215
20.964154119567826,14,2.0,-7474
20.964465076046803,15,1.0,-4908
20.964536908681527,5,36.0,0
20.96510934946135,13,16.0,-7232
20.965240336097303,5,2.0,0
20.966261070295225,14,1.0,-7446
20.966600143578066,5,1.0,0
20.966871182395668,13,1.0,-7501
20.967217469754445,5,1.0,0
20.967733097451475,13,1.0,-7330
20.971684619759888,13,2.0,-7498
20.971684619759888,17,2.0,-7498
20.972119716594808,17,1.0,-4760
20.972324802344648,17,1.0,-886
20.97291323737144,5,17.0,0
20.97441580174869,16,1.0,3207
20.974421400223417,113,33.0,-7339
20.976276824894526,9,9.0,7516
20.976811240587324,13,37.0,-6991
20.976811240587324,17,37.0,-6991
20.97764539093973,17,1.0,-154
20.978213218575537,13,1.0,-7313
20.978213218575537,17,1.0,-7313
20.97835071852675,113,57.0,-7088
20.978753457072457,17,6.0,-465
20.980698412609062,13,2.0,-7058
20.98136698994652,14,3.0,-7438
20.982257722406608,14,3.0,-6992
20.98381253669429,14,12.0,-7269
20.98381253669429,17,12.0,-7269
20.984064134667836,17,2.0,-2029
20.984537950626844,7,8.0,7569
20.98482372348439,16,46.0,343
20.98558399322839,13,2.0,-6965
20.98558399322839,17,2.0,-6965
20.985806791483714,16,9.0,3217
20.985832674113297,13,1.0,-7008
20.985832674113297,17,1.0,-7008
20.985985394075783,5,1.0,0
20.98635426685789,5,7.0,0
20.986425156181006,17,2.0,-1641
20.98855680643375,14,2.0,-7034
20.989053792130647,13,5.0,-7375
20.989053792130647,17,5.0,-7375
20.99031615721398,9,57.0,7548
20.99062763942007,14,3.0,-7409
20.99331646208245,13,1.0,-7395
20.993865925312964,13,1.0,-7228
20.994717579816186,13,1.0,-7239
20.995560398340793,14,2.0,-6946
20.995560398340793,17,2.0,-6946
20.99797423654937,14,6.0,-7497
20.998809917523147,15,43.0,-5233
20.99896140398459,17,11.0,-4093
20.99967506821556,17,2.0,-4473
20.999856445994556,5,2.0,0
21.000966372923916,5,1.0,0
21.00145393778384,1,6.0,7620
21.002083775800273,16,4.0,1514
21.004436307821873,5,55.0,0
21.00446446937598,5,1.0,0
21.00498530155561,13,3.0,-8049
21.005194726984612,15,4.0,-5667
21.008025923119984,15,7.0,-5615
21.00998764883265,16,6.0,3851
21.011400008792208,1,2.0,7621
21.015081056885553,15,21.0,-5697
21.015691699155973,4,25.0,7622
21.0158829010589,14,1.0,-7562
21.01632699979465,5,2.0,0
21.017261433176582,6,1.0,7578
21.01726338623366,1,1.0,7623
21.017928329150703,14,1.0,-7882
21.02122679336221,5,2.0,0
21.021294953062135,16,2.0,4622
21.021919043642825,5,1.0,0
21.023368893200317,14,15.0,-7914
21.02495242997167,14,5.0,-7697
21.025047691667936,13,4.0,-7661
21.027610382238322,5,4.0,0
21.027816406719175,17,4.0,-428
21.02788095725801,13,5.0,-7657
21.029130012763368,5,1.0,0
21.030847889023946,13,1.0,-7638
21.03101138495219,16,18.0,5639
21.031315121574348,16,2.0,5101
21.03137248774203,5,8.0,0
21.03180100171643,14,2.0,-7944
21.033560449574857,13,2.0,-7859
21.035352961969135,13,7.0,-7709
21.03653171932435,13,1.0,-7659
21.03697430173879,13,1.0,-7960
21.037162627479105,113,56.0,-8033
21.03764979208885,5,2.0,0
21.03903609256276,14,6.0,-7596
21.04100085827827,13,16.0,-7624
21.042474753272458,13,1.0,-7619
21.045178426475815,13,1.0,-7637
21.0455824782434,13,2.0,-7815
21.045772223152184,13,3.0,-8005
21.04747793508818,14,3.0,-7897
21.047819449237107,15,2.0,-5613
21.04782045434901,13,1.0,-7715
21.048113490094156,13,3.0,-7731
21.05005749275807,5,3.0,0
21.05012793619083,17,2.0,-1580
21.051260771096068,5,1.0,0
21.051366478438,5,1.0,0
21.051421466384607,5,8.0,0
21.05189580611468,17,6.0,-2907
21.05197159681996,13,1.0,-7792
21.052167737551173,13,1.0,-7808
21.053694709500085,8,11.0,7522
21.054155168793116,16,55.0,284
21.05747904772468,14,2.0,-7840
21.058159366255758,7,1.0,7570
21.058281017602805,5,8.0,0
21.058612341843798,5,5.0,0
21.061003355176787,13,3.0,-7865
21.062104901061222,15,2.0,-5749
21.063360216962533,5,1.0,0
21.063590028006132,14,17.0,-7867
21.063733695674827,16,3.0,6895
21.064644636155307,14,1.0,-7654
21.065569820747008,16,29.0,4350
21.065767822771377,13,3.0,-8091
21.06736211992635,13,5.0,-8025
21.067768939014037,13,1.0,-8079
21.06789807954215,5,1.0,0
21.068080424121554,16,1.0,3278
21.068641343985476,5,4.0,0
21.07143886641407,17,1.0,-1384
21.073448744570587,14,1.0,-8023
21.074346291586068,13,6.0,-7651
21.077042541878267,5,2.0,0
21.077300037606513,13,2.0,-7881
21.077330038221117,14,1.0,-7549
21.077407006642357,113,46.0,-7546
21.078083583047498,5,4.0,0
21.078148410512767,13,4.0,-8038
21.07997732822129,1,4.0,7624
21.08064362237665,14,1.0,-7928
21.081732867317598,14,1.0,-7514
21.082574002082122,13,1.0,-7917
21.08284685099719,13,1.0,-7908
21.084461969525837,5,3.0,0
21.08613713925988,13,2.0,-8028
21.087705892984573,5,3.0,0
21.087936643734757,13,1.0,-7797
21.088448452704906,5,1.0,0
21.088524776313495,13,3.0,-7628
21.08855607444787,14,7.0,-7771
21.08855914755297,13,1.0,-7888
21.08959607250332,13,5.0,-7891
21.091126891717693,14,2.0,-7989
21.091722976890235,17,2.0,-2109
21.093483332035287,13,1.0,-7576
21.09417140851142,15,1.0,-5491
21.094611745127448,15,1.0,-5374
21.09572640008423,14,2.0,-7682
21.09599849706354,17,1.0,-2506
21.0974858295089,14,3.0,-8020
21.09842620905874,13,5.0,-7976
21.0996671504819,13,1.0,-7548
21.09968774917352,14,5.0,-7979
21.099736018252912,13,8.0,-7999
21.100083564834147,14,4.0,-7553
21.102449802593885,113,57.0,-7942
21.104551651340305,14,1.0,-7853
21.105534096384037,5,7.0,0
21.106114921146425,15,1.0,-5474
21.107179127983738,16,2.0,3552
21.107813661939453,13,5.0,-7708
21.107854592637175,14,6.0,-7612
21.10957031195339,5,1.0,0
21.111286930062928,13,1.0,-7798
21.112259494662737,13,2.0,-7660
21.113396037256035,14,4.0,-8004
21.113497584351254,14,1.0,-7912
21.11409517839526,7,2.0,7532
21.11720188849853,17,2.0,-1458
21.118112593591064,5,2.0,0
21.12109011062625,14,3.0,-7844
21.121564804476684,16,2.0,4595
21.1222214991057,17,2.0,-658
21.123199460749444,14,4.0,-8046
21.125165622587872,6,4.0,7624
21.12637338187772,16,4.0,6133
21.1266211119899,5,2.0,0
21.127457230723095,16,16.0,3415
21.128006200591923,13,1.0,-7998
21.128007522351655,16,2.0,5625
21.12833563517067,5,21.0,0
21.129551332895048,13,3.0,-7937
21.130151832935372,14,2.0,-7665
21.130168738982753,13,1.0,-7626
21.131092820735226,14,2.0,-7809
21.132542440413726,14,27.0,-7773
21.132797841236936,9,4.0,7433
21.133553735406597,13,5.0,-7718
21.138551772170846,13,1.0,-7730
21.140682588863605,15,3.0,-5425
21.142673654146478,16,4.0,4725
21.142696645352935,14,4.0,-7778
21.144373570338335,14,3.0,-7975
21.144375635680333,14,4.0,-7821
21.144788865384903,17,2.0,-2315
21.146265306059004,13,2.0,-7509
21.146620355777273,13,3.0,-7963
21.147994745172532,14,2.0,-7620
21.148054563474737,17,4.0,-3464
21.149857334212985,5,2.0,0
21.150061640002544,16,1.0,5408
21.150101787295714,14,1.0,-7607
21.15050565533692,13,3.0,-7713
21.151674144777303,14,9.0,-7878
21.15189428012922,14,3.0,-7833
21.152420654127805,8,4.0,7624
21.15315053053265,16,2.0,1759
21.15327855049454,15,5.0,-5413
21.15408756098696,15,1.0,-5424
21.154145349973856,5,4.0,0
21.15423288153864,14,1.0,-7513
21.157331216896704,14,5.0,-7632
21.157378261747315,13,3.0,-8081
21.157656886137183,13,1.0,-7683
21.158650998620516,13,22.0,-8074
21.15879318782512,14,3.0,-7564
21.16054780673385,14,3.0,-7877
21.161287327185864,11,7.0,7555
21.16167455333574,13,2.0,-7587
21.16178282900841,14,3.0,-7663
21.161846483160137,5,1.0,0
21.163729009260873,14,16.0,-7611
21.164046772107596,13,1.0,-7554
21.16449856537702,13,6.0,-7609
21.165148991207243,5,2.0,0
21.165231477233306,10,14.0,7583
21.165504394203882,13,8.0,-7639
21.16738732378958,13,13.0,-7565
21.167473326948095,5,8.0,0
21.168426750528937,5,1.0,0
21.16904066279967,13,6.0,-7936
21.169405720358323,13,3.0,-7602
21.169427888064536,13,10.0,-7811
21.16989834780663,13,2.0,-7996
21.172084396161992,14,11.0,-8059
21.172118469945644,13,1.0,-8071
21.172471517952506,13,1.0,-7929
21.172928286136106,13,6.0,-7707
21.174069048307913,13,1.0,-7959
21.1743685658901,13,10.0,-7822
21.174889816870053,15,3.0,-5419
21.175242343874253,15,2.0,-5668
21.175527084800333,16,1.0,1575
21.17581021286783,15,3.0,-5570
21.17602422396731,13,4.0,-7557
21.17628967695838,17,1.0,-346
21.176886216700726,15,2.0,-5352
21.177071362720568,16,3.0,772
21.177499280725026,5,2.0,0
21.177630650925863,15,4.0,-5469
21.177885330624314,5,3.0,0
21.17876937028479,16,57.0,386
21.179812571482202,13,1.0,-7627
21.180599531852078,13,10.0,-7842
21.180989264791247,17,1.0,-3601
21.181484614153273,5,4.0,0
21.182826779027323,13,2.0,-7855
21.183977544957703,6,2.0,7579
21.18428003976479,17,1.0,-257
21.184631490671308,16,12.0,4138
21.185438912468562,5,5.0,0
21.186651780711312,13,3.0,-7758
21.187011753606285,13,1.0,-7575
21.187072257456062,13,4.0,-7520
21.18768756438361,13,3.0,-8090
21.188656747958255,15,1.0,-5283
21.1893937458472,14,1.0,-8012
21.189754048671478,7,5.0,7494
21.191403169103943,13,1.0,-7568
21.192235598254072,13,4.0,-8083
21.192362260912834,14,1.0,-7757
21.193016014214777,5,2.0,0
21.194167779227946,16,56.0,4646
21.19423857363842,5,20.0,0
21.194385901013348,7,4.0,7020
21.194619370682386,14,4.0,-7911
21.1949861526917,13,2.0,-7752
21.195334283100127,13,1.0,-7516
21.196924801266285,15,2.0,-5250
21.197021814188957,17,6.0,-3196
21.197670868907057,15,1.0,-5721
21.197922249238673,13,1.0,-7775
21.198306945428065,5,7.0,0
21.200130844367024,5,6.0,0
21.201820727647423,14,6.0,-7590
21.202836246822777,14,3.0,-7741
21.2028751970146,15,3.0,-5577
21.203781526184937,13,1.0,-7558
21.20432366488274,14,2.0,-8073
21.20582161410085,13,1.0,-7597
21.207327084658765,17,3.0,-2554
21.207419094896366,14,1.0,-7712
21.209192873731674,13,2.0,-7802
21.20950065249442,14,3.0,-7652
21.21233540934231,5,1.0,0
21.21235781956308,13,2.0,-7876
21.212846286422838,13,3.0,-8008
21.21326386530648,17,5.0,-993
21.2141900702957,5,37.0,0
21.214686153192783,6,2.0,7619
21.21496077811667,11,5.0,7584
21.216162410210917,13,2.0,-7902
21.217604431179176,14,2.0,-7991
21.217802094780502,13,3.0,-7931
21.222823230639897,16,2.0,3427
21.223017037051047,17,1.0,-2397
21.225402051486743,13,3.0,-8040
21.225504590529553,13,1.0,-7600
21.226582499078436,16,52.0,3043
21.22717445841651,17,3.0,-5361
21.22745435353817,1,5.0,7625
21.22771081704412,15,7.0,-5657
21.227983459101804,13,2.0,-7814
21.228297463052225,6,4.0,7613
21.230480261949534,17,1.0,-4889
21.23058485730347,5,4.0,0
21.231493985616158,5,7.0,0
21.232377672525995,13,4.0,-7698
21.232469117091014,14,1.0,-7544
21.2346163644779,17,5.0,-3351
21.236656338560483,14,6.0,-7601
21.237345088685597,13,3.0,-7805
21.23758974213087,13,2.0,-8066
21.237602181251276,5,1.0,0
21.237735776222195,17,1.0,-3082
21.238182984603313,13,1.0,-7951
21.238617300723373,13,31.0,-7766
21.23927311519532,5,8.0,0
21.240451017674122,7,9.0,7164
21.241453897488718,16,30.0,6800
21.24183172955739,17,2.0,-2343
21.24231306829634,17,1.0,-4910
21.242737491898907,14,2.0,-7993
21.242882986173445,15,2.0,-5428
21.24416887975365,15,2.0,-5564
21.244414924504287,15,1.0,-5460
21.245145201222673,5,1.0,0
21.24551848574282,15,4.0,-5450
21.2473851193057,13,1.0,-7776
21.248906703102236,5,4.0,0
21.249173060154426,15,2.0,-5420
21.2515000269958,13,3.0,-7953
21.252404168998353,15,1.0,-5711
21.25302936438353,5,4.0,0
21.253186909393126,13,2.0,-7519
21.253760627586576,15,3.0,-5539
21.25455475378538,4,25.0,7626
21.25490630969858,5,7.0,0
21.25493093554417,14,2.0,-7756
21.25535036018191,14,1.0,-7883
21.257044014109187,5,6.0,0
21.25818595450469,17,9.0,-665
21.259431305660875,13,6.0,-7594
21.260110472290833,16,3.0,1445
21.261030114037013,17,2.0,-3746
21.261172178223397,13,1.0,-7517
21.26155468253636,15,1.0,-5741
21.262241494372606,7,4.0,7527
21.26264292664739,14,6.0,-7610
21.262671029992795,13,1.0,-7621
21.262902623255695,14,12.0,-7945
21.26308508801238,4,4.0,7627
21.265085732446845,13,1.0,-7526
21.26612933957208,11,38.0,7528
21.267999177918476,16,1.0,1297
21.26877111992145,17,21.0,-1917
21.268964735841603,5,1.0,0
21.26987913585982,9,1.0,7440
21.270233180036936,5,4.0,0
21.27070077463391,13,1.0,-7571
21.27155276623538,13,5.0,-7680
21.273610258434143,13,17.0,-7977
21.273846390087865,14,8.0,-7617
21.275191614568143,5,6.0,0
21.275829283928314,13,1.0,-7895
21.27770253232485,5,3.0,0
21.27805086326688,13,3.0,-7850
21.27837503039775,13,1.0,-8076
21.279257759263224,13,1.0,-7800
21.280062833677096,15,1.0,-5403
21.280687919206454,13,8.0,-8016
21.28087005511522,13,4.0,-7653
21.28152428352486,13,1.0,-8044
21.28173258112137,5,2.0,0
21.281771704015497,17,6.0,-5033
21.282053035406292,9,12.0,7176
21.284424304645228,14,1.0,-7634
21.28486273334966,15,2.0,-5267
21.285597032363484,17,6.0,-120
21.28617818299959,17,10.0,-1433
21.28740382850845,5,3.0,0
21.28745582274167,5,2.0,0
21.28908144464141,16,10.0,3772
21.29065326557165,5,53.0,0
21.290765152963754,17,5.0,-3584
21.291731160271215,15,2.0,-5311
21.291951869400485,13,4.0,-7839
21.292587241642735,13,5.0,-7664
21.29265233895861,17,1.0,-2584
21.29266264317373,1,1.0,7628
21.293665075993257,17,2.0,-4735
21.293717959018856,14,1.0,-7927
21.294057836278437,5,6.0,0
21.294311567969856,13,2.0,-8093
21.294386913121436,13,2.0,-7817
21.296195963045744,14,1.0,-7807
21.296320039402016,13,1.0,-7695
21.29641285283604,17,1.0,-5466
21.297453575126216,5,3.0,0
21.297689528347007,13,3.0,-7845
21.29860599130364,17,2.0,-5598
21.299622954827747,14,2.0,-7943
21.299906013790945,13,2.0,-7535
21.300483999770968,13,1.0,-7935
21.300681759792386,15,5.0,-5259
21.300681759792386,17,5.0,-5259
21.30128190252698,8,6.0,7566
21.302907336883713,14,2.0,-7744
21.303129725481398,17,46.0,-515
21.304104402258886,5,1.0,0
21.306822323299418,5,4.0,0
21.307103478404457,13,2.0,-7672
21.307759146876478,13,1.0,-7642
21.310765440235542,17,1.0,-4139
21.314497859387846,17,1.0,-3827
21.3149515310188,12,2.0,7595
21.31619948392558,8,4.0,7561
21.31643534998541,17,1.0,-3657
21.318039542802968,5,10.0,0
21.318440080513714,13,3.0,-8011
21.31865472428879,113,52.0,-7647
21.318669526301576,14,3.0,-7753
21.318846834388243,7,5.0,7580
21.31885935095566,14,2.0,-7918
21.319796150515938,13,2.0,-7577
21.32177203046159,13,1.0,-7671
21.321901709013083,17,1.0,-4308
21.32222604957401,13,2.0,-7515
21.322312517788436,15,1.0,-5670
21.32255269984511,5,5.0,0
21.32267723154461,17,4.0,-3437
21.32280180173651,5,3.0,0
21.322824947345083,13,6.0,-7810
21.323743819873204,14,4.0,-7631
21.32383263495869,5,4.0,0
21.324648093423363,17,8.0,-3434
21.325187680084987,13,3.0,-7803
21.325374944051788,13,3.0,-7518
21.325703502818172,16,19.0,4888
21.326413325458613,5,13.0,0
21.326471987612546,6,1.0,7628
21.327288084032457,14,5.0,-7873
21.32764503332773,13,2.0,-7932
21.32772073086042,13,1.0,-7858
21.327854448839915,13,1.0,-7962
21.327949063285722,17,1.0,-2028
21.3280218933762,13,2.0,-7613
21.328255350828965,13,3.0,-8018
21.329234954857473,13,1.0,-8002
21.329560363218256,13,2.0,-7787
21.330370406201894,15,1.0,-5510
21.33110695876267,14,2.0,-7630
21.331533403126627,13,2.0,-7950
21.332191838365738,14,1.0,-7759
21.332233276500403,17,5.0,-3004
21.33428089897949,13,3.0,-8057
21.334541804472142,5,2.0,0
21.335474889475176,13,13.0,-7614
21.335739365895357,13,4.0,-8052
21.336001380554592,17,1.0,-4575
21.336662596136915,15,2.0,-5572
21.34092998463686,14,4.0,-7748
21.34112259179917,17,7.0,-788
21.341587896456804,113,60.0,-7717
21.34161214528794,9,1.0,7450
21.342616293618445,5,1.0,0
21.342826534890392,17,4.0,-4478
21.34312647566558,5,5.0,0
21.34407108771444,5,2.0,0
21.345847999734385,5,3.0,0
21.348456121662192,13,1.0,-7905
21.34862395803963,17,2.0,-5284
21.349237475401225,14,1.0,-7743
21.349676191220595,5,2.0,0
21.349753647860094,5,2.0,0
21.34996293751986,17,1.0,-3036
21.350163584414588,13,1.0,-7789
21.350821490042613,17,2.0,-832
21.3508459763919,15,1.0,-5740
21.352177703759576,113,43.0,-7536
21.35519892232247,15,2.0,-5446
21.356564273772367,17,6.0,-5375
21.357784808518073,15,1.0,-5496
21.357817838936455,10,44.0,7599
21.357901210358808,14,10.0,-7685
21.359663304104444,5,3.0,0
21.360975896741294,13,1.0,-8054
21.36124574928525,13,10.0,-8019
21.36157517932384,14,2.0,-7857
21.363629052643102,13,2.0,-7706
21.363844529823105,14,1.0,-7966
21.36424066961404,16,2.0,1725
21.36430665213727,7,8.0,7549
21.3644977836215,5,3.0,0
21.365574291237284,13,13.0,-7595
21.36631259178511,5,1.0,0
21.36649857148718,15,10.0,-5307
21.366575544468944,13,1.0,-7551
21.366839613199875,13,4.0,-7556
21.3673849589319,14,1.0,-7970
21.369322043285383,5,7.0,0
21.369593587872977,13,2.0,-7886
21.370219802780074,15,15.0,-5548
21.370725794686322,5,2.0,0
21.371680533879058,5,1.0,0
21.371767233626763,6,6.0,7567
21.371996800223013,15,2.0,-5325
21.372025053309617,6,2.0,7559
21.374282261833727,15,1.0,-5290
21.374316498145813,13,1.0,-7923
21.374459405315996,14,2.0,-7716
21.3750232672037,16,59.0,1182
21.37595556199525,14,2.0,-7694
21.376276130112895,13,1.0,-8031
21.376348717490774,5,3.0,0
21.3764435244982,14,1.0,-7737
21.376483631627806,17,1.0,-5012
21.376699584105726,13,2.0,-7603
21.376906064269825,17,1.0,-4339
21.377081072997154,5,10.0,0
21.377667411867737,5,2.0,0
21.37980782657312,14,2.0,-7673
21.381120563266382,13,8.0,-7849
21.38198800413871,5,1.0,0
21.386138278909208,17,3.0,-2452
21.38630165693506,14,12.0,-7978
21.38778266770556,13,2.0,-7952
21.38798262070008,14,10.0,-7547
21.38896381869257,13,1.0,-7701
21.389861145743257,7,6.0,7487
21.389910330137653,5,3.0,0
21.390035216605668,5,3.0,0
21.390513189505246,15,6.0,-5527
21.392840617125774,13,13.0,-7608
21.393458523989487,15,2.0,-5457
21.393731086713423,14,3.0,-7896
21.39395248640668,13,3.0,-7838
21.395333851334378,6,1.0,7618
21.39562601912054,17,1.0,-1972
21.396294425087877,13,1.0,-7719
21.39640540526475,16,3.0,3385
21.396897778924775,5,4.0,0
21.397873850316188,13,2.0,-7875
21.398716808119485,5,6.0,0
21.40167547662274,17,3.0,-5533
21.404031910040977,6,7.0,7564
21.405154519154102,14,6.0,-7714
21.410537724097836,16,2.0,4656
21.410761045717578,17,6.0,-3912
21.412021808826058,13,1.0,-7615
21.412050100529942,113,27.0,-7930
21.41206041799613,5,6.0,0
21.412161442631167,14,1.0,-8024
21.413116928293764,5,2.0,0
21.413290676875008,15,1.0,-5249
21.41446821772469,5,3.0,0
21.415113418472174,16,5.0,2713
21.415271692949347,113,46.0,-7774
21.415315100327117,13,2.0,-7669
21.41552101469407,13,7.0,-7863
21.41579068740255,14,60.0,-7543
21.416717303196997,16,5.0,1196
21.41679465223302,5,4.0,0
21.416894452355542,11,14.0,7482
21.417512638367104,14,5.0,-8051
21.418010812129783,17,1.0,-5010
21.418029860133025,17,3.0,-4550
21.418404445516558,17,1.0,-3774
21.418640106344164,16,49.0,1740
21.41885355090738,13,1.0,-7555
21.418974537595936,11,60.0,7524
21.418974537595936,16,60.0,7524
21.41953545383916,5,2.0,0
21.419639302863082,113,23.0,-7724
21.42049845570919,16,14.0,401
21.42252034749442,17,1.0,-54
21.424169112828846,17,2.0,-1406
21.425409898108516,13,3.0,-7871
21.42617910243251,13,1.0,-8041
21.426863730604293,13,3.0,-7581
21.426907096499082,16,1.0,4621
21.42836703017715,17,1.0,-3636
21.429279126497864,16,2.0,6881
21.429517783701385,14,5.0,-8027
21.42959938021973,5,2.0,0
21.42977297541423,5,2.0,0
21.429996620303086,14,1.0,-7832
21.43035244650407,5,7.0,0
21.43148024503057,13,1.0,-7686
21.432675965112608,5,1.0,0
21.43300113919674,11,9.0,7500
21.43308423210127,113,56.0,-7604
21.433294544265124,13,3.0,-7681
21.434469285996098,13,1.0,-7987
21.435235782342478,17,3.0,-45
21.435746756094176,13,2.0,-7739
21.43722083285131,1,1.0,7629
21.43729969465859,13,6.0,-7890
21.43787442800467,14,1.0,-7711
21.43806501933031,13,2.0,-7586
21.439462540626725,1,3.0,7630
21.44014717491163,13,3.0,-8061
21.44098592920033,13,1.0,-7645
21.44295491061111,13,2.0,-7649
21.443231316384608,5,1.0,0
21.444913249078482,17,4.0,-2210
21.445684397683014,17,9.0,-2673
21.445879841708773,13,2.0,-7696
21.446331262265627,8,1.0,7558
21.449153010141174,5,1.0,0
21.451631501989677,17,1.0,-5432
21.451711123331922,14,1.0,-7919
21.452337902947335,13,1.0,-8087
21.452843536879303,5,2.0,0
21.45367806821944,5,1.0,0
21.45413081387405,17,5.0,-4568
21.455034641762047,5,3.0,0
21.45519076593226,13,7.0,-7566
21.455350097277243,14,2.0,-7734
21.455432014972452,17,1.0,-1696
21.455837831482096,5,6.0,0
21.45647125586147,4,1.0,7631
21.45662226175042,14,4.0,-7806
21.45755549442105,17,3.0,-4169
21.45764289020253,5,7.0,0
21.458578118432257,17,13.0,-95
21.459105808996252,13,9.0,-7816
21.459128245844195,13,8.0,-7924
21.459240152086362,13,2.0,-8067
21.461246766754936,13,2.0,-7605
21.463183926235228,5,1.0,0
21.464052150064976,15,2.0,-5512
21.464108469910336,13,2.0,-7582
21.46438900098797,13,5.0,-7856
21.46573376892041,5,4.0,0
21.4658606477619,17,2.0,-3712
21.467188906839667,17,5.0,-5232
21.468821932157248,14,5.0,-7656
21.469094429215172,5,2.0,0
21.47064639344472,5,21.0,0
21.47319926817007,13,1.0,-7729
21.473998314783042,14,9.0,-7861
21.474949081902714,13,7.0,-7973
21.47549311062757,13,3.0,-7957
21.47586139632017,15,1.0,-5364
21.477195846435016,13,9.0,-7961
21.477746681467497,1,5.0,7632
21.47789479964479,14,4.0,-7522
21.478020585997697,15,1.0,-5614
21.478584930137053,17,1.0,-5410
21.47860994705619,16,41.0,4672
21.479754775154202,9,1.0,7539
21.480112303963676,17,1.0,-758
21.482507091125917,6,3.0,7630
21.483032327787818,16,19.0,7070
21.483241955060432,5,1.0,0
21.483314724096008,17,1.0,-2891
21.484086753807574,14,5.0,-7629
21.484086753807574,17,5.0,-7629
21.484840178886706,5,21.0,0
21.485941471682835,13,2.0,-7658
21.485941471682835,17,2.0,-7658
21.486082470961822,17,3.0,-4362
21.48620192754758,17,3.0,-3262
21.486430371541303,13,1.0,-7746
21.48677560866599,5,2.0,0
21.486888108483388,14,3.0,-7559
21.486888108483388,17,3.0,-7559
21.48711629315094,14,11.0,-7782
21.487996438130683,13,1.0,-7915
21.48944460494672,11,7.0,7472
21.490652737087537,1,1.0,7633
21.490783221965142,15,1.0,-5285
21.490817549165506,13,1.0,-7580
21.490817549165506,17,1.0,-7580
21.490839308094515,13,7.0,-7527
21.490839308094515,17,7.0,-7527
21.491006662797837,14,6.0,-8045
21.491368946733996,15,8.0,-5662
21.491368946733996,17,8.0,-5662
21.49152964848915,13,29.0,-7762
21.491548160517187,16,3.0,615
21.491820116255113,5,4.0,0
21.492006129839574,16,5.0,409
21.492724627084247,5,1.0,0
21.49290014612939,13,1.0,-8069
21.49290014612939,17,1.0,-8069
21.49543633660534,13,2.0,-7674
21.49598755327455,14,2.0,-7770
21.496134711605404,5,3.0,0
21.498076275906985,15,1.0,-5246
21.499117559245136,17,1.0,-2589
21.499726039294202,14,1.0,-7539
21.499726039294202,17,1.0,-7539
21.500027821925915,16,4.0,4455
21.501036109086325,15,4.0,-5649
21.502087413475238,13,1.0,-7650
21.502087413475238,17,1.0,-7650
21.50381997957641,5,3.0,0
21.504391690720702,17,4.0,-5266
21.506761177855253,13,1.0,-7864
21.507964894871094,7,2.0,7586
21.50796724972717,13,1.0,-7618
21.509010507636326,13,9.0,-7668
21.509010507636326,17,9.0,-7668
21.509360275224424,13,6.0,-7828
21.510348030315456,10,25.0,7626
21.51041068720222,13,53.0,-7907
21.51045723243806,15,1.0,-5666
21.510725462916486,5,1.0,0
21.51186437488631,14,1.0,-8022
21.51230366829713,13,1.0,-7793
21.51295299712913,17,1.0,-2507
21.51302259352775,13,1.0,-8034
21.51391296353936,5,16.0,0
21.515497878332365,13,1.0,-7938
21.515497878332365,17,1.0,-7938
21.515644600201565,5,2.0,0
21.516115648454626,7,6.0,7591
21.516115648454626,16,6.0,7591
21.517179288887387,11,12.0,7420
21.51761458453646,13,1.0,-7785
21.518212428313895,16,13.0,3614
21.51986857292303,5,2.0,0
21.520908033145624,5,3.0,0
21.522802701356966,13,15.0,-7884
21.52297926665152,14,3.0,-7794
21.52297926665152,17,3.0,-7794
21.523657442850077,5,1.0,0
21.52372136198601,13,5.0,-7574
21.52466275115018,14,5.0,-7893
21.525444977471782,16,15.0,5777
21.525453651989,13,1.0,-7825
21.525453651989,17,1.0,-7825
21.526281057718933,14,4.0,-7721
21.527968768425946,15,1.0,-5264
21.528068634019533,16,1.0,3879
21.529271824495225,13,8.0,-7633
21.52947001493145,17,1.0,-867
21.529911148489177,5,4.0,0
21.530060894873895,15,2.0,-5753
21.53034297533698,9,2.0,7425
21.530364998599445,14,2.0,-7848
21.53081893265281,14,2.0,-8065
21.531747370076527,5,3.0,0
21.531924941535905,14,4.0,-7862
21.531926569032134,17,1.0,-5805
21.531998372889536,15,3.0,-5304
21.535158010630564,5,2.0,0
21.535323594466075,17,2.0,-1212
21.53591327235351,5,1.0,0
21.538569333597156,5,40.0,0
21.539642887232137,14,2.0,-7786
21.540121690327894,17,1.0,-3603
21.540587452155393,13,2.0,-8015
21.541966540286438,17,5.0,-2963
21.54210762920741,15,4.0,-5633
21.542957891100702,17,1.0,-1960
21.543356132458577,17,2.0,-5759
21.543690812104067,13,3.0,-7763
21.54400809801621,5,10.0,0
21.544680005821643,15,2.0,-5327
21.545300647528023,17,1.0,-6920
21.545442066019145,13,2.0,-8039
21.5475957555681,9,6.0,7566
21.547891823522704,14,1.0,-7703
21.54797934162725,17,1.0,-4915
21.548481039717682,15,1.0,-5650
21.54861661046081,16,1.0,1723
21.54938465337443,5,12.0,0
21.549899873767572,5,6.0,0
21.551029619588196,10,50.0,7615
21.55128370301708,13,3.0,-7693
21.55128370301708,17,3.0,-7693
21.551717653176905,15,2.0,-5516
21.553607453816436,14,1.0,-7916
21.55379888870338,5,3.0,0
21.55741392745714,5,3.0,0
21.557425310508098,15,6.0,-5674
21.557433469786705,5,2.0,0
21.55767792325719,17,1.0,-7042
21.558549489537153,13,1.0,-7722
21.558549489537153,17,1.0,-7722
21.558764366800304,17,1.0,-1822
21.558918541076885,13,1.0,-7988
21.55899303699892,5,2.0,0
21.559681547121368,14,4.0,-7750
21.560343143305655,5,3.0,0
21.56168129237216,13,1.0,-7899
21.561745503568986,13,4.0,-8042
21.561745503568986,17,4.0,-8042
21.562320255233605,5,14.0,0
21.563903171062353,17,4.0,-2181
21.56454251007853,14,2.0,-8007
21.56469553857975,13,1.0,-7747
21.564770141004878,17,1.0,-4980
21.564818811323732,13,1.0,-7870
21.56509345666203,13,24.0,-7591
21.566108038577447,14,3.0,-8055
21.566642635539697,7,7.0,7551
21.56904906117694,14,8.0,-7820
21.569690933309353,13,2.0,-8009
21.570418619840513,14,2.0,-8084
21.570418619840513,17,2.0,-8084
21.571376462054975,14,21.0,-8092
21.571376462054975,17,21.0,-8092
21.57336791509075,14,7.0,-7954
21.57336791509075,17,7.0,-7954
21.575393406923563,13,3.0,-7679
21.576171676542398,17,10.0,-859
21.57722221476849,13,1.0,-7754
21.57808545696193,5,3.0,0
21.578205925153103,13,1.0,-7939
21.57889152330894,5,5.0,0
21.581164722394142,15,2.0,-5716
21.582581892625342,15,29.0,-5486
21.582646441825148,5,3.0,0
21.583471588208756,16,1.0,6108
21.583680197556486,15,3.0,-5611
21.584972652076345,14,3.0,-7534
21.58508538266421,14,3.0,-8014
21.58508538266421,17,3.0,-8014
21.585712039947968,17,1.0,-2560
21.585788593608704,13,1.0,-7901
21.585860572170994,13,6.0,-7540
21.58621642106841,13,3.0,-7691
21.586379502508358,14,1.0,-8086
21.586557265632614,15,1.0,-5296
21.58865814019641,13,2.0,-7835
21.58937559006278,14,11.0,-7903
21.589377139976758,14,2.0,-7636
21.589474558810277,16,8.0,6235
21.592660045752222,16,49.0,2036
21.594823458535814,14,1.0,-8060
21.59507037639995,14,3.0,-7769
21.595275925774423,17,2.0,-1895
21.5981608801565,17,1.0,-834
21.598492763307718,15,10.0,-5618
21.599623175447558,13,2.0,-7616
21.599626679459117,16,1.0,7448
21.599952277782357,16,1.0,3769
21.600569805623365,17,6.0,-4495
21.600849271835756,5,4.0,0
21.601224094958297,17,9.0,-2523
21.601936665385956,17,1.0,-3960
21.603075813482622,5,15.0,0
21.603389138800747,17,2.0,-2757
21.603390437189365,17,1.0,-4722
21.60412845010504,12,33.0,7593
21.605013382272,17,4.0,-4300
21.607230769429847,13,1.0,-8029
21.607445339988693,13,1.0,-8062
21.607537240968835,17,3.0,-1785
21.60759406985464,15,1.0,-5608
21.607836307711104,13,1.0,-7968
21.60866486698496,16,8.0,7454
21.6086789396912,17,3.0,-6214
21.60886369451434,17,2.0,-2293
21.60979518201975,13,1.0,-7955
21.610608333138956,5,13.0,0
21.610742312529588,5,1.0,0
21.61126175417688,15,2.0,-5323
21.61164259030332,13,2.0,-7579
21.61164259030332,17,2.0,-7579
21.61573051002438,5,1.0,0
21.6159303141742,5,5.0,0
21.616741491728888,5,4.0,0
21.61886110450383,17,2.0,-6249
21.624256792988668,13,1.0,-7847
21.625967140926754,13,2.0,-7885
21.625967140926754,17,2.0,-7885
21.626338936349725,13,2.0,-7578
21.627030596269172,13,2.0,-8072
21.62710481729591,15,3.0,-5599
21.62710481729591,17,3.0,-5599
21.628765631588227,17,20.0,-5654
21.62940487774566,14,1.0,-8003
21.62992102064161,17,4.0,-1744
21.630121795709126,13,7.0,-7511
21.630121795709126,17,7.0,-7511
21.63023061760715,5,9.0,0
21.630280010966718,14,4.0,-7524
21.63286526097918,17,4.0,-324
21.633600618863596,1,9.0,7634
21.633721826318855,17,2.0,-5689
21.63435325043159,14,10.0,-7992
21.634571395527928,17,2.0,-1412
21.635707414514673,13,11.0,-7841
21.636247074641616,5,2.0,0
21.63641865544043,16,5.0,442
21.63685183650025,14,6.0,-7910
21.636961318204815,17,1.0,-3639
21.637919243020914,14,8.0,-7983
21.63853449268961,17,1.0,-6529
21.639903090204253,13,1.0,-7569
21.64011260050095,5,1.0,0
21.64109511563831,5,3.0,0
21.643125129126076,17,14.0,-2724
21.643139857244744,15,7.0,-5448
21.643603485254662,5,7.0,0
21.64422004410102,13,1.0,-8080
21.64422004410102,17,1.0,-8080
21.645669835077474,5,2.0,0
21.64634861730425,13,1.0,-7760
21.648936663541903,13,2.0,-7599
21.648964863018595,113,46.0,-7892
21.64944992863959,17,1.0,-2133
21.65050920315674,9,11.0,7522
21.652413001849926,17,1.0,-4355
21.65313221794675,5,4.0,0
21.654082659261466,17,1.0,-5904
21.65413183906977,17,3.0,-1821
21.655164108115468,5,7.0,0
21.656588949516568,13,1.0,-7854
21.656588949516568,17,1.0,-7854
21.65764267035399,13,13.0,-7755
21.658450709588003,5,4.0,0
21.65917873865486,14,8.0,-7593
21.660263099450354,9,1.0,7483
21.660635555616775,5,1.0,0
21.662120307775826,13,1.0,-7941
21.66251521009894,16,1.0,7137
21.66358761947023,17,3.0,-2409
21.66371832223293,13,1.0,-7537
21.66371832223293,17,1.0,-7537
21.66397113167229,14,7.0,-7925
21.66397113167229,17,7.0,-7925
21.665191652417512,14,1.0,-7677
21.665191652417512,17,1.0,-7677
21.667809139132558,16,33.0,74
21.6687383741707,7,1.0,7575
21.6696786631468,13,2.0,-7926
21.6696786631468,17,2.0,-7926
21.66977731738544,13,1.0,-7512
21.66977731738544,17,1.0,-7512
21.66978541579531,13,3.0,-7997
21.67038611059287,16,48.0,1653
21.672494370420978,14,7.0,-7738
21.67280123290526,14,11.0,-7528
21.67544327593942,7,3.0,7529
21.67771713541081,13,2.0,-8013
21.67771713541081,17,2.0,-8013
21.677899750394015,5,1.0,0
21.678551538036466,14,5.0,-7740
21.67935456346389,5,1.0,0
21.680731938115375,13,1.0,-7986
21.68161995810246,6,2.0,7571
21.683277065257382,17,1.0,-5582
21.683643298783235,5,5.0,0
21.683902589074965,5,2.0,0
21.684096533909383,14,7.0,-8085
21.685637961153095,17,1.0,-6638
21.68624872359794,5,4.0,0
21.686671309110118,17,10.0,-3951
21.687506388168476,10,9.0,7573
21.68939668139783,17,2.0,-6388
21.69043362459344,5,2.0,0
21.69161175597748,13,6.0,-7796
21.692835444401315,13,2.0,-7969
21.69534407282999,16,1.0,1727
21.69581010031479,13,2.0,-7690
21.69581010031479,17,2.0,-7690
21.695921802886264,13,31.0,-7949
21.698043709517638,5,1.0,0
21.698264534335173,14,5.0,-7646
21.698264534335173,17,5.0,-7646
21.698415037914195,13,7.0,-7584
21.69848886296042,13,2.0,-7783
21.698788448242315,5,1.0,0
21.699297980945307,14,2.0,-8021
21.699704722957264,113,19.0,-7644
21.700588964714147,5,3.0,0
21.700635244079905,17,2.0,-237
21.704315648906373,13,11.0,-8036
21.70504832382187,5,1.0,0
21.70578544122507,5,4.0,0
21.70651294145858,13,1.0,-7675
21.70651294145858,17,1.0,-7675
21.706573949288693,13,1.0,-7921
21.706778191815157,14,2.0,-8089
21.706778191815157,17,2.0,-8089
21.706928105590606,5,3.0,0
21.707001975280726,5,6.0,0
21.707616710765425,13,1.0,-7985
21.708046337638674,5,10.0,0
21.708261222664945,14,6.0,-7934
21.709996255482704,14,4.0,-7622
21.709996255482704,17,4.0,-7622
21.710999981967767,5,1.0,0
21.711296860646335,17,2.0,-6728
21.711471830902852,5,1.0,0
21.711827076518823,13,3.0,-7592
21.71470192928662,13,7.0,-7984
21.71470192928662,17,7.0,-7984
21.71520029164774,9,4.0,7561
21.71551438349823,13,1.0,-7670
21.716033268496968,17,4.0,-6730
21.716080509453747,5,2.0,0
21.716638273881472,15,2.0,-5405
21.716888678280142,17,1.0,-1157
21.717515478610622,13,12.0,-7874
21.71765604637535,16,8.0,3988
21.718531687962567,17,3.0,-5817
21.71936639192675,5,3.0,0
21.719822228291576,17,2.0,-1893
21.71998858609936,13,1.0,-7964
21.72204290450549,14,1.0,-7836
21.724059505828436,13,4.0,-7667
21.724605700823275,13,1.0,-7726
21.72474088191023,5,1.0,0
21.725479113972348,17,9.0,-3177
21.72758738615342,15,1.0,-5658
21.729323397501403,4,8.0,7635
21.73068987187144,13,2.0,-7640
21.73259834895002,17,2.0,-5456
21.732895682770025,14,6.0,-8010
21.733251361258123,15,1.0,-5381
21.73391074609293,13,4.0,-7887
21.73418856382882,15,5.0,-5532
21.734824319226217,13,3.0,-7689
21.734824319226217,17,3.0,-7689
21.735651408420146,16,41.0,2451
21.73648799296298,13,2.0,-7780
21.736504850975074,5,1.0,0
21.73764529359014,16,11.0,7232
21.739334816871377,17,4.0,-586
21.740001779148905,16,38.0,530
21.740415332275816,17,1.0,-4680
21.74066652096689,13,3.0,-7971
21.74066652096689,17,3.0,-7971
21.74090790938582,17,1.0,-6427
21.742367802734513,17,2.0,-2217
21.745044398029073,14,1.0,-7906
21.745692121525025,17,6.0,-1533
21.746167220466074,15,4.0,-5449
21.74619668877864,13,1.0,-7872
21.74619668877864,17,1.0,-7872
21.746575992598927,5,12.0,0
21.748933859622426,17,1.0,-2344
21.749083961320203,9,5.0,7401
21.74943147699964,15,1.0,-5719
21.749643866734985,9,1.0,7558
21.7503827408213,5,5.0,0
21.750707442471125,7,2.0,7547
21.75071253453955,5,1.0,0
21.750891075888692,17,9.0,-7373
21.751203016800407,13,1.0,-7772
21.751244700218184,13,1.0,-7702
21.752214230724483,13,1.0,-8043
21.753256388939906,15,1.0,-5579
21.753344188142812,13,21.0,-7768
21.754095974195327,16,6.0,2737
21.755267690954103,5,5.0,0
21.75573247789123,13,1.0,-7866
21.75573247789123,17,1.0,-7866
21.756798528642868,13,2.0,-7585
21.75709850124448,14,4.0,-7545
21.757274840430966,6,9.0,7634
21.759405765089802,17,11.0,-2222
21.759853587207804,13,1.0,-8037
21.759853587207804,17,1.0,-8037
21.760416136762114,16,7.0,1834
21.760520779362864,13,5.0,-7981
21.760520779362864,17,5.0,-7981
21.760899257005004,113,26.0,-8001
21.760932612990068,5,1.0,0
21.76184511840434,15,1.0,-5631
21.764848896547637,17,1.0,-6626
21.766011498274022,14,3.0,-7583
21.766011498274022,17,3.0,-7583
21.766285227737637,13,1.0,-7795
21.766967070820826,15,1.0,-5519
21.767028982378307,113,59.0,-7676
21.767599612742078,11,57.0,7520
21.767770749742184,13,1.0,-7824
21.767818201777274,14,2.0,-7990
21.76861540112211,13,1.0,-7529
21.769302965351887,13,3.0,-7818
21.769302965351887,17,3.0,-7818
21.76946205054396,14,6.0,-7688
21.769591564684738,17,3.0,-4476
21.770546949355627,5,2.0,0
21.77069078453284,17,1.0,-6145
21.773738392774867,17,2.0,-4421
21.77422120420946,13,1.0,-7764
21.77431262156844,5,5.0,0
21.7746825616407,13,3.0,-7563
21.774922368592676,17,4.0,-361
21.775090716521216,5,1.0,0
21.775629902859652,13,3.0,-7700
21.77601793228777,13,2.0,-7940
21.77601793228777,17,2.0,-7940
21.776938259034445,5,2.0,0
21.777501285514724,13,5.0,-7894
21.77788821595375,11,12.0,7552
21.78015497508335,13,6.0,-7958
21.7810958437415,14,2.0,-7994
21.781360707623705,13,4.0,-7830
21.78205448059509,13,1.0,-7879
21.782369475701667,17,3.0,-4074
21.782465502280427,17,10.0,-5242
21.784102371511267,13,5.0,-7728
21.784102371511267,17,5.0,-7728
21.78540081719774,13,4.0,-7801
21.78540081719774,17,4.0,-7801
21.785649216565897,9,33.0,7593
21.78832784542044,17,3.0,-3137
21.79020696856157,4,5.0,7636
21.79063548736062,14,3.0,-7823
21.79063548736062,17,3.0,-7823
21.791399053212682,13,1.0,-8017
21.791399053212682,17,1.0,-8017
21.794065417231796,13,2.0,-8056
21.7950763072775,17,10.0,-6309
21.797018771207206,13,3.0,-7598
21.798272159103604,17,1.0,-5779
21.79891550054834,17,5.0,-3193
21.799067147583223,16,4.0,2662
21.799150809421835,13,4.0,-7900
21.79980186276675,13,7.0,-8063
21.79980186276675,17,7.0,-8063
21.801047337659583,13,3.0,-7869
21.801210619206753,14,3.0,-7909
21.80164976261541,17,1.0,-5317
21.802072229621395,14,2.0,-7523
21.802855177875987,5,3.0,0
21.804554135504148,15,3.0,-5453
21.804557092873114,14,5.0,-7678
21.806361112723533,14,3.0,-7710
21.806361112723533,17,3.0,-7710
21.806367648146697,13,1.0,-8053
21.807196179428093,13,2.0,-7980
21.809226189005233,5,2.0,0
21.809533785133052,5,1.0,0
21.810099460950767,13,20.0,-7687
21.810558416969396,17,29.0,-6475
21.810777694085004,13,5.0,-7704
21.810821276783653,15,29.0,-5422
21.811335713781247,1,4.0,7637
21.811886159607,6,2.0,7463
21.812239132279164,14,21.0,-8070
21.81384789791172,13,8.0,-8047
21.81414505480479,17,2.0,-2725
21.815530531855952,5,1.0,0
21.816151295581438,14,2.0,-7552
21.818038474982227,16,42.0,600
21.818359321535706,14,2.0,-7723
21.81879120574282,17,2.0,-4596
21.819163921972965,5,2.0,0
21.81968836849973,13,1.0,-7974
21.819701706937956,16,9.0,4982
21.821202969350075,13,2.0,-7570
21.821202969350075,17,2.0,-7570
21.821644909593108,5,2.0,0
21.822245894327096,14,3.0,-7655
21.822614110315314,17,19.0,-5672
21.82277865921266,7,9.0,7574
21.822931878120528,13,2.0,-7982
21.822931878120528,17,2.0,-7982
21.8242173474419,5,1.0,0
21.82645969296265,13,2.0,-8058
21.827863970230958,13,1.0,-7827
21.82880833019618,16,2.0,4955
21.829149585341675,8,2.0,7545
21.829929497070015,15,3.0,-5566
21.830092426234863,17,7.0,-1181
21.830207416700706,15,1.0,-5655
21.831171298987748,17,7.0,-4541
21.831187246468225,14,6.0,-7550
21.83239120965494,13,1.0,-8078
21.83239120965494,17,1.0,-8078
21.8331845530628,14,53.0,-7829
21.833612595905535,17,3.0,-145
21.833844729077956,15,2.0,-5588
21.834122995167657,1,2.0,7638
21.834664229332525,5,1.0,0
21.834721771431774,14,2.0,-7834
21.8362155208457,5,2.0,0
21.836605088863816,16,2.0,6811
21.836813401005333,7,9.0,7335
21.837454215740834,15,5.0,-5467
21.837504875622976,15,3.0,-5362
21.83764787333729,17,3.0,-3753
21.838304666862747,17,3.0,-7206
21.83854349962734,13,6.0,-7851
21.84080834181666,5,2.0,0
21.841208487746023,17,4.0,-4706
21.841247504770767,13,6.0,-7948
21.842337916541034,13,15.0,-7641
21.84237633888145,17,1.0,-3950
21.84250368418059,5,3.0,0
21.84266435363194,5,2.0,0
21.843185952910254,13,1.0,-7606
21.843185952910254,17,1.0,-7606
21.843236324586233,17,3.0,-3906
21.84323792975787,13,2.0,-7561
21.84323792975787,17,2.0,-7561
21.843263461760685,5,2.0,0
21.843756469334128,16,3.0,6821
21.843904170114623,17,2.0,-2709
21.84519534925999,14,3.0,-7736
21.84591484379333,17,8.0,-6033
21.84856840895523,13,2.0,-7531
21.84856840895523,17,2.0,-7531
21.850300840848643,5,3.0,0
21.85037420892403,13,2.0,-7742
21.850600390109037,13,5.0,-8006
21.850600390109037,17,5.0,-8006
21.852581531978743,5,1.0,0
21.8528877961713,15,3.0,-5635
21.853211971721556,17,1.0,-3442
21.85383118841906,13,1.0,-7784
21.85383118841906,17,1.0,-7784
21.854181000983218,14,5.0,-7572
21.854181000983218,17,5.0,-7572
21.854380321947925,8,1.0,7479
21.85475344595578,14,60.0,-7635
21.854869106843214,17,4.0,-4233
21.8562605551326,13,2.0,-7860
21.8562605551326,17,2.0,-7860
21.85769643536639,17,3.0,-6825
21.857999521860144,17,1.0,-3751
21.858060182503852,15,1.0,-5541
21.858080782590942,14,3.0,-7946
21.858360867883977,13,1.0,-7533
21.858703192706972,14,1.0,-7843
21.85937607020848,13,1.0,-7791
21.861250418651068,17,2.0,-4754
21.861341273162513,13,1.0,-7538
21.862195681502605,13,5.0,-7868
21.862435754035353,15,2.0,-5416
21.86301484895392,13,1.0,-8048
21.86425207576804,13,3.0,-7790
21.865868367412325,14,5.0,-7521
21.866307093166405,13,1.0,-7947
21.867302669191062,17,4.0,-5373
21.868048298267137,13,13.0,-7837
21.868264033604007,5,2.0,0
21.86913236626036,17,1.0,-4504
21.86967438602606,5,2.0,0
21.869742243843078,13,10.0,-7933
21.869742243843078,17,10.0,-7933
21.869772778990598,13,2.0,-7826
21.870243681902455,17,1.0,-4095
21.870620981198616,17,5.0,-5705
21.870893884878797,17,46.0,-5462
21.872190186489142,5,3.0,0
21.872295409807343,13,5.0,-7623
21.872340618825923,17,1.0,-1161
21.873047330302505,13,1.0,-8032
21.87344544565424,5,6.0,0
21.873895244733397,13,1.0,-7567
21.873895244733397,17,1.0,-7567
21.87410995774747,15,1.0,-5682
21.87459342992927,14,30.0,-7720
21.87459342992927,17,30.0,-7720
21.875992005251675,17,2.0,-7217
21.880936685514683,5,4.0,0
21.88167393180156,16,30.0,4120
21.882197675011316,13,2.0,-7749
21.882197675011316,17,2.0,-7749
21.882218320656538,17,1.0,-5589
21.88472943034967,13,1.0,-7788
21.88472943034967,17,1.0,-7788
21.885136201970028,9,1.0,7479
21.885184559901813,17,1.0,-6716
21.887576741840245,17,6.0,-5363
21.888309623760964,17,3.0,-327
21.888369368172828,13,2.0,-7705
21.88844539046197,6,2.0,7638
21.888685516243577,6,1.0,7629
21.8890775384639,13,3.0,-7662
21.88980365516838,17,7.0,-1840
21.890400620504,16,6.0,2762
21.890497420785476,17,1.0,-4923
21.89080052402177,5,1.0,0
21.891686872323557,13,5.0,-8030
21.89181573930104,13,10.0,-7889
21.893031337015596,17,2.0,-6469
21.893495193704354,13,2.0,-8088
21.89374689182031,17,2.0,-6903
21.89595873447927,14,3.0,-7852
21.89595873447927,17,3.0,-7852
21.89985696598778,13,1.0,-7684
21.89987641991208,17,1.0,-2430
21.901075617163414,16,3.0,464
21.902839921119615,13,10.0,-7560
21.90313484362189,10,8.0,7582
21.90382383733,17,2.0,-5415
21.90737818550487,13,2.0,-8000
21.908169241798042,15,1.0,-5476
21.90848857624878,13,1.0,-7777
21.90848857624878,17,1.0,-7777
21.910155709298316,17,12.0,-2445
21.910726362443505,5,1.0,0
21.9107532839825,17,3.0,-4942
21.9114706447016,17,4.0,-6392
21.913064546777836,5,44.0,0
21.91437035350555,1,8.0,7639
21.91731589852693,15,6.0,-5479
21.91788522753181,13,3.0,-7542
21.91793346672729,17,3.0,-6954
21.91840213232515,13,1.0,-8082
21.919034440034725,15,5.0,-5676
21.919070626849873,16,5.0,1277
21.919592284827022,14,2.0,-7732
21.919725398952558,16,2.0,479
21.919735238104895,13,1.0,-7913
21.920134226171594,14,17.0,-7643
21.920152890514387,17,6.0,-118
21.920869540051154,5,26.0,0
21.921023467998527,7,3.0,7603
21.92132642403766,14,3.0,-7573
21.92192061234044,15,10.0,-5578
21.92192061234044,17,10.0,-5578
21.92240416070347,13,4.0,-7819
21.92249098523345,13,3.0,-7799
21.92322236915917,13,2.0,-7532
21.92356644742479,5,3.0,0
21.924026210453736,5,4.0,0
21.924191538723047,10,25.0,7622
21.924310648861645,14,1.0,-7761
21.92441891482759,5,4.0,0
21.924754514617725,5,2.0,0
21.927021007617988,17,2.0,-1894
21.927174572002386,17,2.0,-5170
21.927269808656305,5,7.0,0
21.927847730492857,17,1.0,-6156
21.92823453841065,14,4.0,-8075
21.92823453841065,17,4.0,-8075
21.928378781631498,14,2.0,-7692
21.92915166707392,5,2.0,0
21.93096062706307,14,2.0,-7922
21.932983695676747,7,7.0,7590
21.933628544243604,5,3.0,0
21.93472131807813,14,6.0,-7967
21.935144248353033,16,3.0,2749
21.935685625795436,15,2.0,-5501
21.937298359400707,13,1.0,-8050
21.937423850717664,5,2.0,0
21.938392380856417,13,7.0,-7831
21.938619244346306,15,4.0,-5712
21.939156480063446,5,4.0,0
21.939585666493485,17,1.0,-5642
21.93969089174511,17,1.0,-7131
21.93980375253584,14,3.0,-7956
21.940433565932928,7,4.0,7546
21.940897266669804,14,1.0,-7765
21.941236786424177,10,4.0,7611
21.942461310049275,13,1.0,-7751
21.942461310049275,17,1.0,-7751
21.94252838287347,17,2.0,-5310
21.94450237515843,5,1.0,0
21.94499476635048,17,18.0,-6605
21.945050275924803,16,4.0,821
21.947535171060895,13,1.0,-7813
21.948167225050394,17,1.0,-4707
21.949741730351587,9,2.0,7545
21.94992740844339,13,1.0,-8026
21.950481097713983,13,1.0,-7727
21.95052034593063,17,3.0,-1868
21.95095668679668,1,2.0,7640
21.9526468889247,5,20.0,0
21.95289634413321,13,3.0,-7725
21.95289634413321,17,3.0,-7725
21.95344007237235,13,1.0,-7965
21.95344007237235,17,1.0,-7965
21.955430740417828,14,22.0,-7733
21.955430740417828,17,22.0,-7733
21.956226033368637,11,55.0,7601
21.956286119179545,5,1.0,0
21.9582433439708,13,7.0,-8035
21.95886151137675,17,6.0,-3203
21.958929485938118,15,7.0,-5559
21.95914398618979,14,6.0,-7666
21.95978393825713,15,5.0,-5569
21.961470871658577,14,2.0,-7767
21.962385847265075,14,1.0,-7735
21.963438221241734,10,1.0,7631
21.963807937207772,14,2.0,-7995
21.963807937207772,17,2.0,-7995
21.963929550111914,15,1.0,-5656
21.964371432336055,13,1.0,-7781
21.965431102540038,17,1.0,-3973
21.965436005551066,15,2.0,-5452
21.9662169113828,15,3.0,-5653
21.96654693368623,5,3.0,0
21.966871182395668,17,1.0,-7501
21.967159136489503,5,1.0,0
21.96734046473601,14,2.0,-8068
21.967763185003573,1,2.0,7641
21.96786315283216,15,2.0,-5538
21.970205027802717,17,1.0,-2424
21.97074171777441,14,8.0,-7904
21.970840847927867,13,3.0,-7972
21.97133661445048,17,1.0,-3789
21.971451063108184,16,2.0,1627
21.971466640088416,13,3.0,-8077
21.971466640088416,17,3.0,-8077
21.971579635017935,14,3.0,-7541
21.971579635017935,17,3.0,-7541
21.971933168305785,17,5.0,-1408
21.97233607358867,13,3.0,-7880
21.97233607358867,17,3.0,-7880
21.9732702777138,17,2.0,-5244
21.977095740613464,14,1.0,-7779
21.977095740613464,17,1.0,-7779
21.97780745414539,5,13.0,0
21.97949457790046,6,6.0,7616
21.98007905843887,16,6.0,109
21.980105424987112,13,4.0,-7588
21.980703102263483,13,3.0,-7804
21.98141092853777,5,3.0,0
21.981425463728186,17,1.0,-4204
21.981483364677132,5,2.0,0
21.983738577327394,15,3.0,-5528
21.98391958380593,14,1.0,-7846
21.984624323464544,13,1.0,-7530
21.986479636048585,13,15.0,-7699
21.986479636048585,17,15.0,-7699
21.98653674893098,13,1.0,-7812
21.987069603026978,17,6.0,-2367
21.987337291125176,13,13.0,-7898
21.98763923875339,17,1.0,-1362
21.98768818808303,16,5.0,1614
21.987868242772766,13,1.0,-8064
21.988157798728544,15,3.0,-5565
21.98859149927384,5,1.0,0
21.98942754240868,14,2.0,-7589
21.989465464782523,13,1.0,-7525
21.990000480366668,15,3.0,-5620
21.990016635001687,14,1.0,-7745
21.990148911395302,15,3.0,-5299
21.990228624691955,13,1.0,-7920
21.990660279015678,5,3.0,0
21.99099506562922,15,2.0,-5287
21.991046835887772,5,13.0,0
21.99118298898478,5,4.0,0
21.991529471503313,13,2.0,-7648
21.991836666626913,17,6.0,-1247
21.991938534956283,16,10.0,2039
21.99217087045379,15,25.0,-5301
21.992644423733168,5,1.0,0
21.99377457078539,13,2.0,-7625
21.995292382388033,12,4.0,7585
21.99567627011549,5,6.0,0
21.99701332097297,17,1.0,-681
21.999017300270435,14,1.0,-7510
22.000105781242286,5,10.0,0
22.000824215530585,5,28.0,0
22.001296469715644,13,2.0,-8345
22.001591186735084,13,2.0,-8498
22.002849992181226,15,1.0,-5893
22.003212945135424,10,47.0,7608
22.003692636038128,5,3.0,0
22.004079753163495,5,2.0,0
22.004598414504304,5,4.0,0
22.00655914840473,5,2.0,0
22.00916799403875,5,2.0,0
22.01002593958682,5,3.0,0
22.011183350370413,14,4.0,-8230
22.01127739684111,5,4.0,0
22.011673276311623,17,1.0,-1269
22.0133356721321,13,1.0,-8293
22.013552728914146,13,1.0,-8405
22.01393918419369,5,3.0,0
22.01542378311282,14,1.0,-8235
22.01652224679561,14,1.0,-8110
22.017908511112026,13,2.0,-8253
22.01828078582554,15,5.0,-6021
22.01878357781597,14,3.0,-8119
22.019648720216978,15,7.0,-6273
22.02089357343572,16,2.0,3654
22.023544067763826,15,5.0,-6330
22.026132055869375,14,2.0,-8329
22.028883679007482,15,8.0,-5981
22.02900117338914,14,1.0,-8467
22.029383177104556,5,6.0,0
22.02977905684054,13,4.0,-8268
22.03074596863362,16,1.0,5355
22.0319793951884,15,2.0,-6077
22.032724917069743,15,3.0,-6180
22.03273440525781,13,2.0,-8182
22.033199455528706,13,2.0,-8147
22.034842275223536,13,6.0,-8096
22.036755896771453,5,2.0,0
22.03873076279557,15,1.0,-6111
22.03875304133027,13,1.0,-8292
22.04023914353396,14,4.0,-8390
22.04034889735271,5,2.0,0
22.04588841209312,17,5.0,-1367
22.045963398617197,15,1.0,-6149
22.047380826776028,14,3.0,-8481
22.047694468019376,15,1.0,-6305
22.051651831627034,4,3.0,7642
22.05194835681514,5,9.0,0
22.05234244172341,15,3.0,-5792
22.05443098065663,13,1.0,-8470
22.054445795340126,5,1.0,0
22.054652724308216,113,51.0,-8206
22.0555142211157,15,3.0,-6030
22.056071863951292,14,5.0,-8265
22.057161565873567,13,1.0,-8138
22.05769606761285,14,6.0,-8118
22.058357078280288,5,21.0,0
22.059168180186095,5,2.0,0
22.05944416763019,15,2.0,-5823
22.05958715757138,5,7.0,0
22.060612476391093,13,5.0,-8219
22.06156729104614,15,1.0,-5875
22.063163126885723,5,5.0,0
22.06416021071748,5,1.0,0
22.0642619308925,13,1.0,-8490
22.064389058913058,15,1.0,-6177
22.06604662927881,5,3.0,0
22.066833347868418,5,2.0,0
22.067549182969476,7,7.0,7617
22.069297452544852,3,26.0,7643
22.07105690784287,15,3.0,-6085
22.071243156601486,15,3.0,-5975
22.071443030171412,14,14.0,-8436
22.07498272129456,15,13.0,-6125
22.07509368368938,11,17.0,7592
22.077191550151444,16,5.0,2365
22.07724155985875,14,4.0,-8272
22.07790458459297,16,10.0,5233
22.078141717506078,15,1.0,-5878
22.078271706513533,5,1.0,0
22.080083393817663,14,4.0,-8106
22.082286793160684,14,8.0,-8378
22.082735877394363,5,2.0,0
22.082773366830146,13,2.0,-8150
22.083316195583627,13,4.0,-8380
22.08339312329801,17,14.0,-2273
22.083423271407387,4,4.0,7644
22.084285333068223,5,2.0,0
22.085377824877174,17,2.0,-1557
22.087060128681053,13,7.0,-8302
22.088463927392507,17,1.0,-3088
22.090120105468493,13,2.0,-8349
22.090465696707046,15,1.0,-5834
22.0917473349109,15,5.0,-5762
22.09199547282452,13,2.0,-8112
22.092390673217437,5,9.0,0
22.092695958625786,13,1.0,-8197
22.093234173946918,13,7.0,-8359
22.094915516111744,15,3.0,-6260
22.096296449990774,14,1.0,-8354
22.096851748681722,17,1.0,-574
22.098717085816357,16,2.0,1560
22.099206475874244,5,26.0,0
22.099309106918337,6,2.0,7621
22.100476939193403,5,2.0,0
22.101693909119923,13,5.0,-8385
22.102341726531208,13,3.0,-8420
22.1040089946987,16,5.0,1076
22.10447842012607,13,3.0,-8234
22.105632940871935,14,1.0,-8464
22.10612476130842,13,6.0,-8134
22.10697538921788,5,2.0,0
22.108554871085566,113,52.0,-8186
22.108742109668043,13,36.0,-8171
22.109829211652688,15,3.0,-5871
22.110698381680688,5,12.0,0
22.11070346196399,5,3.0,0
22.111030468696782,14,1.0,-8196
22.11185919629092,6,2.0,7318
22.112267635700967,17,1.0,-3961
22.113074335366946,13,2.0,-8203
22.11308825414667,15,4.0,-6122
22.113805673388104,5,1.0,0
22.113860932459886,5,2.0,0
22.114379310509822,14,6.0,-8158
22.114635491522748,15,6.0,-5892
22.115484171541038,5,2.0,0
22.116433414892278,5,2.0,0
22.117947123664358,15,2.0,-5900
22.11892264889516,15,7.0,-6251
22.119413988119017,15,3.0,-6108
22.12073521700471,13,2.0,-8236
22.122606061340917,13,2.0,-8276
22.122872709258132,13,2.0,-8389
22.12315408359958,13,2.0,-8324
22.12384594805334,14,1.0,-8140
22.124954998432997,16,2.0,6897
22.126087535878323,13,1.0,-8116
22.126602693391597,14,4.0,-8251
22.126612914487744,3,12.0,7645
22.12688947669834,17,6.0,-938
22.13021012976859,16,1.0,7250
22.13076311289398,16,1.0,3940
22.131581133280456,5,1.0,0
22.13186153958313,15,1.0,-6080
22.132307478898348,4,7.0,7646
22.132647852710306,5,4.0,0
22.132965410093906,17,3.0,-748
22.133417164712597,15,4.0,-6232
22.134051976571275,15,1.0,-6212
22.134177198466375,15,1.0,-6274
22.13420640819794,16,6.0,6376
22.134714130499155,15,1.0,-5816
22.13513235433356,5,1.0,0
22.135534425324852,15,5.0,-5785
22.13819025295041,13,2.0,-8351
22.139251191309334,8,2.0,7638
22.142265255198417,14,1.0,-8426
22.142367753969,17,2.0,-189
22.143071429007502,13,1.0,-8223
22.143201445489836,15,5.0,-6110
22.143312832029707,15,1.0,-6263
22.143814701314277,5,1.0,0
22.1445500833739,17,2.0,-3575
22.145087851110326,13,1.0,-8303
22.14509042116874,13,2.0,-8322
22.145186561762564,13,1.0,-8149
22.14528268487673,17,13.0,-3928
22.14568928398329,6,8.0,7639
22.14662031672815,15,3.0,-6307
22.1466776488162,17,2.0,-3219
22.147986092612317,5,53.0,0
22.148406826055414,3,30.0,7647
22.148801202723504,13,2.0,-8497
22.15079629880533,15,2.0,-5858
22.154170779437365,13,1.0,-8409
22.155060336495122,5,3.0,0
22.15516340089038,15,2.0,-5974
22.15574622625245,13,3.0,-8290
22.155801487503137,13,1.0,-8321
22.15716767269423,13,7.0,-8371
22.159286998286603,14,5.0,-8167
22.159344631918373,5,1.0,0
22.160002794911758,17,2.0,-4731
22.162603006806048,13,1.0,-8114
22.165172166388427,15,1.0,-5952
22.166008759723063,13,1.0,-8364
22.166341191829073,13,2.0,-8168
22.166516024715232,14,1.0,-8170
22.16675148735239,5,1.0,0
22.167269024216633,15,2.0,-6267
22.169254934553447,7,2.0,7565
22.17395266290044,15,3.0,-6178
22.174384803335542,17,2.0,-885
22.174513130275386,14,5.0,-8381
22.174513457509768,15,12.0,-6166
22.174513457509768,17,12.0,-6166
22.175034675102285,15,2.0,-5943
22.175369273967913,12,50.0,7615
22.176684708050768,5,2.0,0
22.1770156396274,15,2.0,-5933
22.177367465257184,15,6.0,-5913
22.177376224032024,5,4.0,0
22.178574855608648,7,2.0,7588
22.179231377014048,15,4.0,-5755
22.179546024253707,15,7.0,-6179
22.18176380350372,13,8.0,-8244
22.18216842614458,5,1.0,0
22.182259478502985,14,1.0,-8399
22.183690469834794,14,4.0,-8313
22.18381309578342,15,14.0,-5799
22.186052431829157,13,1.0,-8471
22.18868375009127,16,1.0,5467
22.189085689294533,15,1.0,-5849
22.190205793900404,14,7.0,-8419
22.194220460781615,6,2.0,7606
22.194661022416483,13,1.0,-8454
22.198617885399123,16,45.0,3090
22.199237699466057,16,1.0,4809
22.19953199338156,17,3.0,-1700
22.201616687600747,5,2.0,0
22.202161967069912,16,3.0,621
22.20502758955585,13,1.0,-8285
22.20513584950196,5,2.0,0
22.206903232604972,7,4.0,7563
22.207106120720496,15,3.0,-6136
22.207704641124458,13,16.0,-8294
22.2083153730047,13,1.0,-8143
22.208905712217028,5,4.0,0
22.210176435388707,3,45.0,7648
22.210730765607245,5,2.0,0
22.211999965760196,14,3.0,-8217
22.213333821005083,14,8.0,-8422
22.215217281965707,4,1.0,7649
22.217024067506724,13,2.0,-8212
22.217354350887003,16,6.0,1699
22.218484398536084,17,2.0,-3296
22.219038137054184,17,5.0,-4759
22.220103349164393,14,1.0,-8417
22.220109701612653,13,1.0,-8457
22.22113325345985,15,20.0,-6278
22.22115927865812,5,16.0,0
22.221324659372026,13,1.0,-8496
22.22144285394602,5,3.0,0
22.22185050154728,16,5.0,3117
22.223721634399805,15,7.0,-6008
22.223724349657893,13,2.0,-8501
22.22569815696832,5,1.0,0
22.227061754350625,13,1.0,-8139
22.22776673387166,14,10.0,-8305
22.22894951417876,16,19.0,4719
22.229165772618405,15,3.0,-6331
22.231976841352598,13,53.0,-8184
22.232109693508075,17,1.0,-1479
22.232209870841917,13,1.0,-8424
22.23272110636332,17,5.0,-2627
22.23381093931961,5,57.0,0
22.233928745500542,17,15.0,-1819
22.23435234468695,15,1.0,-5877
22.23450029922288,15,4.0,-6074
22.235448610830073,5,3.0,0
22.235740739239652,15,12.0,-6318
22.23791294460935,16,42.0,2110
22.238391315579175,17,6.0,-4721
22.239324841987383,5,2.0,0
22.240264252296903,113,35.0,-8250
22.240267551414753,5,7.0,0
22.241016323337735,5,2.0,0
22.241242457035963,15,4.0,-6161
22.242466465810175,17,1.0,-2384
22.243396554004335,17,2.0,-738
22.243801578192063,15,1.0,-6038
22.244083425483456,13,3.0,-8442
22.244421683912616,5,3.0,0
22.244548417578514,5,1.0,0
22.24654810715115,15,5.0,-5795
22.246572385678952,15,2.0,-6142
22.24773653485003,15,1.0,-5965
22.248735756233845,13,2.0,-8224
22.249681672515194,16,9.0,6865
22.250414787761482,13,2.0,-8408
22.250572385217072,15,3.0,-6006
22.251225958870656,5,1.0,0
22.252739701353725,16,4.0,1807
22.253268780195086,5,7.0,0
22.253405436957966,13,1.0,-8489
22.254074336973584,13,5.0,-8328
22.25433345779875,12,9.0,7573
22.256506640930006,5,2.0,0
22.258104295730625,5,9.0,0
22.258228220702673,17,1.0,-5645
22.258808895282048,16,5.0,1609
22.25925873758874,13,2.0,-8499
22.260293247897714,13,1.0,-8124
22.260593097009227,15,1.0,-5918
22.260942770261806,113,59.0,-8267
22.26187732790515,17,2.0,-3111
22.262420216573485,15,1.0,-5882
22.262965245269335,13,1.0,-8342
22.26315436920143,16,3.0,3860
22.26372212985817,13,2.0,-8323
22.264041822623252,17,1.0,-1437
22.2679629439183,5,5.0,0
22.269220536011158,15,6.0,-6026
22.269691553418866,12,54.0,7596
22.269990237669763,13,1.0,-8229
22.27021891986422,15,1.0,-5844
22.27021891986422,17,1.0,-5844
22.271775389009715,15,3.0,-6291
22.272073959243436,17,2.0,-4403
22.27248012676475,5,2.0,0
22.273046638641862,10,3.0,7642
22.27375210333496,15,1.0,-6197
22.27454396669993,5,1.0,0
22.27462480990463,5,4.0,0
22.27542196309401,14,1.0,-8445
22.278074273963846,17,4.0,-3875
22.278723656838253,13,1.0,-8175
22.281140287560984,14,1.0,-8263
22.281846932605237,13,2.0,-8275
22.282133748940655,15,4.0,-6286
22.282512881221237,17,5.0,-1383
22.285831201057885,13,2.0,-8455
22.286551609408498,17,53.0,-3237
22.288073061811062,5,1.0,0
22.288523423031503,13,6.0,-8194
22.289032251977332,13,1.0,-8451
22.289337197164485,17,4.0,-1944
22.290204649057948,13,1.0,-8099
22.290302199842685,13,1.0,-8152
22.29046467799853,13,2.0,-8298
22.291180042067403,13,2.0,-8180
22.29188533816691,5,1.0,0
22.29195810151057,17,2.0,-5090
22.292626466021808,16,2.0,2946
22.292680515222457,5,1.0,0
22.29271696247138,15,31.0,-6116
22.29271696247138,17,31.0,-6116
22.292800477981082,14,9.0,-8376
22.292805988353937,15,7.0,-5860
22.292861112041802,15,1.0,-6244
22.294417099078522,6,3.0,7612
22.29444714900826,5,17.0,0
22.294469008018304,15,1.0,-6334
22.29474351705973,14,6.0,-8384
22.295706331176014,11,51.0,7543
22.29603668903247,13,1.0,-8407
22.296950266815234,5,9.0,0
22.297061916922665,5,4.0,0
22.29741037999977,15,5.0,-5819
22.298550169817815,15,3.0,-5895
22.30070305622158,13,1.0,-8391
22.302952890208665,5,16.0,0
22.303363541054722,15,4.0,-6037
22.303871846796174,15,7.0,-5958
22.304541702747372,15,19.0,-6164
22.3054763502592,5,2.0,0
22.306024285266936,13,6.0,-8431
22.307007085805793,15,1.0,-6290
22.307123566310675,17,2.0,-5328
22.307386066692366,5,4.0,0
22.307957783693816,17,3.0,-3804
22.309176177865695,15,2.0,-6265
22.30968591631753,17,7.0,-88
22.309907471371787,17,1.0,-1377
22.31037966746897,15,1.0,-6323
22.31101809064129,17,2.0,-1968
22.311264605684535,16,4.0,3697
22.3115078745732,5,7.0,0
22.315409110281436,15,1.0,-6236
22.316583893971924,14,1.0,-8125
22.316742007872488,13,4.0,-8259
22.317723656281096,13,6.0,-8191
22.319376121451636,13,1.0,-8387
22.320703672101384,13,2.0,-8281
22.321354666286474,17,1.0,-134
22.321562052617796,13,1.0,-8216
22.321967715366196,15,2.0,-5995
22.322066007571255,5,6.0,0
22.32216656268902,15,15.0,-6048
22.32223584848835,17,3.0,-5607
22.323206088330565,14,2.0,-8312
22.324347057676142,6,3.0,7609
22.32600406100821,1,1.0,7650
22.326179494512044,6,1.0,7623
22.326325889661014,14,5.0,-8220
22.32799619201275,16,57.0,3280
22.327997273351798,13,7.0,-8357
22.32959962235228,15,23.0,-5963
22.329718821594494,15,5.0,-5922
22.332443971524974,16,26.0,1284
22.333243369698163,5,5.0,0
22.334844861476043,15,12.0,-5790
22.334905471430837,5,1.0,0
22.335421742729025,14,3.0,-8247
22.33557027294239,14,6.0,-8255
22.337056231854273,14,6.0,-8388
22.337180287735297,15,9.0,-5843
22.338472864624983,17,6.0,-4993
22.338845349968594,14,6.0,-8336
22.339992914699813,16,17.0,3458
22.341150721751994,15,1.0,-6314
22.341501122423605,15,1.0,-6106
22.34413892822616,13,2.0,-8202
22.344139818335325,13,2.0,-8367
22.34442789028291,17,1.0,-2990
22.345168073424116,5,2.0,0
22.346551649423702,17,2.0,-4042
22.34907504681368,17,1.0,-644
22.35049576276589,15,1.0,-6159
22.351003384444883,15,1.0,-6242
22.35391225708189,1,3.0,7651
22.354686251396522,5,5.0,0
22.356228708774978,17,12.0,-5531
22.35711959309499,15,2.0,-5778
22.357336853937177,13,6.0,-8355
22.357368860934265,17,1.0,-3397
22.357509878894383,15,1.0,-5850
22.357836229629925,15,7.0,-6128
22.358083724877442,15,5.0,-5760
22.359199362684176,13,1.0,-8337
22.363736586078563,1,5.0,7652
22.36469606569051,14,4.0,-8269
22.365180164561416,5,1.0,0
22.365314614026133,15,2.0,-6277
22.366945392373168,15,2.0,-5951
22.36918367144466,17,44.0,-5201
22.36927137326584,15,2.0,-6173
22.369602222653317,15,2.0,-5832
22.369858557346333,14,2.0,-8237
22.370737664035133,17,4.0,-4275
22.371266755676665,16,9.0,1819
22.373626953371865,15,6.0,-5962
22.37367588311909,14,3.0,-8332
22.375879118643955,13,2.0,-8280
22.376039737813304,5,24.0,0
22.376335701308946,13,6.0,-8218
22.378789711350674,13,11.0,-8316
22.379455260904486,17,4.0,-32
22.381256682332594,5,10.0,0
22.38151508351652,17,2.0,-5673
22.38157299625041,17,1.0,-1210
22.38172232403317,17,1.0,-2127
22.3817674292841,15,2.0,-6175
22.38428944408332,15,1.0,-5839
22.385353822374856,11,14.0,7583
22.385503745693214,15,3.0,-6138
22.38598400653784,17,3.0,-4266
22.386278357966564,15,46.0,-6182
22.38687648693784,17,2.0,-3890
22.3872949839413,16,5.0,6719
22.38731994125986,15,3.0,-6120
22.38741014384035,14,2.0,-8439
22.387467620609083,15,4.0,-5994
22.38806298545187,15,1.0,-5948
22.38819621819587,7,1.0,7618
22.388593701505084,17,7.0,-715
22.391300372321965,6,3.0,7651
22.39144280996161,15,5.0,-6239
22.392536205138406,16,8.0,3495
22.392950700338687,13,1.0,-8438
22.39374042217477,15,2.0,-5905
22.39375316239199,15,2.0,-6025
22.393925796873578,13,1.0,-8310
22.39500267684578,5,1.0,0
22.396171408461523,14,2.0,-8339
22.39641074334592,13,2.0,-8500
22.396923066893088,13,2.0,-8338
22.399818279612912,6,1.0,7633
22.40108269056199,15,4.0,-5780
22.402331610716708,10,12.0,7645
22.402332267056238,15,3.0,-6141
22.40322459663771,6,1.0,7650
22.40437826771397,113,19.0,-8098
22.405894803791337,15,1.0,-6118
22.40699318533655,16,11.0,7537
22.408476354810727,13,1.0,-8479
22.409130945521543,3,19.0,7653
22.409818606246237,13,1.0,-8163
22.409872849464424,13,4.0,-8432
22.410002722361384,16,5.0,5961
22.411300989425147,13,1.0,-8151
22.411394045657172,13,6.0,-8135
22.411483009667005,17,3.0,-2883
22.4115952740253,13,2.0,-8210
22.412346142190167,14,4.0,-8126
22.4124227705902,1,39.0,7654
22.412745670278582,17,2.0,-3492
22.413017000344745,15,1.0,-6296
22.414620690255905,13,5.0,-8362
22.41542046481386,15,5.0,-5765
22.415434747678873,13,1.0,-8480
22.41635866710186,13,6.0,-8401
22.417186247560494,16,3.0,6230
22.418401485966093,5,2.0,0
22.41863234685539,14,1.0,-8094
22.418696438069286,5,5.0,0
22.419380171305946,5,2.0,0
22.41946471087875,14,5.0,-8297
22.41973880319529,5,7.0,0
22.42046892543459,13,5.0,-8352
22.422696752026674,13,3.0,-8271
22.423279960209957,14,2.0,-8136
22.42533896571831,15,1.0,-5902
22.427894327449117,16,56.0,3286
22.429606753962315,17,1.0,-5603
22.430530222638286,13,7.0,-8428
22.431625582020917,5,2.0,0
22.432889492535892,13,5.0,-8346
22.43642590593034,17,9.0,-4046
22.439177964798752,14,7.0,-8356
22.43933664040524,17,1.0,-5196
22.439593089232613,17,2.0,-3784
22.44114389855079,15,3.0,-5838
22.441429914548106,13,2.0,-8463
22.443071755342213,15,1.0,-5969
22.443713291511866,13,2.0,-8333
22.44529838520729,16,41.0,508
22.446644465577773,15,1.0,-6248
22.44686479894007,13,5.0,-8205
22.447041619954724,13,1.0,-8447
22.447414826922905,16,5.0,7352
22.447750563700893,17,3.0,-3092
22.44778635455574,15,3.0,-6152
22.447974938069624,15,1.0,-6032
22.448135722526246,15,2.0,-6005
22.449500894944546,14,8.0,-8214
22.45060553637472,14,3.0,-8198
22.450868204811307,6,2.0,7640
22.45113221627745,17,6.0,-945
22.45184643205021,14,11.0,-8326
22.453024193808076,10,45.0,7648
22.45369529107706,16,5.0,5013
22.453727746628914,17,2.0,-4616
22.45480620847743,5,3.0,0
22.45486136654484,5,2.0,0
22.455622275152198,5,1.0,0
22.456509035104112,16,3.0,253
22.4565120911534,15,2.0,-6101
22.4585038868448,13,2.0,-8374
22.458848202962113,15,2.0,-5959
22.458869529977775,14,5.0,-8358
22.459058701805546,14,8.0,-8174
22.461745517728612,5,2.0,0
22.46197162612746,10,4.0,7644
22.46224136707889,5,5.0,0
22.462825191438867,17,3.0,-3838
22.46332444006501,5,3.0,0
22.46362300984928,13,1.0,-8425
22.464775681628648,5,3.0,0
22.466135675760423,5,3.0,0
22.46632221090598,17,2.0,-3007
22.466703591981105,17,4.0,-2470
22.466839721784154,5,3.0,0
22.467659750998628,8,1.0,7568
22.469318184820366,13,1.0,-8416
22.469359890566,7,10.0,7510
22.47068372908806,17,2.0,-4250
22.471131522657103,5,2.0,0
22.472858370158903,17,1.0,-3959
22.474290349078647,15,1.0,-6133
22.47549311062757,17,3.0,-7957
22.476523771626752,15,6.0,-6053
22.476697040875415,15,2.0,-6092
22.477379631697172,13,2.0,-8162
22.47762078778346,15,2.0,-5941
22.478792049349295,17,2.0,-5332
22.478966201969477,15,2.0,-6200
22.47900155267831,13,2.0,-8277
22.479311024317738,5,4.0,0
22.48019950692353,13,1.0,-8113
22.48069087188447,15,2.0,-6099
22.480700212946974,5,3.0,0
22.483288477566294,5,5.0,0
22.48335287893148,13,6.0,-8295
22.48359806324517,5,7.0,0
22.485590262041054,13,1.0,-8469
22.485668624484493,5,1.0,0
22.486226686535268,16,3.0,1419
22.486251348430798,17,1.0,-2267
22.48627816485518,13,2.0,-8240
22.486407155782302,5,2.0,0
22.48692309300262,14,6.0,-8478
22.487149273138538,17,1.0,-7163
22.4876869117059,15,1.0,-5887
22.490120440586946,5,1.0,0
22.49064842597536,13,5.0,-8157
22.491207548002915,17,1.0,-3501
22.491996138788746,14,1.0,-8398
22.496122752486674,17,1.0,-3645
22.497267172389574,11,7.0,7607
22.49823456091565,13,14.0,-8130
22.500513193316156,15,3.0,-6123
22.502090446130644,17,8.0,-7046
22.50273835987937,15,1.0,-6158
22.50303828935339,16,2.0,799
22.50351419171377,17,1.0,-4375
22.503982337594746,15,1.0,-5828
22.505625371382713,13,6.0,-8120
22.505905953350318,16,6.0,5422
22.506401074109945,15,1.0,-6324
22.50682139751749,15,1.0,-5840
22.50936982918885,13,6.0,-8156
22.51044776539562,13,1.0,-8299
22.510504410301646,16,17.0,1273
22.511016501941622,15,4.0,-5940
22.51208861014841,15,3.0,-6055
22.512882406029217,13,1.0,-8254
22.514006453693565,13,1.0,-8133
22.51475910982196,13,6.0,-8288
22.51570458704833,17,2.0,-7132
22.51606513459795,16,17.0,5374
22.516301166926677,13,3.0,-8231
22.516905346770212,13,4.0,-8403
22.518445986927286,17,1.0,-5000
22.5186188470249,15,2.0,-5824
22.518710446913975,14,4.0,-8360
22.519063443203084,17,1.0,-6943
22.5197813274485,17,3.0,-1725
22.51994888732681,13,1.0,-8427
22.52067652720098,17,4.0,-4987
22.520778150634087,13,2.0,-8213
22.521282054572282,13,5.0,-8441
22.52338527383433,16,5.0,953
22.523423347930297,13,4.0,-8155
22.523797310979337,15,3.0,-6230
22.524046418429347,5,1.0,0
22.526825525371702,17,2.0,-6321
22.5269779127824,17,2.0,-532
22.528362434903293,5,1.0,0
22.528483162324786,15,2.0,-6293
22.528533611379082,15,1.0,-6148
22.528533611379082,17,1.0,-6148
22.530364998599445,17,2.0,-7848
22.531035516737944,15,30.0,-6042
22.53225716214431,17,22.0,-2928
22.533133567566583,1,4.0,7655
22.535527717587915,17,2.0,-4790
22.536077518881978,14,6.0,-8341
22.53639068736365,17,1.0,-3579
22.53666615120188,17,2.0,-5886
22.536874240355505,5,1.0,0
22.537666211571207,1,1.0,7656
22.539561357837428,17,1.0,-3921
22.53961502300003,13,3.0,-8459
22.54002746937725,13,2.0,-8204
22.540234219887108,15,2.0,-6096
22.540501802559447,15,5.0,-5997
22.541996157138236,13,3.0,-8379
22.54279575658114,7,17.0,7556
22.543117173991178,14,8.0,-8146
22.544863507661717,16,9.0,62
22.544993439707916,15,1.0,-5945
22.545470048926866,13,1.0,-8486
22.546646058766214,5,2.0,0
22.54731224455903,15,2.0,-6049
22.547371083039284,5,1.0,0
22.547381567212845,17,1.0,-3286
22.548657278622787,14,6.0,-8238
22.549733808465263,14,3.0,-8456
22.552780502697843,15,4.0,-6003
22.55301272702037,13,5.0,-8393
22.553726982955755,17,20.0,-1994
22.55525024467989,16,23.0,5199
22.5572664274843,17,1.0,-4200
22.559709928706685,15,7.0,-5763
22.559973080159416,15,3.0,-6185
22.56007029529706,15,1.0,-6231
22.560848404418728,16,6.0,5906
22.56168129237216,17,1.0,-7899
22.562482685582832,9,4.0,7585
22.56323463768976,17,1.0,-7453
22.56388588934905,5,2.0,0
22.565120737207167,14,1.0,-8418
22.566108038577447,17,3.0,-8055
22.5668324429278,15,1.0,-5914
22.567676776176846,17,3.0,-5970
22.567882286587977,14,5.0,-8258
22.568366036489085,15,3.0,-6132
22.56900478712247,5,4.0,0
22.56983160994953,5,3.0,0
22.5703999380919,14,4.0,-8123
22.57056905608543,5,8.0,0
22.572367784500976,14,3.0,-8279
22.572653150847714,5,2.0,0
22.572670945671796,17,2.0,-3315
22.57285876940672,5,51.0,0
22.573120746948344,10,30.0,7647
22.573784190818806,17,2.0,-3979
22.57397850877121,5,1.0,0
22.574768772442695,5,4.0,0
22.575245813763516,15,5.0,-5978
22.576360178491967,13,2.0,-8382
22.577915618337567,14,3.0,-8199
22.57829087960256,14,1.0,-8397
22.578306148204426,13,3.0,-8318
22.578540073375965,15,2.0,-6146
22.5786076468165,16,1.0,3163
22.579143651040425,13,1.0,-8177
22.579330344428072,16,11.0,5603
22.57963196347539,13,2.0,-8190
22.579976942164183,5,1.0,0
22.581184354526197,5,6.0,0
22.581436134674245,14,2.0,-8161
22.581659834406885,17,1.0,-1842
22.582965766045426,14,6.0,-8353
22.58352719294354,14,2.0,-8278
22.584435625831738,17,1.0,-3663
22.586113101501056,14,1.0,-8097
22.586203966148148,16,2.0,3731
22.58703219149127,15,1.0,-6073
22.58703219149127,17,1.0,-6073
22.587418563071743,5,1.0,0
22.58778600738759,11,6.0,7594
22.588294225690976,13,2.0,-8283
22.588912433079635,17,2.0,-4032
22.589311467671557,17,1.0,-364
22.59004414397637,5,4.0,0
22.591714333293382,15,1.0,-5806
22.59182406498531,15,4.0,-6174
22.59212331187771,13,3.0,-8320
22.59216717923115,5,3.0,0
22.592972723301138,16,12.0,5939
22.59374915206542,17,2.0,-2558
22.594753896934844,15,1.0,-5960
22.594783352409223,15,1.0,-5861
22.596405032715772,5,5.0,0
22.598410807694044,14,6.0,-8131
22.59845493244485,5,16.0,0
22.598506198045715,13,1.0,-8325
22.598854883920282,14,2.0,-8103
22.599275513871017,14,6.0,-8227
22.59941522710348,14,9.0,-8370
22.600245956274684,14,2.0,-8373
22.600964844229793,16,3.0,4603
22.60138064035319,5,3.0,0
22.603561144225214,13,2.0,-8383
22.603752414275426,15,1.0,-6070
22.60406335540336,13,1.0,-8503
22.60435286444947,17,4.0,-5987
22.60487561683096,13,3.0,-8435
22.6052816712639,13,4.0,-8476
22.605697289141695,16,7.0,1570
22.607075377326147,5,5.0,0
22.607112305644208,16,4.0,3911
22.607445339988693,17,1.0,-8062
22.60759406985464,17,1.0,-5608
22.608065630157117,17,31.0,-1703
22.60808812784675,5,1.0,0
22.61007128598446,15,7.0,-6094
22.610907892986106,5,1.0,0
22.610959951707052,14,5.0,-8111
22.612385131049244,13,2.0,-8361
22.61279913292578,14,3.0,-8270
22.613534424593695,13,2.0,-8413
22.613717566781727,13,1.0,-8410
22.61427147947983,13,1.0,-8491
22.61459979256973,17,9.0,-4715
22.61578490776435,14,1.0,-8291
22.615814593100026,13,1.0,-8127
22.615965159969576,7,7.0,7526
22.61626164191951,13,1.0,-8179
22.616672664042255,16,3.0,5224
22.617332689104078,15,1.0,-5865
22.617952883384405,15,1.0,-6322
22.618391109486865,17,2.0,-2636
22.619458519248504,16,4.0,5450
22.619527570625824,15,1.0,-5864
22.619602256130346,15,2.0,-6283
22.6196607073418,17,2.0,-172
22.620012011716273,14,6.0,-8468
22.621495785656922,15,4.0,-5937
22.621845423276216,15,3.0,-5954
22.62252353887451,13,1.0,-8348
22.622544520914452,15,2.0,-6261
22.622777307961506,15,1.0,-5927
22.623161157593067,5,26.0,0
22.623236295918172,13,2.0,-8153
22.62437834544218,10,8.0,7614
22.624608641830964,5,1.0,0
22.625200922187464,16,13.0,2671
22.625241302054143,13,2.0,-8306
22.625347248613814,15,1.0,-5846
22.625840175499025,17,1.0,-5465
22.626645176279993,17,3.0,-3169
22.627227141900324,5,1.0,0
22.628199230955776,5,2.0,0
22.6284436773145,7,8.0,7576
22.628806238602625,13,1.0,-8308
22.62940487774566,17,1.0,-8003
22.62986781335711,17,3.0,-942
22.630344451523772,13,1.0,-8264
22.63218802744563,5,4.0,0
22.632709065510948,15,1.0,-6289
22.63375656039318,15,2.0,-5772
22.63473529917639,15,7.0,-6081
22.635919289989225,16,6.0,1146
22.63610107147219,13,2.0,-8307
22.636546626547897,17,10.0,-2472
22.63830664926529,15,2.0,-6217
22.63830664926529,17,2.0,-6217
22.638411268209012,16,3.0,1631
22.638755546623663,14,3.0,-8117
22.640669092573624,5,1.0,0
22.641026932464378,15,1.0,-6144
22.64113390564489,13,8.0,-8484
22.642752729822433,13,9.0,-8423
22.643511334774548,13,5.0,-8200
22.644824261273666,17,1.0,-1706
22.645368811522967,113,59.0,-8309
22.645905440890502,13,2.0,-8252
22.647690724198984,14,2.0,-8450
22.647925829918137,14,6.0,-8121
22.648265857085153,10,5.0,7636
22.648933300883208,15,4.0,-6082
22.64926755047747,15,1.0,-5859
22.649305649486735,17,3.0,-4468
22.64996095418195,15,2.0,-6211
22.650585337228247,14,8.0,-8284
22.650735162722977,16,16.0,5548
22.651399541986592,14,1.0,-8102
22.651423814523998,17,4.0,-6613
22.652300239328632,13,9.0,-8377
22.652446792909377,17,4.0,-793
22.653759338211643,14,2.0,-8137
22.65398824323374,15,1.0,-5936
22.654832371277625,17,3.0,-3438
22.655205170429074,5,4.0,0
22.655383735935505,15,2.0,-6020
22.65622639576978,16,5.0,2294
22.656247150255062,17,2.0,-4005
22.65681119749366,113,48.0,-8335
22.65842182209277,14,4.0,-8315
22.65861989224598,17,1.0,-7233
22.658664997688756,17,6.0,-3931
22.658737355233434,5,11.0,0
22.660845871586666,17,3.0,-7139
22.661917600189252,13,6.0,-8365
22.661982406046384,15,14.0,-6308
22.662174402378692,17,3.0,-4500
22.66303772517166,11,3.0,7610
22.663226335008307,16,2.0,4457
22.663692228848763,17,2.0,-2360
22.663911876808424,113,30.0,-8311
22.665415854282042,13,2.0,-8392
22.665800762732285,13,1.0,-8412
22.666898251954986,13,1.0,-8483
22.668198533778707,17,1.0,-5139
22.66825413338083,13,2.0,-8188
22.66954942891723,17,1.0,-4522
22.671234884771028,16,4.0,7383
22.671347118329926,13,1.0,-8187
22.671940974948644,14,4.0,-8286
22.672620808523913,15,2.0,-5813
22.674135698158018,14,3.0,-8466
22.675022167954562,13,3.0,-8430
22.676124498985864,14,2.0,-8257
22.67790249859463,17,8.0,-4784
22.678488180421986,5,2.0,0
22.678921316548326,14,5.0,-8185
22.679779491341133,15,3.0,-6191
22.680431389551824,16,1.0,1415
22.681433231658147,17,2.0,-6801
22.681445235657694,17,5.0,-5669
22.681658924160317,13,4.0,-8105
22.681849539511173,15,3.0,-6072
22.68301538760896,17,1.0,-3305
22.683535720467592,17,1.0,-5964
22.68390886098853,13,8.0,-8209
22.68446762738765,17,1.0,-4633
22.685125585109642,15,2.0,-6079
22.685672761085765,15,3.0,-6119
22.68578117837511,17,1.0,-663
22.687517837139428,15,5.0,-6011
22.688208433356486,14,3.0,-8396
22.68938470581489,15,5.0,-5814
22.69087904706759,15,1.0,-5957
22.691240340865054,13,3.0,-8368
22.692208503849415,13,26.0,-8458
22.693144442031507,5,1.0,0
22.695719886803946,13,1.0,-8340
22.695978947630763,15,5.0,-5955
22.69659440614517,16,24.0,4993
22.696609441209034,13,3.0,-8331
22.69709031269011,15,4.0,-6169
22.69824476331303,17,2.0,-7355
22.69992447466012,5,3.0,0
22.700571227572123,15,2.0,-5935
22.70087673481485,17,2.0,-6203
22.70091916946744,13,6.0,-8472
22.701034791165934,16,5.0,5733
22.702630813615343,17,9.0,-6087
22.702828550357665,17,4.0,-7040
22.703741389098752,15,3.0,-5932
22.704419531576523,5,2.0,0
22.704894535460962,6,6.0,7620
22.706910256349378,13,1.0,-8173
22.707076604634917,5,2.0,0
22.707314710474954,16,3.0,7022
22.708706957614414,17,1.0,-3158
22.710671797637282,16,2.0,6203
22.711077121415542,16,8.0,4630
22.711268873333772,5,4.0,0
22.71143634890307,13,3.0,-8394
22.71143634890307,17,3.0,-8394
22.71164908188311,1,2.0,7657
22.711802547626988,13,1.0,-8434
22.712165564302904,5,3.0,0
22.713866695965212,13,1.0,-8344
22.71547511541395,13,1.0,-8245
22.715860992591438,14,2.0,-8347
22.71681819921902,14,4.0,-8192
22.717375136268686,13,1.0,-8201
22.717375136268686,17,1.0,-8201
22.718653298716,17,1.0,-5085
22.720076837672355,16,1.0,3240
22.72020145002401,5,2.0,0
22.72025049364666,15,13.0,-5766
22.721168368053952,13,4.0,-8474
22.721383118861358,13,1.0,-8366
22.722147520744684,14,3.0,-8166
22.722147520744684,17,3.0,-8166
22.7222729959166,5,2.0,0
22.723256264959733,17,3.0,-6778
22.724084924744783,15,2.0,-6137
22.72411159617887,17,3.0,-6553
22.725552021825763,5,1.0,0
22.725560157747847,5,4.0,0
22.726503884245446,15,1.0,-5976
22.72651935010205,15,1.0,-6209
22.72659679484448,17,2.0,-5340
22.72759831171941,13,2.0,-8400
22.72787655218195,15,1.0,-5925
22.72810121394518,14,6.0,-8343
22.728940330646086,14,4.0,-8402
22.729238374236083,13,2.0,-8115
22.729249083102403,14,1.0,-8233
22.729249083102403,17,1.0,-8233
22.730500213297937,15,1.0,-6213
22.730500213297937,17,1.0,-6213
22.732895682770025,17,6.0,-8010
22.733690347989135,15,1.0,-6165
22.733690347989135,17,1.0,-6165
22.73466884817681,13,1.0,-8363
22.734984397500845,13,6.0,-8493
22.73539196151017,16,3.0,5684
22.73570623607346,4,9.0,7658
22.735976437927793,16,5.0,4320
22.73615657204735,13,3.0,-8414
22.73615657204735,17,3.0,-8414
22.7362685100255,13,4.0,-8453
22.7362685100255,17,4.0,-8453
22.737767762647778,15,2.0,-6228
22.739180224651008,13,1.0,-8395
22.742581494958056,5,3.0,0
22.74362250691569,14,4.0,-8148
22.74384899129563,17,1.0,-1851
22.744843820868212,5,4.0,0
22.745044398029073,17,1.0,-7906
22.74516659691467,14,7.0,-8222
22.74516659691467,17,7.0,-8222
22.74574175150925,15,8.0,-6050
22.746141446587878,15,1.0,-6139
22.750197858153335,16,9.0,4400
22.750539841824374,13,9.0,-8421
22.750658021948155,17,1.0,-6002
22.75084606481173,17,2.0,-5291
22.752165882645254,13,1.0,-8228
22.752214230724483,17,1.0,-8043
22.75303393163633,17,1.0,-5388
22.753726173198267,5,3.0,0
22.755436027737733,15,5.0,-6000
22.756014467879993,5,4.0,0
22.75618026953966,13,2.0,-8386
22.75618026953966,17,2.0,-8386
22.7565805783281,17,26.0,-7167
22.756645775716137,11,43.0,7432
22.756798528642868,17,2.0,-7585
22.758326025618434,17,1.0,-2192
22.761289368984393,16,1.0,4740
22.76132974473941,13,2.0,-8304
22.76132974473941,17,2.0,-8304
22.761557734382535,16,4.0,268
22.761782635980335,17,2.0,-6820
22.76383355679237,5,2.0,0
22.76622073333893,5,1.0,0
22.766352284218858,15,1.0,-5920
22.766452986218557,13,5.0,-8287
22.767691303325744,15,23.0,-6319
22.769964981746757,16,2.0,2689
22.770046592946734,13,2.0,-8189
22.770046592946734,17,2.0,-8189
22.771136983080495,14,4.0,-8104
22.771136983080495,17,4.0,-8104
22.77263404197622,17,2.0,-5104
22.77310204924689,14,1.0,-8319
22.77310204924689,17,1.0,-8319
22.77511731909111,113,48.0,-8154
22.775629902859652,17,3.0,-7700
22.776532869787623,3,7.0,7659
22.777170777608916,13,1.0,-8473
22.777889993158347,7,5.0,7227
22.778469480277526,15,11.0,-5897
22.778954954542243,17,5.0,-2765
22.779040084977513,15,1.0,-6010
22.780506468411463,13,4.0,-8485
22.78074993094234,14,6.0,-8462
22.782866638011555,14,14.0,-8142
22.782884961519166,17,2.0,-4402
22.783381743495614,5,1.0,0
22.783563031238508,16,9.0,1250
22.783674816171633,15,3.0,-6104
22.783753221513514,4,18.0,7660
22.78385674740172,13,8.0,-8449
22.78462743686148,5,11.0,0
22.785028741109077,13,1.0,-8101
22.78541281132361,13,3.0,-8129
22.78567958900308,15,2.0,-5809
22.78744994180924,15,2.0,-6083
22.78779775155341,15,4.0,-6310
22.7887239269187,17,1.0,-1072
22.790419900327624,15,1.0,-6127
22.790419900327624,17,1.0,-6127
22.79080079854071,7,3.0,7630
22.791066206489198,17,2.0,-295
22.793753538855444,15,7.0,-5870
22.79453077051603,15,6.0,-6245
22.79453077051603,17,6.0,-6245
22.795324877949206,13,3.0,-8181
22.79555473741497,14,3.0,-8475
22.796149025660377,5,1.0,0
22.796474222837876,15,9.0,-5912
22.79689134661095,13,1.0,-8266
22.79689134661095,17,1.0,-8266
22.797072956719077,17,7.0,-5966
22.797997471955206,13,2.0,-8334
22.799656864005552,15,1.0,-5821
22.800448800569526,5,2.0,0
22.800544934324627,13,2.0,-8132
22.801210619206753,17,3.0,-7909
22.80327778846755,13,12.0,-8482
22.803652176140368,15,20.0,-5991
22.8038011585883,16,8.0,3603
22.804035739030883,5,2.0,0
22.806127665821116,5,4.0,0
22.806220876644815,17,5.0,-1715
22.806518556875677,13,2.0,-8404
22.806518556875677,17,2.0,-8404
22.806696453900248,13,4.0,-8261
22.807117365973696,13,1.0,-8239
22.80718324915282,15,10.0,-5761
22.80806297912992,5,1.0,0
22.809158735836313,17,2.0,-4983
22.80924769048464,113,39.0,-8502
22.81047568030383,15,6.0,-5789
22.811432074340296,17,1.0,-5786
22.813008595378196,13,1.0,-8465
22.813008595378196,17,1.0,-8465
22.81300880610792,14,1.0,-8443
22.81300880610792,17,1.0,-8443
22.813881879220638,16,14.0,4517
22.817140076347343,13,3.0,-8262
22.81720282569688,15,1.0,-5827
22.81720282569688,17,1.0,-5827
22.818784554510888,5,1.0,0
22.818884086908415,17,1.0,-596
22.820868923676308,15,1.0,-6107
22.821124660156993,15,7.0,-6126
22.822009026252015,15,2.0,-5829
22.82233053110434,5,1.0,0
22.82284334571242,14,1.0,-8225
22.82284334571242,17,1.0,-8225
22.823084882554845,15,2.0,-5793
22.82403632500574,5,3.0,0
22.824287663837566,14,4.0,-8145
22.824463081334354,5,4.0,0
22.82551929144987,13,1.0,-8246
22.826345243760287,16,42.0,1744
22.82709292301043,15,4.0,-5781
22.827425087930173,15,4.0,-5972
22.8275214700829,14,1.0,-8144
22.827630382020573,15,8.0,-6039
22.828819644421216,113,43.0,-8159
22.829368257586246,113,35.0,-8274
22.83039358778398,15,1.0,-5921
22.830990688362103,16,6.0,4557
22.831228817982055,13,1.0,-8282
22.831482547405603,13,17.0,-8289
22.833016569741552,17,5.0,-4628
22.833094325574063,5,1.0,0
22.834457452989046,17,4.0,-6406
22.8347082903228,17,1.0,-6796
22.835730396525594,16,5.0,4003
22.836412393815632,5,9.0,0
22.837185279755857,14,1.0,-8226
22.83833039319662,5,8.0,0
22.83838096028301,16,5.0,5598
22.838598764049088,16,4.0,6712
22.83895058861973,13,5.0,-8495
22.839745957841885,17,3.0,-3430
22.840239094349393,17,8.0,-2592
22.84083503869187,13,1.0,-8477
22.840977433074734,14,3.0,-8248
22.840977433074734,17,3.0,-8248
22.841517349311157,14,1.0,-8350
22.841517349311157,17,1.0,-8350
22.84159937787003,5,2.0,0
22.84289670185659,15,7.0,-6143
22.843005327697213,15,2.0,-5888
22.843005327697213,17,2.0,-5888
22.843126803498613,5,3.0,0
22.844341826147915,5,1.0,0
22.846414942888533,13,7.0,-8296
22.847008916869648,13,3.0,-8160
22.847707631187276,16,3.0,5310
22.84824973153427,14,4.0,-8448
22.84824973153427,17,4.0,-8448
22.84839953054133,17,4.0,-5568
22.849031315434154,17,2.0,-6066
22.849452891206955,7,2.0,7604
22.849748647279547,13,4.0,-8492
22.850008863365268,14,4.0,-8301
22.85009251272524,17,1.0,-7227
22.85037420892403,17,2.0,-7742
22.852278124790132,5,5.0,0
22.85254793014688,15,1.0,-6153
22.852913672174427,14,4.0,-8211
22.854071458227544,10,7.0,7659
22.85475344595578,17,60.0,-7635
22.855459823756465,15,2.0,-5934
22.85548503696812,5,3.0,0
22.855676122617588,13,3.0,-8164
22.85606694205362,15,4.0,-5804
22.856143420462775,5,7.0,0
22.856879177307995,16,5.0,3294
22.858849902077317,15,2.0,-5869
22.859545692274754,17,3.0,-2542
22.859562159766032,5,7.0,0
22.86004022792889,13,9.0,-8232
22.860936152446783,15,7.0,-6338
22.860936152446783,17,7.0,-6338
22.8626591853948,5,2.0,0
22.863681564307072,17,3.0,-554
22.864139817488322,5,5.0,0
22.865589783801557,6,5.0,7625
22.866239868915077,17,2.0,-5696
22.86640250881678,15,3.0,-6091
22.86645813931206,17,2.0,-4164
22.86705456287697,5,2.0,0
22.868081474510035,15,1.0,-6262
22.868231778970873,13,1.0,-8107
22.868231778970873,17,1.0,-8107
22.868348796852484,16,5.0,5723
22.869899140435123,15,2.0,-5835
22.86991275235332,15,1.0,-5776
22.871693913212766,5,1.0,0
22.872843327468196,15,2.0,-6014
22.873018150803425,14,7.0,-8330
22.873018150803425,17,7.0,-8330
22.87322244335866,15,4.0,-5873
22.87512612525639,15,1.0,-5851
22.875257839075317,17,5.0,-1872
22.877773348656824,16,2.0,4682
22.87866445030155,15,3.0,-6272
22.879093528520254,14,5.0,-8141
22.88019092240907,15,4.0,-5984
22.880248434527562,17,3.0,-5252
22.881022446153864,9,2.0,7595
22.882942727286725,13,4.0,-8221
22.88337107217944,15,4.0,-5801
22.88349932835895,16,4.0,7115
22.884780215426666,5,1.0,0
22.885385191832444,15,2.0,-6326
22.885616923640193,15,22.0,-6176
22.886149761047037,13,7.0,-8488
22.886149761047037,17,7.0,-8488
22.886469751528196,5,51.0,0
22.887001992362134,5,1.0,0
22.887801466319267,11,44.0,7599
22.88865170975621,15,4.0,-5767
22.889682355908544,16,2.0,6893
22.891352191866517,9,6.0,7542
22.892723634705366,13,8.0,-8176
22.89288976826855,17,3.0,-5331
22.893325528057755,13,1.0,-8183
22.894016175508366,13,3.0,-8444
22.89491176966014,5,3.0,0
22.898941212660453,16,3.0,1793
22.899691723943203,15,3.0,-6029
22.8997516389033,13,1.0,-8317
22.8997516389033,17,1.0,-8317
22.899760230327846,5,6.0,0
22.89990404095751,16,1.0,2807
22.900489192962894,17,2.0,-6698
22.903676216571732,16,3.0,6947
22.904621808676303,15,3.0,-5950
22.904793749935102,14,3.0,-8195
22.904852731455673,17,1.0,-7250
22.906866048400413,13,4.0,-8437
22.90723229125995,13,3.0,-8460
22.90725831395905,17,3.0,-4007
22.910687549525566,5,3.0,0
22.911127952818966,15,7.0,-5930
22.911618939198075,14,3.0,-8314
22.911618939198075,17,3.0,-8314
22.911874357246873,17,2.0,-3021
22.912713132443226,10,19.0,7653
22.913123018407646,15,5.0,-6224
22.914177378984505,14,1.0,-8109
22.914177378984505,17,1.0,-8109
22.914484287806488,13,3.0,-8273
22.914943548464173,13,1.0,-8327
22.915505469896846,13,1.0,-8415
22.915505469896846,17,1.0,-8415
22.91646764451004,15,5.0,-5928
22.917422448278217,15,1.0,-6315
22.917541294939348,17,2.0,-902
22.91791186243333,4,3.0,7661
22.918109913094984,13,1.0,-8452
22.918376649547987,14,1.0,-8411
22.918376649547987,17,1.0,-8411
22.92122146193159,5,3.0,0
22.921366812451367,17,42.0,-6418
22.924953156166918,5,3.0,0
22.92502587471792,5,9.0,0
22.925634040975066,13,3.0,-8178
22.92581812480481,13,7.0,-8433
22.92581812480481,17,7.0,-8433
22.92659271844041,16,1.0,5929
22.927549195068778,13,1.0,-8122
22.92854554201523,13,1.0,-8372
22.928807438110365,5,33.0,0
22.929389733168815,5,1.0,0
22.930067377916796,14,4.0,-8494
22.931259725596348,5,4.0,0
22.931455456204667,15,1.0,-6207
22.931902579180058,5,34.0,0
22.932893331818388,15,1.0,-5868
22.93349987716468,17,25.0,-5314
22.93379460699959,16,40.0,413
22.934365387662385,14,4.0,-8100
22.934634691137493,13,1.0,-8193
22.93474082436506,13,1.0,-8095
22.93474082436506,17,1.0,-8095
22.936084875766518,16,5.0,3040
22.936799198929226,5,1.0,0
22.937527087332743,17,5.0,-4501
22.94003739020934,13,8.0,-8215
22.940077381009104,17,2.0,-5706
22.940198027529668,15,2.0,-6100
22.940527327026395,14,2.0,-8406
22.940527327026395,17,2.0,-8406
22.941002051255357,15,3.0,-6040
22.941440975188588,17,1.0,-3720
22.94156929787969,6,31.0,7530
22.94385451574101,13,2.0,-8243
22.94408037348421,15,1.0,-6084
22.94475253945551,16,17.0,5097
22.945667809795157,17,1.0,-6069
22.946582801399785,6,2.0,7657
22.947642315338037,5,1.0,0
22.948021545928057,15,2.0,-6280
22.948083514510067,17,1.0,-1446
22.94828931783739,5,1.0,0
22.948521229033762,5,3.0,0
22.95064705544239,17,3.0,-2386
22.950698872102016,17,7.0,-7246
22.951769109073112,17,4.0,-6045
22.952164368175726,17,1.0,-5718
22.95216530556632,13,1.0,-8128
22.953258555371733,14,1.0,-8256
22.953258555371733,17,1.0,-8256
22.953403649194787,17,1.0,-6470
22.95360312009801,14,4.0,-8207
22.956375389488343,17,2.0,-3798
22.958009875004915,15,1.0,-5862
22.95804125215907,5,2.0,0
22.958332310381383,17,3.0,-7487
22.95894114174579,13,1.0,-8446
22.95894114174579,17,1.0,-8446
22.960361812637828,15,1.0,-6255
22.961023654341094,13,2.0,-8369
22.96166229927958,14,2.0,-8429
22.963364635967007,17,1.0,-4508
22.96355021171939,17,5.0,-5488
22.963555662819235,5,2.0,0
22.964645030210335,5,2.0,0
22.96474691359467,5,2.0,0
22.964807751783276,16,6.0,2731
22.966805844383874,13,1.0,-8249
22.967306615367168,15,3.0,-6235
22.967893717528614,17,3.0,-5508
22.968096021706163,15,3.0,-6259
22.96882123159444,5,2.0,0
22.96893032076177,17,2.0,-4291
22.96928331972851,17,2.0,-4477
22.969394926453788,13,3.0,-8375
22.969673863598977,16,3.0,3277
22.970216603572737,14,4.0,-8242
22.970725916653407,15,2.0,-5874
22.97122216666483,17,1.0,-4924
22.973489453199097,15,1.0,-6121
22.97421687750898,15,2.0,-6052
22.97532954070323,17,4.0,-1604
22.975437290989408,17,1.0,-5282
22.976227090720336,5,6.0,0
22.976469109934822,5,46.0,0
22.977303791405078,17,2.0,-6415
22.978123624274215,13,2.0,-8440
22.97844788787794,17,1.0,-3662
22.978812884982894,13,2.0,-8260
22.979645761039645,5,2.0,0
22.980686058814133,5,1.0,0
22.981292923737886,13,2.0,-8208
22.981292923737886,17,2.0,-8208
22.98136698994652,17,3.0,-7438
22.982012680911854,15,5.0,-6131
22.983735045562785,17,4.0,-5867
22.98391958380593,17,1.0,-7846
22.984624323464544,17,1.0,-7530
22.985118750334944,14,11.0,-8300
22.985195597416833,5,10.0,0
22.986367184972522,13,2.0,-8487
22.986561968874287,16,14.0,4799
22.98815228520151,5,6.0,0
22.988678030894153,15,3.0,-5830
22.989616347204777,15,1.0,-6304
22.990228263684763,17,8.0,-6916
22.990674811637756,13,1.0,-8461
22.99207470536008,15,6.0,-6222
22.99263910125535,14,1.0,-8108
22.992842880671635,14,2.0,-8241
22.994722202718663,17,1.0,-5318
22.995499310821543,13,8.0,-8169
22.995499310821543,17,8.0,-8169
22.995662877165934,6,2.0,7554
22.99655512301511,15,1.0,-5881
22.997629317712377,5,1.0,0
22.998018067189182,14,3.0,-8172
22.999262627452605,14,2.0,-8165
22.999262627452605,17,2.0,-8165
23.00184799638312,13,1.0,-8590
23.002103122635283,15,3.0,-6569
23.005588259877115,15,2.0,-6675
23.00632120282973,5,1.0,0
23.00758155076187,15,1.0,-6700
23.008927152721768,13,1.0,-8833
23.009208875966692,16,32.0,928
23.011282449301095,5,2.0,0
23.012718416472648,3,2.0,7662
23.013131108936808,5,4.0,0
23.01499497184551,13,1.0,-8656
23.01818762474772,14,3.0,-8634
23.019594297877788,15,1.0,-6376
23.02055695151178,13,1.0,-8664
23.02127254654287,7,1.0,7629
23.0225166396049,18,,0
23.022604435214063,103,38.0,7663
23.023544067763826,17,5.0,-6330
23.02489995921456,5,1.0,0
23.025104126878915,14,1.0,-8757
23.026507900135766,5,6.0,0
23.026510673946778,10,4.0,7627
23.027155464031193,15,3.0,-6773
23.029005248320093,13,2.0,-8618
23.02970493455593,15,7.0,-6584
23.029958396288848,9,1.0,7518
23.03097650095784,5,6.0,0
23.03141084519727,5,3.0,0
23.032349500188257,13,3.0,-8879
23.034672036555996,13,1.0,-8889
23.034872027211904,15,1.0,-6556
23.036692577117893,15,1.0,-6863
23.03677316466613,13,2.0,-8702
23.037179077155116,14,2.0,-8678
23.037411844652247,13,1.0,-8766
23.037782442605963,14,10.0,-8625
23.03870488454828,5,1.0,0
23.038794187964577,16,1.0,2920
23.040133613174977,14,2.0,-8865
23.040894059620136,16,7.0,5533
23.04275195815026,17,2.0,-4170
23.043487647450288,6,5.0,7652
23.04369036437246,13,4.0,-8671
23.04385252575471,14,5.0,-8703
23.044336090719735,13,2.0,-8655
23.045426486496144,7,3.0,7609
23.04549726514165,14,3.0,-8574
23.045704426112554,13,1.0,-8675
23.045972182995875,15,1.0,-6506
23.04720864569969,5,1.0,0
23.047542475941178,5,1.0,0
23.047770369788925,16,29.0,4676
23.04987756654141,16,3.0,6940
23.050199281425822,14,1.0,-8628
23.050603889104995,15,1.0,-6348
23.05071842668316,13,2.0,-8643
23.050853569950345,15,2.0,-6782
23.05297055669122,15,1.0,-6385
23.053061440229058,15,2.0,-6549
23.053061440229058,17,2.0,-6549
23.053064719381148,16,25.0,2958
23.053630386142515,7,7.0,7557
23.054962623138124,10,3.0,7661
23.05801858093209,13,1.0,-8541
23.05854423116384,7,2.0,7621
23.05926726333122,7,1.0,7578
23.059882030635084,13,1.0,-8882
23.059932808039736,17,2.0,-1189
23.060692709253296,13,40.0,-8788
23.061082745802118,13,1.0,-8599
23.061121804272855,13,4.0,-8635
23.062206614362694,15,2.0,-6869
23.062649790440187,113,47.0,-8787
23.063327603783975,15,9.0,-6521
23.065278463322503,14,4.0,-8505
23.06576369074367,15,1.0,-6412
23.065853096904547,7,7.0,7564
23.0700144146438,13,1.0,-8732
23.071970209279765,13,33.0,-8617
23.072438480977265,15,1.0,-6871
23.072604592829414,13,8.0,-8626
23.072670373607398,15,1.0,-6649
23.073095847322495,17,2.0,-2819
23.07425427440842,13,3.0,-8553
23.074406995320178,13,2.0,-8575
23.077109085198167,15,4.0,-6451
23.08353078071568,15,4.0,-6787
23.084106638602627,13,17.0,-8568
23.084610073369017,5,4.0,0
23.08619934886305,14,3.0,-8667
23.086374080476485,14,5.0,-8565
23.087022887598245,6,4.0,7655
23.087362814246188,13,1.0,-8504
23.091371254259066,13,7.0,-8798
23.092176805796296,15,1.0,-6568
23.092791830820826,14,4.0,-8521
23.093344605720826,15,2.0,-6837
23.093702455432986,15,2.0,-6696
23.0943510534813,13,8.0,-8707
23.09717993859294,5,3.0,0
23.097517442277564,14,1.0,-8715
23.09757363089567,5,4.0,0
23.09770686694422,13,1.0,-8801
23.097905636773536,5,4.0,0
23.098164127764097,13,4.0,-8593
23.09897039660808,14,29.0,-8895
23.099029911696498,14,6.0,-8527
23.0993236841895,15,5.0,-6885
23.099455290050738,14,1.0,-8894
23.100824145125728,15,2.0,-6720
23.101706158143337,16,33.0,1276
23.102980678469752,14,3.0,-8579
23.104227342463087,15,1.0,-6921
23.104870472465567,5,1.0,0
23.1050342492254,15,2.0,-6533
23.10579611126321,5,1.0,0
23.106784373325468,16,6.0,4192
23.10704564014384,15,1.0,-6471
23.10914997980252,15,1.0,-6525
23.10914997980252,17,1.0,-6525
23.11274970023776,13,8.0,-8651
23.112889610525865,17,11.0,-2545
23.113202906147613,16,3.0,7119
23.114480652142905,13,5.0,-8602
23.115075916194314,5,1.0,0
23.115205813199047,16,59.0,1200
23.115721910346593,17,1.0,-3512
23.11591465092973,5,2.0,0
23.117494216202857,14,2.0,-8526
23.118143333671547,11,4.0,7611
23.118158882300893,14,5.0,-8789
23.119256191621893,15,3.0,-6523
23.119385176208887,14,1.0,-8744
23.12268005109399,13,4.0,-8754
23.124720920012603,13,4.0,-8616
23.125590300582534,5,4.0,0
23.127522749335103,15,1.0,-6686
23.12804502235981,10,8.0,7635
23.130684769025628,16,6.0,4807
23.131716627543312,15,6.0,-6633
23.131716627543312,17,6.0,-6633
23.131798604289028,13,6.0,-8592
23.132200566927708,5,2.0,0
23.132270458834864,15,2.0,-6818
23.133537077409162,5,2.0,0
23.13441274269007,15,1.0,-6395
23.135804677582385,13,1.0,-8827
23.136506560500294,15,3.0,-6832
23.13889832873778,17,46.0,-1836
23.14030078838074,13,1.0,-8515
23.141179423046168,15,1.0,-6739
23.141349879412825,5,2.0,0
23.141986886251416,13,4.0,-8845
23.143142186345703,13,5.0,-8657
23.14314751471838,5,5.0,0
23.143312832029707,17,1.0,-6263
23.144338472549663,5,7.0,0
23.146532742015662,7,5.0,7509
23.14689208038608,13,5.0,-8751
23.147293610196392,16,2.0,2621
23.14737042872312,15,3.0,-6379
23.148859641093697,5,5.0,0
23.14895739309256,15,1.0,-6683
23.14903322568247,15,1.0,-6383
23.14957591465985,5,3.0,0
23.15043951957745,7,2.0,7559
23.15106537651511,15,1.0,-6660
23.1510861615865,14,1.0,-8586
23.152660751421738,17,3.0,-2179
23.15477398123358,17,44.0,-366
23.155389285858774,17,1.0,-3569
23.156012603947474,13,1.0,-8620
23.15722777095931,13,1.0,-8712
23.157909665254813,5,5.0,0
23.15793146824417,13,1.0,-8870
23.158380921905852,5,2.0,0
23.15871990054392,15,2.0,-6394
23.15871990054392,17,2.0,-6394
23.159438625144865,15,1.0,-6794
23.159844112372227,13,5.0,-8654
23.16222839582372,13,1.0,-8884
23.163040537666447,15,20.0,-6904
23.163225215260326,13,2.0,-8843
23.163246109702534,15,3.0,-6884
23.165496748734263,13,6.0,-8763
23.16614203181867,6,5.0,7632
23.16630337969513,16,2.0,4650
23.167002583606717,15,3.0,-6550
23.169065366988285,13,1.0,-8729
23.16960375884524,5,1.0,0
23.170461735845787,5,4.0,0
23.170896988670368,14,1.0,-8607
23.17206617822869,16,2.0,5885
23.17259492347764,1,1.0,7664
23.172922576170663,14,1.0,-8713
23.17299271842825,14,3.0,-8601
23.173426600517683,13,1.0,-8762
23.173440104955127,5,5.0,0
23.17464070973162,13,1.0,-8506
23.174821479668676,17,6.0,-2861
23.174849080185325,15,6.0,-6563
23.17560104577495,14,4.0,-8875
23.177885339371787,13,1.0,-8559
23.17962111909158,17,4.0,-2700
23.18118749004139,17,2.0,-2077
23.18205027827972,15,2.0,-6377
23.182348261571175,13,2.0,-8725
23.183717922738285,15,1.0,-6355
23.18499671054599,13,2.0,-8880
23.186472103965784,3,5.0,7665
23.186723249474717,5,10.0,0
23.18775324315929,15,2.0,-6641
23.188077237868214,17,4.0,-2562
23.18828987069909,15,2.0,-6432
23.188967655172526,5,3.0,0
23.189555173894178,5,5.0,0
23.190437428251617,5,3.0,0
23.19354961897521,15,3.0,-6625
23.193569136115606,15,1.0,-6574
23.196091920803756,113,53.0,-8836
23.196204068639897,15,4.0,-6621
23.198156222321387,5,1.0,0
23.19892011461453,15,2.0,-6749
23.199242118449117,15,2.0,-6619
23.199342856244986,15,3.0,-6814
23.200776968308837,15,4.0,-6892
23.202856558242633,15,2.0,-6907
23.20326154554582,13,1.0,-8828
23.20389558175815,13,12.0,-8738
23.204111862754765,5,4.0,0
23.204121901599287,17,4.0,-3033
23.204307046665456,7,1.0,7562
23.204321848444362,15,1.0,-6843
23.204613060192578,13,2.0,-8771
23.20611771578033,13,2.0,-8596
23.206500441382488,13,46.0,-8554
23.206887491544073,5,4.0,0
23.207960715574185,15,1.0,-6706
23.20861406738208,16,47.0,3433
23.20904902550431,13,1.0,-8784
23.20921979349647,5,2.0,0
23.209244138379088,13,1.0,-8691
23.209547533044844,13,3.0,-8776
23.209792775740645,15,2.0,-6554
23.21076285352796,5,3.0,0
23.211047151407993,15,1.0,-6352
23.214088691592373,17,1.0,-3180
23.214139002215113,15,3.0,-6620
23.21486528232733,17,1.0,-1839
23.215018118035037,8,4.0,7655
23.215415312215846,15,5.0,-6463
23.215882162312504,13,1.0,-8782
23.21615083289053,15,3.0,-6365
23.216517581483675,7,2.0,7619
23.216517581483675,16,2.0,7619
23.217026339278483,15,8.0,-6842
23.21756593117447,5,6.0,0
23.219183801683716,5,4.0,0
23.219612556543403,15,4.0,-6507
23.219612556543403,17,4.0,-6507
23.219842395338574,15,1.0,-6768
23.22101209547317,17,1.0,-1497
23.22124652861268,13,1.0,-8755
23.222410124783558,15,1.0,-6735
23.222647547884236,15,4.0,-6498
23.22320057382531,14,1.0,-8536
23.223837297363136,16,3.0,5678
23.227498140812,5,2.0,0
23.228048527266086,5,3.0,0
23.2285197252817,13,8.0,-8692
23.228798866526486,17,1.0,-4578
23.230217786027335,5,3.0,0
23.23085444228584,5,1.0,0
23.233002847016735,16,7.0,1506
23.233246754033942,14,5.0,-8799
23.236438645540975,13,2.0,-8522
23.23731509948267,17,4.0,-5681
23.237577479829195,6,16.0,7602
23.237636210489796,13,2.0,-8511
23.237899759875376,16,43.0,91
23.23821958842307,17,13.0,-2912
23.238612276334727,17,2.0,-5722
23.240635928112624,17,2.0,-4442
23.241120230236724,13,1.0,-8797
23.241476410228206,5,6.0,0
23.244993843529592,17,1.0,-2538
23.245400587991035,17,1.0,-2878
23.245909929491425,15,3.0,-6876
23.246632558747613,15,1.0,-6411
23.246917664407075,16,1.0,7398
23.248183525610195,14,1.0,-8600
23.249148901481963,14,6.0,-8906
23.24946365787898,13,5.0,-8530
23.249622404834536,17,6.0,-3829
23.249807412348545,13,2.0,-8613
23.250750355011554,11,2.0,7589
23.25183089776276,113,40.0,-8631
23.252193057058836,14,1.0,-8862
23.252320893036075,16,2.0,5219
23.25254706016337,5,3.0,0
23.252692086471182,14,1.0,-8710
23.252736625393222,15,2.0,-6482
23.253541113125365,15,1.0,-6859
23.25636436057593,13,2.0,-8571
23.256644823214838,16,5.0,6629
23.25710663155355,13,1.0,-8649
23.25936430630474,13,1.0,-8733
23.260966436950547,11,34.0,7597
23.263360446264937,13,2.0,-8832
23.264018338507164,13,6.0,-8640
23.264100112594782,15,3.0,-6591
23.264150661940533,7,3.0,7598
23.26453621700224,13,1.0,-8823
23.264569423105552,13,2.0,-8850
23.264673154458713,5,2.0,0
23.264793515664007,13,1.0,-8665
23.26490439822996,16,2.0,4113
23.26644025137384,14,29.0,-8550
23.266559506769063,5,7.0,0
23.268022218746314,9,1.0,7568
23.26869699454525,15,8.0,-6603
23.26902234748843,15,2.0,-6807
23.269129420197046,5,1.0,0
23.270325915215583,17,4.0,-4080
23.270750045678973,15,2.0,-6790
23.27076109952542,14,8.0,-8598
23.271338320254838,13,6.0,-8876
23.271967126750084,5,1.0,0
23.272661484115552,16,9.0,2351
23.273941035821544,13,3.0,-8605
23.274014660977567,15,2.0,-6655
23.27423971089835,13,2.0,-8580
23.27476249121729,16,12.0,4840
23.275143322703325,13,2.0,-8899
23.278905157408428,13,2.0,-8534
23.279236377526463,13,1.0,-8747
23.28019788255677,15,1.0,-6774
23.280476316170187,13,1.0,-8673
23.28050435190032,15,3.0,-6697
23.2806618443964,15,5.0,-6543
23.283559259426394,13,2.0,-8584
23.28467056060391,15,4.0,-6642
23.284917277410646,14,4.0,-8873
23.28655205217937,10,9.0,7658
23.286850480214603,13,2.0,-8905
23.287043323122045,13,2.0,-8686
23.288595412038223,113,31.0,-8840
23.289083882889035,15,4.0,-6592
23.289184935987304,5,8.0,0
23.290725344717792,7,3.0,7612
23.2912515258177,15,4.0,-6455
23.291291402930963,13,2.0,-8646
23.29269546029976,14,3.0,-8706
23.292800246380317,13,1.0,-8705
23.295440250604702,5,3.0,0
23.29587798319302,13,3.0,-8677
23.296575790125924,13,6.0,-8866
23.298817732086427,17,5.0,-144
23.300224255888523,13,2.0,-8877
23.30225846866388,17,8.0,-5173
23.30554733950254,14,1.0,-8517
23.30566236715316,17,1.0,-4342
23.30711178118695,14,4.0,-8804
23.30823276595354,17,7.0,-1607
23.30845892293708,7,3.0,7493
23.3093465753035,15,2.0,-6748
23.311616494451403,14,2.0,-8679
23.311858101178895,15,1.0,-6496
23.312050549578192,15,5.0,-6458
23.31216940368366,9,50.0,7615
23.315122866421607,17,2.0,-4964
23.316021406515784,13,1.0,-8819
23.31641726786122,16,4.0,1524
23.318810934553188,16,7.0,2528
23.319094659274867,13,7.0,-8704
23.319590271367694,5,2.0,0
23.319766549353133,14,4.0,-8783
23.320316606715412,13,1.0,-8716
23.321824309603954,15,1.0,-6875
23.32191219381153,5,5.0,0
23.32295468521207,16,56.0,3476
23.323230101117076,13,1.0,-8817
23.32526201137354,5,1.0,0
23.325317392095464,15,2.0,-6855
23.325980499475943,15,13.0,-6372
23.32617498028408,13,3.0,-8621
23.32812199315439,17,11.0,-1914
23.32835235604147,14,1.0,-8807
23.33146382387593,15,3.0,-6466
23.331801858887655,5,18.0,0
23.33393764292713,5,2.0,0
23.334426327352453,15,1.0,-6559
23.334426327352453,17,1.0,-6559
23.33446781197699,17,5.0,-4521
23.335676224664695,5,7.0,0
23.33749609363631,15,4.0,-6896
23.33827267783654,9,4.0,7624
23.341220027164752,14,10.0,-8525
23.341901157362848,14,37.0,-8637
23.34335733972086,17,2.0,-3490
23.3460564560014,17,13.0,-2402
23.34621141605973,15,1.0,-6640
23.34816874233878,17,5.0,-4826
23.34913924211595,5,1.0,0
23.350625940549193,15,4.0,-6454
23.352183530479405,15,6.0,-6400
23.352186885419794,14,2.0,-8898
23.352410744516085,17,1.0,-2735
23.354723940754067,14,8.0,-8839
23.35502793432232,13,1.0,-8753
23.355801635421592,7,2.0,7579
23.35603674160964,5,1.0,0
23.35611272636991,17,2.0,-5638
23.356180155078743,15,2.0,-6595
23.35694533392013,14,15.0,-8871
23.357564243305752,17,3.0,-3060
23.35861255377732,15,1.0,-6846
23.359889931211665,13,2.0,-8909
23.360785100963664,13,1.0,-8792
23.362250856928572,13,1.0,-8647
23.362560916243922,17,4.0,-2863
23.362636208222273,15,1.0,-6492
23.363064093151404,16,2.0,5092
23.363250171753194,5,1.0,0
23.363612791203018,17,1.0,-362
23.363868199146918,13,1.0,-8781
23.36428906475713,5,3.0,0
23.365396729860592,13,2.0,-8623
23.36551630149666,13,9.0,-8907
23.367783152549848,16,2.0,3124
23.36982809428762,13,5.0,-8578
23.36987159255606,5,2.0,0
23.371412146872174,13,5.0,-8901
23.372011145693968,5,9.0,0
23.37406816438403,14,8.0,-8818
23.375534569963794,17,1.0,-2450
23.375804873798202,5,5.0,0
23.376547291849302,13,2.0,-8831
23.377232918277286,17,5.0,-4121
23.37737564107662,7,2.0,7540
23.377686003567987,15,3.0,-6465
23.378180476907747,14,1.0,-8685
23.37945792037948,15,5.0,-6420
23.3805423710462,13,3.0,-8720
23.381415263945968,5,3.0,0
23.384712367939205,15,2.0,-6841
23.38671768652406,14,8.0,-8638
23.389735854481494,17,2.0,-2799
23.39063832695915,14,1.0,-8822
23.39081180715375,15,4.0,-6656
23.390867316775815,15,3.0,-6423
23.391660221927896,5,49.0,0
23.392696412809855,5,4.0,0
23.392911310786126,13,1.0,-8808
23.39341608888267,15,5.0,-6435
23.393430127410756,15,1.0,-6405
23.39374681319039,14,12.0,-8881
23.394067213393594,5,4.0,0
23.39408895816984,13,1.0,-8531
23.39428929690182,14,1.0,-8852
23.395463599933503,16,59.0,148
23.39652329837491,5,3.0,0
23.397494461232153,5,1.0,0
23.39808666033171,14,1.0,-8910
23.39812460991859,14,3.0,-8622
23.39961588413355,15,1.0,-6877
23.399905397158047,5,3.0,0
23.40036832923441,13,2.0,-8636
23.400509558232486,13,4.0,-8509
23.402145314171616,15,1.0,-6708
23.402826765506596,5,13.0,0
23.404215876561963,15,3.0,-6389
23.40453047746786,13,3.0,-8693
23.404878387868706,17,2.0,-352
23.4074569736036,15,16.0,-6350
23.408011801426483,5,2.0,0
23.408168970028928,13,3.0,-8644
23.408174720248464,14,1.0,-8774
23.409583789534718,13,1.0,-8805
23.410481865557664,14,2.0,-8856
23.410488626931006,14,3.0,-8794
23.41049889920004,13,3.0,-8624
23.410868223348256,13,1.0,-8896
23.411493074652764,13,1.0,-8535
23.411762303871765,16,7.0,1827
23.412523427496645,17,5.0,-5584
23.41419995971834,113,35.0,-8508
23.420035481440856,16,5.0,4741
23.422916624222097,17,3.0,-2967
23.423519923650097,13,2.0,-8790
23.423552312919334,15,4.0,-6750
23.423984694853843,14,1.0,-8810
23.424057217744227,17,7.0,-2079
23.424242270037407,13,2.0,-8659
23.424618311793687,17,1.0,-3495
23.426148932953637,15,3.0,-6760
23.42634989567694,15,1.0,-6479
23.427256973229227,15,1.0,-6434
23.427718544833382,15,2.0,-6561
23.42967474158449,13,2.0,-8632
23.430303346044553,16,2.0,4887
23.4310292875095,5,1.0,0
23.43153282302216,15,6.0,-6679
23.43291268794063,17,2.0,-1743
23.433373387799403,14,2.0,-8687
23.43353675813847,13,2.0,-8630
23.43597966601822,7,2.0,7463
23.436306488039857,13,6.0,-8641
23.436559987842198,13,1.0,-8549
23.4384357370114,15,2.0,-6908
23.439681401301865,13,1.0,-8734
23.440676750132326,13,1.0,-8681
23.441348389129917,15,10.0,-6508
23.441707208552714,13,2.0,-8721
23.441774712255185,5,4.0,0
23.441860919753687,8,2.0,7606
23.44229089710933,5,1.0,0
23.443129608962796,14,2.0,-8848
23.445132357006432,15,1.0,-6558
23.445463960066604,16,5.0,1054
23.44737279889464,13,3.0,-8523
23.447533534388786,16,30.0,872
23.44820815245462,17,4.0,-1246
23.44848040941271,17,6.0,-4834
23.44877940659624,15,3.0,-6545
23.449550330740518,5,1.0,0
23.449601132613456,15,7.0,-6754
23.450410050722486,13,1.0,-8619
23.452071373504186,5,1.0,0
23.452094391419315,17,1.0,-3681
23.45275405919583,16,55.0,1755
23.45431238207829,13,16.0,-8683
23.455124749727286,16,3.0,5952
23.456901407097078,14,8.0,-8668
23.45719441403058,13,2.0,-8728
23.45793068924627,16,10.0,2841
23.459171689209484,13,3.0,-8814
23.45931064255495,15,6.0,-6897
23.45931064255495,17,6.0,-6897
23.459444275866904,13,6.0,-8642
23.46113714236311,13,3.0,-8595
23.4618869205614,13,2.0,-8861
23.463922342223416,15,2.0,-6636
23.46455644470695,17,3.0,-4591
23.464803893954105,14,2.0,-8868
23.46493491683309,13,1.0,-8885
23.465652966721866,15,1.0,-6893
23.465964051341267,16,46.0,526
23.466447954042376,5,1.0,0
23.467486950283746,5,2.0,0
23.467989292421507,16,5.0,6494
23.46878400054569,15,59.0,-6457
23.46913963389885,5,3.0,0
23.470130171596942,5,22.0,0
23.470372196142527,17,2.0,-125
23.4703736017114,17,2.0,-433
23.47092820020245,16,12.0,2896
23.47115414134328,13,4.0,-8834
23.471185109055053,17,3.0,-7007
23.47224684462702,5,9.0,0
23.47463326077571,13,1.0,-8731
23.474852956689872,5,5.0,0
23.475623595907102,13,1.0,-8689
23.477331880078772,15,5.0,-6792
23.477650897353143,16,8.0,4302
23.478427640119314,16,29.0,5016
23.47939391128309,13,18.0,-8528
23.48157786275347,11,25.0,7622
23.481943459371294,1,2.0,7666
23.48233345550359,5,2.0,0
23.482473309445105,5,4.0,0
23.483242586010874,5,2.0,0
23.483588021733016,13,2.0,-8662
23.484834337161065,9,54.0,7596
23.486133874156046,5,3.0,0
23.486220820984414,13,2.0,-8633
23.48642998441086,15,2.0,-6391
23.48643754115753,11,3.0,7642
23.486867882996545,13,1.0,-8533
23.488551286400657,17,1.0,-2202
23.488922070868895,5,2.0,0
23.489694951993776,15,3.0,-6886
23.490606777708173,15,19.0,-6866
23.490944258346087,5,2.0,0
23.492930266054305,5,4.0,0
23.495203178549325,13,3.0,-8650
23.497306937395248,5,3.0,0
23.497481246173848,15,11.0,-6751
23.498158414521683,10,5.0,7665
23.501501766400985,5,18.0,0
23.501600340719992,17,2.0,-1616
23.502103818973378,14,4.0,-8569
23.50332557639069,3,17.0,7667
23.503645011872134,4,3.0,7668
23.505023457733515,5,4.0,0
23.505093515689886,15,2.0,-6452
23.507462775605074,13,3.0,-8813
23.509522487608173,17,23.0,-3140
23.51136889313635,13,1.0,-8815
23.511426219338972,15,7.0,-6724
23.512207164397257,15,1.0,-6530
23.51228164959691,17,2.0,-5341
23.51371411813233,14,3.0,-8748
23.51479174497971,15,1.0,-6486
23.516542869383887,15,2.0,-6579
23.5181766564237,13,5.0,-8890
23.518819997160136,13,3.0,-8780
23.51927757671248,14,5.0,-8608
23.519685597671632,13,1.0,-8851
23.52083244660209,16,1.0,2525
23.5219199170196,5,4.0,0
23.521996890409582,5,3.0,0
23.523011379861714,5,2.0,0
23.523496958856665,17,1.0,-6668
23.525282391448584,9,4.0,7465
23.52606800542227,15,15.0,-6560
23.52676160763798,11,5.0,7636
23.527535617620195,16,59.0,114
23.52769112677748,17,3.0,-5971
23.528336665678246,15,7.0,-6426
23.528838956940895,13,6.0,-8666
23.530114595627495,13,1.0,-8694
23.530892026505228,5,1.0,0
23.531403771279663,15,2.0,-6839
23.534263807019705,13,3.0,-8846
23.534780951152968,17,4.0,-2111
23.535509205227875,13,1.0,-8562
23.536315892914438,17,1.0,-7020
23.536737501563334,17,2.0,-4382
23.5381341630997,15,3.0,-6408
23.538405825281995,5,15.0,0
23.5385167616465,15,4.0,-6398
23.538904500765064,15,14.0,-6442
23.53911725927972,15,3.0,-6343
23.54126362619524,5,5.0,0
23.541347614368153,15,14.0,-6623
23.541525362952306,15,1.0,-6677
23.541713460236117,16,6.0,5415
23.54190394572478,5,3.0,0
23.543028373237075,17,2.0,-5031
23.54355909099077,17,3.0,-4401
23.543690812104067,17,3.0,-7763
23.543718801631478,5,17.0,0
23.545850589504767,15,1.0,-6378
23.546904966184805,10,7.0,7646
23.546943648526188,13,1.0,-8835
23.547756817613532,15,2.0,-6772
23.54803465726004,16,10.0,4074
23.54827027422664,15,1.0,-6635
23.549555881961453,13,4.0,-8510
23.549629507949582,17,1.0,-5660
23.549867298070588,5,3.0,0
23.551094363800857,16,1.0,4435
23.551357506812664,17,1.0,-3764
23.55294054142705,15,15.0,-6590
23.554202613105385,15,6.0,-6821
23.554331166391652,7,5.0,7632
23.555920433208,5,2.0,0
23.556368953170633,13,1.0,-8658
23.556880945734616,5,2.0,0
23.5572849783946,15,1.0,-6672
23.5572849783946,17,1.0,-6672
23.55811896631274,14,1.0,-8516
23.559355395875276,15,4.0,-6835
23.559726196520565,17,1.0,-5151
23.56159264209498,17,13.0,-7068
23.56280400773531,15,1.0,-6699
23.56335281715683,5,6.0,0
23.564169996686335,15,1.0,-6881
23.564665360294224,5,5.0,0
23.56522016404871,13,2.0,-8844
23.56694598304982,17,2.0,-4881
23.56711654828431,17,1.0,-1398
23.56756778957547,15,2.0,-6397
23.568829966740612,13,1.0,-8867
23.56908889373864,16,4.0,5572
23.57107709904341,15,1.0,-6917
23.571288220534782,14,1.0,-8639
23.57187689526691,13,3.0,-8581
23.572299290234106,15,1.0,-6737
23.572789505942566,13,2.0,-8520
23.573619507142457,15,4.0,-6480
23.573621875654577,5,5.0,0
23.575414330330847,13,3.0,-8874
23.576037890470047,13,1.0,-8722
23.576510445473915,13,10.0,-8761
23.577088517090974,14,4.0,-8519
23.578205925153103,17,1.0,-7939
23.579016553314858,6,1.0,7523
23.57958466424094,5,2.0,0
23.579863209568693,15,2.0,-6845
23.58043254015544,13,4.0,-8583
23.580457134387103,5,8.0,0
23.580625509493494,14,5.0,-8750
23.580684590045514,15,1.0,-6349
23.580980175166612,16,7.0,4527
23.58452007936732,13,2.0,-8735
23.585088890596722,13,1.0,-8897
23.58540659728743,17,3.0,-180
23.587052835176735,17,4.0,-6717
23.587087284315366,11,4.0,7644
23.587109312071867,17,4.0,-3565
23.58738317770317,15,1.0,-6596
23.587918328499075,17,7.0,-6639
23.590187227390736,5,2.0,0
23.591611890602543,17,6.0,-896
23.592395002625246,15,2.0,-6714
23.592489782096028,13,1.0,-8800
23.592861865181312,13,2.0,-8614
23.594008617181764,13,2.0,-8793
23.594091259522116,17,3.0,-3982
23.596332323426562,15,4.0,-6887
23.5964796843276,13,5.0,-8719
23.597193045635077,5,1.0,0
23.597249759495366,5,30.0,0
23.597259081789428,5,4.0,0
23.597386024295442,13,7.0,-8566
23.599208749355707,15,2.0,-6815
23.59970993027284,11,1.0,7631
23.600213928546058,5,18.0,0
23.60048731335934,14,1.0,-8564
23.600489824369028,16,1.0,4845
23.6015755495307,10,4.0,7600
23.602322192825294,16,2.0,7541
23.6032722500629,13,2.0,-8854
23.603278988847464,15,2.0,-6364
23.604673780268776,5,3.0,0
23.60622443115919,16,7.0,5495
23.60627791127081,14,4.0,-8878
23.607663286538262,17,1.0,-300
23.60842466654221,14,7.0,-8557
23.608804314729923,5,1.0,0
23.60882484628904,15,7.0,-6848
23.60938710950569,15,6.0,-6606
23.61003577755357,5,8.0,0
23.611104261317223,13,6.0,-8591
23.613036065194464,5,7.0,0
23.613301588469234,14,1.0,-8663
23.6143329177443,17,5.0,-1415
23.61510291710992,17,1.0,-751
23.620159509501374,5,1.0,0
23.620241214095554,15,2.0,-6721
23.62043457426475,17,1.0,-4953
23.620599475798247,13,1.0,-8688
23.621329347694722,17,2.0,-5944
23.62214966290515,11,30.0,7647
23.622199708182027,5,5.0,0
23.622219455522195,15,1.0,-6695
23.62283369838963,17,2.0,-3312
23.62349719827229,13,3.0,-8749
23.623565967528847,17,6.0,-5445
23.62390426851776,14,1.0,-8676
23.62413884853757,15,2.0,-6733
23.624632886502656,14,13.0,-8872
23.62569616954156,17,5.0,-5163
23.62655728847699,13,1.0,-8529
23.628513303744143,16,1.0,5863
23.628922521571337,15,3.0,-6575
23.629282349700638,13,2.0,-8900
23.6294492506929,14,2.0,-8742
23.62968454243689,13,4.0,-8904
23.629725825654447,13,4.0,-8824
23.632108929065698,13,5.0,-8855
23.632655371294184,15,2.0,-6922
23.635182816911158,13,2.0,-8857
23.637163603251654,113,50.0,-8829
23.637792437713216,15,3.0,-6646
23.638405654705117,17,2.0,-1167
23.63844287446215,17,1.0,-623
23.638510872283405,16,8.0,4097
23.63932902719022,17,1.0,-5953
23.63942606577927,17,3.0,-1016
23.639784617392532,13,2.0,-8864
23.640949443312294,14,4.0,-8698
23.641140708203764,4,8.0,7669
23.642050369055024,17,1.0,-6740
23.642427149835743,13,8.0,-8684
23.643687594958852,13,10.0,-8892
23.644468292212782,15,5.0,-6607
23.64607559615783,14,1.0,-8587
23.64732538174868,14,1.0,-8893
23.649067910530164,17,7.0,-1370
23.64926755047747,17,1.0,-5859
23.650513089732275,17,1.0,-6430
23.650750325338755,15,4.0,-6535
23.65091880672008,14,3.0,-8838
23.651313127043178,5,1.0,0
23.653357424522188,14,3.0,-8869
23.65353790956469,16,32.0,4280
23.654221932465383,15,4.0,-6528
23.654750625231454,15,9.0,-6444
23.655121024969276,17,5.0,-6105
23.655247211290856,17,1.0,-2906
23.655586808437732,17,1.0,-6682
23.656193403548674,15,9.0,-6833
23.656193403548674,17,9.0,-6833
23.656437156906982,5,5.0,0
23.65650417916223,17,1.0,-6292
23.656904747169435,14,2.0,-8796
23.65876376194341,13,12.0,-8577
23.66112130881691,15,6.0,-6616
23.661280053325974,16,5.0,4162
23.6636627456559,17,6.0,-1636
23.66387896363382,5,8.0,0
23.665057503642743,12,19.0,7653
23.666063885955495,13,1.0,-8690
23.667867042162033,5,1.0,0
23.668643505455975,15,3.0,-6850
23.668986190432054,13,6.0,-8746
23.67097957756194,5,12.0,0
23.672197508663757,5,4.0,0
23.672544166861304,15,4.0,-6830
23.673581968575917,17,4.0,-4625
23.673859819125653,13,1.0,-8891
23.674646505906953,14,7.0,-8542
23.675013189625467,5,1.0,0
23.67870394401132,14,8.0,-8769
23.67898976259001,15,24.0,-6725
23.679050858274422,15,3.0,-6460
23.681594998047032,16,6.0,4329
23.682025187653757,15,2.0,-6512
23.68288778962296,17,4.0,-7343
23.683151977815886,11,45.0,7648
23.686225614696163,13,1.0,-8585
23.68694817629622,16,1.0,6715
23.687001802597923,15,1.0,-6386
23.688878497611526,16,3.0,6161
23.690172178540852,17,1.0,-2074
23.690800533565092,17,2.0,-7311
23.69211730890158,17,4.0,-6582
23.693358711407118,15,1.0,-6589
23.693623032581286,17,2.0,-1296
23.69433092936315,14,6.0,-8887
23.69705962922998,5,11.0,0
23.698004933734268,15,1.0,-6462
23.698074230354564,13,8.0,-8802
23.69839314569257,13,1.0,-8743
23.699316394658517,17,2.0,-1973
23.699506483584663,13,2.0,-8859
23.70001005175349,14,1.0,-8669
23.700070186524897,17,1.0,-7439
23.700157439038797,15,5.0,-6597
23.70080344812382,13,3.0,-8795
23.702777659156112,13,2.0,-8739
23.704661648878336,5,3.0,0
23.705081918785478,13,2.0,-8552
23.706338701210907,14,4.0,-8514
23.706387203296465,15,2.0,-6611
23.706724584557595,13,3.0,-8730
23.707671666119964,14,1.0,-8791
23.708261222664945,17,6.0,-7934
23.70857102269822,15,2.0,-6857
23.708602083220143,17,1.0,-3091
23.708661871299665,13,1.0,-8538
23.708727832789695,13,1.0,-8858
23.710643130435944,15,1.0,-6342
23.71219107752109,15,1.0,-6701
23.714208724474098,16,27.0,2025
23.71435935711138,15,2.0,-6688
23.714559927217355,5,2.0,0
23.71463818716086,14,1.0,-8670
23.71473772063138,7,6.0,7567
23.715369152537694,14,1.0,-8803
23.71657352502217,14,5.0,-8682
23.717005853999275,15,30.0,-6882
23.717720538280506,14,1.0,-8615
23.7178730170572,15,6.0,-6762
23.71904351168355,14,2.0,-8546
23.720797646658273,16,1.0,5360
23.72120503801539,15,1.0,-6489
23.72163574954375,17,1.0,-1424
23.723427950318353,16,7.0,2830
23.723967183276542,17,1.0,-3185
23.724381028755644,14,2.0,-8723
23.724563991363407,5,4.0,0
23.724668332251106,15,1.0,-6865
23.725989632463126,15,3.0,-6791
23.72788084190404,13,6.0,-8826
23.728224187602514,17,11.0,-1180
23.72938305376351,14,5.0,-8611
23.729840931620206,5,1.0,0
23.729990825662156,15,1.0,-6691
23.731145938398743,10,8.0,7669
23.731762989043787,17,2.0,-6810
23.732597694357842,15,2.0,-6840
23.732597694357842,17,2.0,-6840
23.732932719423587,17,2.0,-7448
23.73352731482958,13,2.0,-8717
23.73366750795344,17,4.0,-2911
23.734611347444925,17,4.0,-2311
23.735014375674044,5,3.0,0
23.735750546178288,17,4.0,-3685
23.736759292775094,5,4.0,0
23.737535043483895,16,11.0,2584
23.737828355788178,14,1.0,-8573
23.73793441986097,13,3.0,-8695
23.742075313274782,14,1.0,-8847
23.744412072610636,14,2.0,-8543
23.745021279848785,14,24.0,-8820
23.745423875188887,15,1.0,-6409
23.745445465416793,15,1.0,-6440
23.74554960471053,13,2.0,-8609
23.74574631111236,15,1.0,-6467
23.74661790633443,13,3.0,-8806
23.746963977419583,17,1.0,-654
23.748002731741895,13,8.0,-8696
23.748156197625846,15,2.0,-6403
23.748621279398243,3,43.0,7670
23.749424812509677,14,1.0,-8653
23.74943147699964,17,1.0,-5719
23.75072204492024,113,46.0,-8773
23.75090308062943,17,4.0,-7406
23.751203016800407,17,1.0,-7772
23.75135376434504,17,2.0,-6382
23.75172449007208,17,3.0,-7477
23.75181303504514,16,11.0,3705
23.753736716437803,15,1.0,-6804
23.754980465326142,14,1.0,-8785
23.755265968248654,5,3.0,0
23.755363029737026,17,4.0,-7288
23.756025081387325,13,5.0,-8768
23.756364465404094,13,1.0,-8886
23.756702041521077,13,5.0,-8849
23.757425094913252,13,10.0,-8767
23.757513014762317,15,1.0,-6822
23.757959608350877,14,4.0,-8518
23.75820138143346,17,1.0,-6604
23.75830549335229,15,7.0,-6861
23.759203434869686,17,5.0,-3209
23.759583121231305,13,8.0,-8740
23.760730590733456,15,2.0,-6809
23.761052362210943,16,3.0,1942
23.761551893767702,13,3.0,-8902
23.761600683533807,15,5.0,-6447
23.761609332674112,15,2.0,-6911
23.762118734435845,16,19.0,6163
23.762911113808716,17,5.0,-7179
23.764135918057757,17,1.0,-5292
23.764295918825276,5,3.0,0
23.764699953017505,13,2.0,-8821
23.76529754794613,15,1.0,-6784
23.76529754794613,17,1.0,-6784
23.76576141140289,17,2.0,-4025
23.765884513689354,14,1.0,-8603
23.766657591316967,5,3.0,0
23.76761656027549,17,1.0,-1970
23.7684157629068,17,1.0,-4659
23.768687813666723,15,1.0,-6847
23.768764242924227,13,2.0,-8594
23.768783616179345,5,4.0,0
23.76917794170002,13,3.0,-8597
23.77111375402489,5,6.0,0
23.773273628179197,17,2.0,-524
23.773448668464074,13,2.0,-8547
23.774660336946074,17,4.0,-4296
23.776536478470987,14,5.0,-8756
23.7768743897625,5,2.0,0
23.7769845899444,16,2.0,6689
23.77748689522813,16,53.0,6866
23.777822169082118,15,6.0,-6648
23.77801151319153,17,2.0,-1673
23.779336249260197,13,7.0,-8540
23.780476547076233,15,1.0,-6519
23.782333609337925,13,1.0,-8714
23.782392461280846,17,3.0,-599
23.783346291655224,14,3.0,-8532
23.783605563597245,5,8.0,0
23.78368906951177,5,1.0,0
23.78420397717479,5,6.0,0
23.78445743420725,15,4.0,-6380
23.785640425960935,14,4.0,-8770
23.786556870873135,15,2.0,-6487
23.786656852677066,17,1.0,-6476
23.78678127440496,13,1.0,-8841
23.787018111836304,15,1.0,-6576
23.78773455162539,13,1.0,-8555
23.78791838576496,17,1.0,-5383
23.78873617373825,15,1.0,-6518
23.789260888314196,13,2.0,-8816
23.789534572444296,16,9.0,599
23.7903225181998,13,1.0,-8777
23.792211406301334,15,1.0,-6552
23.792347829086577,13,1.0,-8567
23.7923565551741,15,3.0,-6781
23.79490113679802,13,4.0,-8524
23.794984816771027,14,4.0,-8908
23.795097426122673,15,4.0,-6681
23.79658996249543,14,1.0,-8778
23.796626897247783,17,15.0,-3485
23.79713498555004,14,4.0,-8786
23.797214322674876,5,1.0,0
23.797349162296797,13,1.0,-8811
23.79772658111598,15,2.0,-6685
23.798060889377116,5,53.0,0
23.798212118661848,13,5.0,-8888
23.799574018335637,15,9.0,-6472
23.80028767196827,13,2.0,-8708
23.801073103882647,13,3.0,-8648
23.801499917751162,15,4.0,-6510
23.802319129310966,15,1.0,-6744
23.802393909178548,13,1.0,-8507
23.8027429680986,14,3.0,-8809
23.802757275026334,15,2.0,-6359
23.803059694517056,14,3.0,-8912
23.803340403311186,15,5.0,-6461
23.80376241257095,17,2.0,-1664
23.804512157129025,17,1.0,-2595
23.806075924622384,13,7.0,-8727
23.806509957905334,14,1.0,-8572
23.80732164700982,15,5.0,-6808
23.80889952217918,15,8.0,-6483
23.809480532517565,13,4.0,-8699
23.810667833211557,17,1.0,-6485
23.8109482594271,13,1.0,-8645
23.813977301829294,5,1.0,0
23.81439389760085,15,1.0,-6868
23.814425059480627,17,2.0,-131
23.814465705380133,14,3.0,-8513
23.81479950650104,14,4.0,-8772
23.81637641094791,14,8.0,-8825
23.816568944292392,13,1.0,-8726
23.8165911478988,14,9.0,-8711
23.817953062334528,14,10.0,-8863
23.81906958688461,13,1.0,-8883
23.819568386670003,17,4.0,-6541
23.81968836849973,17,1.0,-7974
23.81990646273495,13,1.0,-8544
23.825293541499917,113,33.0,-8709
23.825936081347745,15,7.0,-6693
23.826013746821673,15,8.0,-6905
23.82709074902134,5,9.0,0
23.827863970230958,17,1.0,-7827
23.82791497361035,1,8.0,7671
23.828145870439474,15,6.0,-6578
23.83105932735971,14,3.0,-8627
23.833984695507134,13,1.0,-8606
23.834950571689806,5,2.0,0
23.83662149551136,16,30.0,5806
23.837006680087512,17,1.0,-6879
23.83786263404081,15,1.0,-6393
23.837881982692117,13,1.0,-8830
23.838450498315904,5,1.0,0
23.839713496179314,15,1.0,-6826
23.84017575082339,15,8.0,-6813
23.840475251941154,14,7.0,-8737
23.841259517011824,13,12.0,-8911
23.841279184877756,13,9.0,-8674
23.842337916541034,17,15.0,-7641
23.843748652154883,13,2.0,-8775
23.844197432720023,17,2.0,-3617
23.845191830025772,15,1.0,-6341
23.84519534925999,17,3.0,-7736
23.847485278989268,13,1.0,-8745
23.848440746342554,15,15.0,-6702
23.848618527957214,13,2.0,-8718
23.84945240836686,17,2.0,-4037
23.850008863365268,17,4.0,-8301
23.850018617678423,14,3.0,-8765
23.850116122877438,17,1.0,-2335
23.850407963148598,17,1.0,-918
23.850869594839637,17,1.0,-4973
23.852099763602986,13,1.0,-8560
23.85245658314078,17,3.0,-708
23.853687621276066,13,3.0,-8736
23.854760486948667,15,17.0,-6357
23.855320413783456,14,3.0,-8556
23.855647348761693,14,14.0,-8561
23.856592206019478,1,3.0,7672
23.8566320145144,12,9.0,7658
23.857565314344093,13,1.0,-8570
23.858179857934353,14,1.0,-8629
23.860836915002025,15,3.0,-6557
23.860836915002025,17,3.0,-6557
23.861495146716035,17,3.0,-4113
23.861660665727378,16,36.0,5711
23.86204744115248,13,3.0,-8604
23.862866077391672,16,12.0,6643
23.86289009507256,15,1.0,-6581
23.86289009507256,17,1.0,-6581
23.86366208829107,17,3.0,-5898
23.863931571877032,5,1.0,0
23.864388379655118,15,2.0,-6464
23.864692560156318,17,1.0,-6901
23.865094189806232,15,1.0,-6511
23.866153213602423,15,1.0,-6669
23.866261100313697,15,4.0,-6599
23.867597005996448,17,1.0,-1002
23.868146200272587,15,5.0,-6573
23.87204998594498,13,14.0,-8812
23.872295409807343,17,5.0,-7623
23.872592491241992,13,1.0,-8842
23.873909972665736,5,1.0,0
23.87538012584369,15,1.0,-6703
23.87558126360447,15,1.0,-6860
23.875875654359522,17,13.0,-7312
23.878595824530137,17,2.0,-5315
23.87880486895206,17,9.0,-5334
23.879585946232893,15,2.0,-6381
23.87971634684149,17,3.0,-6016
23.880075090863702,17,11.0,-6547
23.882012846683583,15,11.0,-6798
23.882037744657275,5,4.0,0
23.882608933516924,5,8.0,0
23.88322813425648,5,3.0,0
23.883334126726893,17,2.0,-5204
23.883917018534532,14,3.0,-8913
23.88809344236509,16,6.0,5280
23.88852870280422,11,8.0,7614
23.88902408225625,13,15.0,-8551
23.889412246993558,17,1.0,-3239
23.88957042935853,6,1.0,7664
23.89027620846559,17,3.0,-6163
23.891941048547086,15,1.0,-6390
23.89201414144185,5,1.0,0
23.894343402875148,13,5.0,-8612
23.89470115348273,16,2.0,5696
23.896984260376275,14,4.0,-8860
23.897262647342522,5,2.0,0
23.89866022604933,10,18.0,7660
23.898691602436738,14,13.0,-8512
23.89883533417336,13,1.0,-8661
23.899795032964366,13,1.0,-8752
23.899938188400498,13,1.0,-8548
23.900692874902575,9,9.0,7573
23.90173390964819,15,1.0,-6652
23.9018007559441,5,1.0,0
23.9027715230894,13,2.0,-8588
23.903010372799137,16,1.0,2854
23.9031755998512,16,1.0,4782
23.907452634950115,5,7.0,0
23.910006633625336,17,1.0,-6195
23.912182707321602,15,2.0,-6414
23.91255631507828,13,3.0,-8576
23.913400191419594,17,2.0,-3638
23.91347952522564,5,2.0,0
23.913629953964534,5,11.0,0
23.91477172688623,15,1.0,-6509
23.914783963335083,16,6.0,3435
23.915781554254696,17,3.0,-5610
23.916413532868226,5,3.0,0
23.916935848367338,15,7.0,-6609
23.91724259869989,14,5.0,-8741
23.918031375669234,13,1.0,-8697
23.918379695015346,13,2.0,-8610
23.91881004492136,7,16.0,7602
23.92005705014815,13,1.0,-8764
23.920437506309607,15,2.0,-6854
23.92176027554277,17,3.0,-4728
23.92189039957509,16,3.0,3044
23.922067993526625,5,1.0,0
23.92222063187994,17,6.0,-4411
23.92319573031038,13,5.0,-8545
23.923436884199077,13,2.0,-8758
23.923881283359428,17,2.0,-6369
23.924351829005936,15,2.0,-6354
23.924351829005936,17,2.0,-6354
23.925194868490365,14,2.0,-8652
23.926474773299176,14,1.0,-8903
23.927876267231348,17,3.0,-4533
23.928024948565685,13,2.0,-8582
23.928959890399724,15,2.0,-6421
23.930975336304922,15,3.0,-6546
23.932513249778733,5,1.0,0
23.933623955372706,15,4.0,-6915
23.93378239794856,15,1.0,-6586
23.933893347952136,5,3.0,0
23.934403300694573,12,38.0,7663
23.934673511983966,15,7.0,-6361
23.935011312434018,17,2.0,-4211
23.935188760271405,17,1.0,-5494
23.936408227676925,13,1.0,-8724
23.936744629020144,15,1.0,-6732
23.940975019152916,5,1.0,0
23.94243496241993,14,4.0,-8672
23.943254780452616,14,4.0,-8539
23.943303251816058,5,4.0,0
23.945868860031315,5,3.0,0
23.94651692079519,16,10.0,5576
23.949011997149093,5,4.0,0
23.950017340972966,15,1.0,-6909
23.950918430630956,16,7.0,5459
23.951310046812743,15,1.0,-6450
23.951352145290628,17,1.0,-412
23.95208593713801,17,1.0,-6313
23.952164745522378,13,1.0,-8779
23.95252455510094,15,1.0,-6618
23.952758873521123,5,2.0,0
23.953154250779292,17,4.0,-7022
23.953164155956834,13,2.0,-8701
23.95363142781168,13,1.0,-8837
23.953660240185023,15,5.0,-6856
23.956683384692056,17,3.0,-6722
23.957227553644042,15,10.0,-6802
23.957731957626837,15,1.0,-6499
23.958009875004915,17,1.0,-5862
23.958249343986175,17,2.0,-2476
23.95890426881697,17,1.0,-7420
23.960096381856676,13,1.0,-8589
23.962946310525655,15,3.0,-6515
23.963367047187063,5,8.0,0
23.964923532089205,4,8.0,7673
23.965159794431525,5,9.0,0
23.96634700776485,5,3.0,0
23.96665542721896,14,3.0,-8563
23.967010856685885,17,2.0,-2505
23.967159169877938,17,1.0,-610
23.967335669626735,15,2.0,-6534
23.96764952393078,15,13.0,-6500
23.97074230809048,16,37.0,1290
23.971347104154972,17,2.0,-4725
23.971979453334136,5,5.0,0
23.97262085181485,13,2.0,-8680
23.977931653723246,13,9.0,-8558
23.978889132358837,16,13.0,3844
23.980506661628613,13,1.0,-8853
23.980703102263483,17,3.0,-7804
23.981691923983576,5,1.0,0
23.981717713167935,5,1.0,0
23.98254174118012,5,44.0,0
23.983334021565415,15,8.0,-6490
23.984236456380835,5,26.0,0
23.98450484295364,15,2.0,-6684
23.986367184972522,17,2.0,-8487
23.987254364597554,13,5.0,-8537
23.988831230068133,14,4.0,-8700
23.990400336365933,15,2.0,-6494
23.991529471503313,17,2.0,-7648
23.99331646208245,17,1.0,-7395
23.993985274351036,13,6.0,-8760
23.994675131684915,14,2.0,-8660
23.99575903491044,5,2.0,0
23.998134638688203,15,5.0,-6823
23.99840919960266,14,16.0,-8759
23.99924377168653,16,1.0,6558
24.000689050525324,15,2.0,-7254
24.00090207519055,9,2.0,7638
24.00090268343349,5,3.0,0
24.001662531896613,14,6.0,-9276
24.00196279839931,13,1.0,-8995
24.00393201350511,14,6.0,-9253
24.00466123573318,5,13.0,0
24.005720481116853,18,,0
24.005906738332207,104,4.0,7674
24.006394115440187,15,2.0,-7252
24.00740542506203,5,10.0,0
24.007515515278786,14,3.0,-8994
24.008198413793078,5,2.0,0
24.008534384081912,15,1.0,-7144
24.009714942631486,14,4.0,-9262
24.012134605525844,16,4.0,5999
24.012889697372014,5,2.0,0
24.016695551118193,15,1.0,-7081
24.01717128068695,5,8.0,0
24.018189517393534,15,1.0,-7407
24.021254252371108,14,1.0,-9071
24.02196595145294,13,6.0,-9094
24.02201564127484,7,6.0,7616
24.02331793543292,17,2.0,-4015
24.02361583428438,13,3.0,-9182
24.024347279303576,14,1.0,-9309
24.025325914928477,15,4.0,-6935
24.025941991437822,13,1.0,-9193
24.0270699233082,14,1.0,-8976
24.028343399395187,10,17.0,7667
24.030237735614733,113,36.0,-9103
24.03028551699604,15,1.0,-6956
24.030782703995065,14,4.0,-9195
24.03204977801679,16,1.0,5900
24.032228246400372,16,3.0,6262
24.032506995167036,13,2.0,-9213
24.03300514063135,13,44.0,-8953
24.035489256857762,5,3.0,0
24.036201477749458,15,3.0,-7057
24.036204691852447,13,2.0,-9045
24.03626057547651,14,4.0,-9055
24.036385024555166,13,1.0,-9288
24.037204124992822,15,3.0,-7405
24.037254959207054,16,2.0,4187
24.039851004874432,15,36.0,-6990
24.042483182321526,16,2.0,5140
24.042517049939786,13,5.0,-9219
24.043706890273754,14,1.0,-9077
24.04427968305991,5,3.0,0
24.044376377142775,13,2.0,-9273
24.044632256109146,5,2.0,0
24.045716072828725,11,25.0,7626
24.045930216232364,15,7.0,-7503
24.047299905054984,15,8.0,-7421
24.048076886506095,15,6.0,-7152
24.048434191229852,8,4.0,7613
24.049101304795684,13,13.0,-8987
24.049325274901292,14,6.0,-8975
24.0501349209682,15,2.0,-6983
24.05111801603305,15,1.0,-7159
24.051316271615658,15,3.0,-7146
24.05268721336069,15,3.0,-7033
24.05269506509606,5,1.0,0
24.05306744164337,16,2.0,6505
24.053227581738902,15,2.0,-7480
24.053357533238778,5,3.0,0
24.05536121385697,15,15.0,-7465
24.05573016262158,6,1.0,7587
24.05603210908002,5,10.0,0
24.058174464167106,15,1.0,-7422
24.059384481251783,5,4.0,0
24.060872574530897,13,2.0,-8936
24.061378823545514,14,2.0,-8952
24.06264867072044,5,1.0,0
24.062720444281474,13,3.0,-9267
24.062829569195664,16,2.0,4679
24.06396526212768,13,2.0,-9194
24.064007949931096,5,2.0,0
24.064601989095888,13,1.0,-8990
24.065209935428648,14,2.0,-9007
24.069025483907158,14,2.0,-8980
24.069483934380933,14,4.0,-9161
24.071178054469648,17,1.0,-2425
24.073285366649344,5,4.0,0
24.073386885952264,15,1.0,-7205
24.07346035403843,14,3.0,-8957
24.073837330709438,16,9.0,4271
24.074216319853868,14,1.0,-9091
24.074930561473522,14,3.0,-8992
24.07510446240448,13,1.0,-9224
24.078625036975232,15,2.0,-7222
24.079754270921686,16,5.0,6728
24.081723159160624,5,1.0,0
24.082154040067632,17,19.0,-1667
24.083587709442295,5,4.0,0
24.083636316541657,13,6.0,-9304
24.086727313785328,14,6.0,-9168
24.087311246485122,13,1.0,-8914
24.089225018861992,15,35.0,-7396
24.089740933448137,13,14.0,-9311
24.090192872458854,10,2.0,7662
24.0915134283911,13,2.0,-9229
24.091595334021854,7,8.0,7639
24.091716115421118,16,18.0,3084
24.09369373196233,15,3.0,-7459
24.09387623043323,13,2.0,-8915
24.09431953825699,5,1.0,0
24.095025116846735,14,2.0,-9121
24.096692388928634,13,3.0,-9275
24.09669866362996,15,1.0,-7181
24.099032151350826,13,2.0,-9136
24.1001849125893,13,1.0,-9049
24.10043301069541,13,11.0,-9030
24.10139992281266,16,18.0,7384
24.102695724574275,5,1.0,0
24.106160075452348,5,1.0,0
24.10690025153216,14,3.0,-9256
24.10819542183983,17,13.0,-3112
24.108930202274017,13,1.0,-9222
24.109397781506964,13,3.0,-9241
24.109522689643818,5,7.0,0
24.10964710779867,13,2.0,-9000
24.110137500245724,15,7.0,-7070
24.11268970482296,5,1.0,0
24.11459618740862,13,7.0,-9263
24.11472314963023,16,44.0,766
24.115061286704535,15,5.0,-7197
24.115061286704535,17,5.0,-7197
24.116519633216512,15,1.0,-7277
24.116578195763534,15,2.0,-7112
24.11934340993211,5,2.0,0
24.12007068747549,5,5.0,0
24.12189374030293,13,3.0,-9102
24.12323711709178,13,2.0,-9284
24.123384343355987,16,11.0,2641
24.1234761835306,14,3.0,-9125
24.123637204893424,113,23.0,-9302
24.124276425769207,17,3.0,-2697
24.124601708577877,15,1.0,-7442
24.124679536281757,15,4.0,-7119
24.12800377312407,14,3.0,-9216
24.129251407463272,15,1.0,-7191
24.130331631896418,15,3.0,-7345
24.130370126622648,13,8.0,-9287
24.130408841591098,15,2.0,-7165
24.131532317380877,13,1.0,-8970
24.13210104588479,5,2.0,0
24.132693379489453,17,2.0,-1347
24.13498804659516,15,3.0,-7265
24.137049722521233,13,1.0,-9017
24.13783985533203,13,1.0,-9230
24.13986501009474,13,1.0,-9081
24.140015347680876,15,8.0,-7319
24.14172294981239,15,1.0,-7494
24.143666956879855,13,1.0,-9258
24.144548473836057,16,3.0,6711
24.145216116451014,5,4.0,0
24.14675937412536,5,2.0,0
24.147576677912394,14,1.0,-9235
24.147752483761735,14,2.0,-8968
24.148842103392685,13,2.0,-9212
24.149957494959235,13,1.0,-9249
24.150062702674603,17,4.0,-2632
24.151624138854984,15,2.0,-7003
24.158792811875408,15,12.0,-7055
24.16128264722049,5,4.0,0
24.16169916819871,15,1.0,-7426
24.16256938359549,14,6.0,-8962
24.162803318732855,15,3.0,-7085
24.163767121793146,14,2.0,-8946
24.16507454193077,5,3.0,0
24.167538269806258,15,4.0,-7383
24.16995601399714,15,3.0,-7194
24.170081631695375,15,1.0,-6977
24.170277226998785,13,2.0,-9115
24.17288502908857,14,1.0,-8963
24.172895261984976,13,3.0,-8988
24.173594700468726,10,3.0,7668
24.17460276067404,17,2.0,-2899
24.17585814363542,13,2.0,-9160
24.17606979399693,15,1.0,-7010
24.17741227480315,13,1.0,-8918
24.177520982634135,15,1.0,-6989
24.17821782758515,5,1.0,0
24.180914555059577,15,5.0,-7307
24.181188938123586,15,4.0,-7169
24.182974470919312,15,2.0,-7130
24.18342103803745,15,19.0,-7472
24.18455538966796,15,2.0,-6993
24.185924283055456,14,2.0,-9029
24.187423212117263,5,1.0,0
24.188429913619043,17,1.0,-3401
24.18910203533192,15,3.0,-7394
24.189473076552765,14,3.0,-9153
24.190652672630584,14,5.0,-9277
24.1917647354887,5,1.0,0
24.192229712498765,15,10.0,-6950
24.19258901672803,1,11.0,7675
24.19299472512386,17,15.0,-2040
24.193771504730492,5,2.0,0
24.194053168873047,15,1.0,-7274
24.194225627107542,15,5.0,-7273
24.19510184240921,16,4.0,6602
24.196163464536788,13,1.0,-9089
24.196887585555924,14,9.0,-9093
24.197073143093462,5,6.0,0
24.198628869548063,15,1.0,-7464
24.198814913545725,15,2.0,-7094
24.198978471402192,13,5.0,-9090
24.199122502137584,14,4.0,-9068
24.199342856244986,17,3.0,-6814
24.19981131380935,13,2.0,-9167
24.19984205365354,17,8.0,-2660
24.201224545394158,14,3.0,-8931
24.20156422566412,15,1.0,-7416
24.201902918555568,13,1.0,-8928
24.202718525591482,13,2.0,-9117
24.20450671123485,13,1.0,-9145
24.207056297033024,15,4.0,-6924
24.207764798088938,16,5.0,3177
24.208430799318094,13,1.0,-9283
24.208848516623984,16,16.0,2959
24.20888230625579,13,1.0,-9164
24.209524708896698,5,2.0,0
24.210202423925626,15,1.0,-7413
24.210202423925626,17,1.0,-7413
24.210372533956964,5,1.0,0
24.210716485631274,14,3.0,-9095
24.21124531421878,5,4.0,0
24.21236597142152,13,6.0,-9293
24.212993008908693,5,3.0,0
24.213327526660333,5,1.0,0
24.21337080994335,16,56.0,832
24.213618925578775,13,3.0,-8954
24.213681325352052,13,6.0,-9038
24.21368835307035,5,1.0,0
24.21382260848137,17,4.0,-3995
24.21511253909822,14,5.0,-8993
24.216641804699506,13,3.0,-9024
24.216860149217332,13,34.0,-8950
24.218185870251865,15,1.0,-7219
24.218466233941363,5,7.0,0
24.219014855721003,11,12.0,7645
24.219062731707982,113,33.0,-9122
24.219466109338047,13,2.0,-8979
24.220436876783936,5,1.0,0
24.2212550076763,6,39.0,7654
24.224291525142643,5,6.0,0
24.2244316138268,17,1.0,-5224
24.225574351492625,16,5.0,6180
24.225714440946966,13,5.0,-9225
24.225798938058137,13,3.0,-9239
24.225841662657615,13,2.0,-9043
24.226186983625723,5,4.0,0
24.226452640189,15,1.0,-7436
24.226591644651783,13,6.0,-8933
24.230261824188247,16,32.0,2546
24.230394724534566,13,2.0,-8971
24.23252319268361,14,7.0,-8938
24.233380223596672,16,3.0,4598
24.23343567158695,1,2.0,7676
24.23385911267401,13,1.0,-9271
24.234445623116784,15,4.0,-7062
24.235509100053335,15,1.0,-7263
24.236507794616575,13,3.0,-9033
24.237118663232494,15,1.0,-7148
24.23774412878788,17,2.0,-3889
24.23879208950462,13,1.0,-9269
24.238858947467964,15,1.0,-7223
24.24106244880536,15,2.0,-7303
24.241879600600175,17,1.0,-3693
24.242154565918693,13,1.0,-9254
24.24260788061247,17,6.0,-4319
24.24290379669786,5,4.0,0
24.24335398507929,5,8.0,0
24.24335611331309,17,1.0,-2512
24.245481161207547,14,6.0,-8982
24.245699968715915,5,1.0,0
24.246160684997097,13,1.0,-9210
24.247276771011144,5,1.0,0
24.248439414670703,5,3.0,0
24.248980231330183,5,5.0,0
24.248996948076567,15,2.0,-6974
24.248996948076567,17,2.0,-6974
24.2503612979053,17,4.0,-928
24.250492108724515,14,4.0,-9323
24.251217468921872,16,3.0,4690
24.251385107192558,17,3.0,-4171
24.252624303768577,5,3.0,0
24.252789181185644,15,3.0,-7298
24.255028025240275,7,1.0,7633
24.25600218727033,13,1.0,-8943
24.25693053083791,16,45.0,1934
24.257039015486793,5,2.0,0
24.257136111147858,15,3.0,-7388
24.25739100742001,5,2.0,0
24.257589806479064,15,1.0,-7461
24.257949126619813,16,1.0,6364
24.260306341863654,13,1.0,-9187
24.262825432900303,7,1.0,7523
24.264678473093127,5,2.0,0
24.264920069071525,5,1.0,0
24.266168344463104,13,1.0,-9207
24.266531785466594,15,2.0,-6953
24.267223519818106,13,1.0,-8924
24.26823355580618,13,2.0,-9085
24.271198215791784,17,6.0,-418
24.271348050605024,5,6.0,0
24.27176767904075,15,1.0,-6978
24.27258905012313,14,2.0,-9057
24.273935550503474,6,3.0,7672
24.274727782081484,15,2.0,-7419
24.27590688122521,13,6.0,-8930
24.277620365665296,13,4.0,-9266
24.278165003645036,5,2.0,0
24.28016114849943,5,1.0,0
24.28041304456361,17,1.0,-1793
24.281242985999434,1,3.0,7677
24.283313971463365,14,3.0,-9050
24.283533703727574,13,3.0,-9312
24.28371893599524,5,3.0,0
24.28608571582905,13,6.0,-9040
24.286139531354266,15,4.0,-6931
24.287082491371212,14,1.0,-9148
24.287597726762243,13,1.0,-8985
24.28833716430851,17,2.0,-3521
24.289695602713238,14,3.0,-8917
24.289871110139188,13,20.0,-9116
24.289930340843227,5,39.0,0
24.29039060686607,16,5.0,2255
24.290455088338824,13,2.0,-9138
24.290509070089072,17,1.0,-4312
24.29172968901188,5,6.0,0
24.291771851099313,13,1.0,-9192
24.294557667548784,13,1.0,-9196
24.297955690578323,1,2.0,7678
24.29826801577425,14,3.0,-9281
24.30063407067519,13,1.0,-8991
24.301954060426706,5,1.0,0
24.302756745051067,13,1.0,-9041
24.30471755334109,1,5.0,7679
24.3059242905563,15,5.0,-7066
24.30626344680339,13,1.0,-9127
24.307931437865637,13,3.0,-9152
24.308535552445644,5,38.0,0
24.312108438748805,15,1.0,-7109
24.313074539791874,15,1.0,-7087
24.315708774036388,13,1.0,-9076
24.31582037394457,5,12.0,0
24.317863362120058,5,3.0,0
24.3184950610058,13,3.0,-9074
24.31953316861071,15,2.0,-7128
24.32012528490054,15,30.0,-7114
24.321494485744545,13,1.0,-9232
24.324071933139866,17,49.0,-4861
24.32524828709178,13,1.0,-9008
24.32662588251562,15,4.0,-7358
24.326891111127043,14,3.0,-9252
24.326983661721094,17,2.0,-1589
24.327115640160947,17,1.0,-4407
24.32890024367407,15,1.0,-7334
24.32896477663931,14,8.0,-9053
24.329906687816774,13,2.0,-9244
24.33022759377169,15,1.0,-7283
24.33049180368844,17,3.0,-5003
24.333497391097733,14,7.0,-9316
24.337744595501277,14,1.0,-9111
24.33781872774277,17,5.0,-5063
24.33800381391687,15,1.0,-7374
24.338044594891482,5,7.0,0
24.339267436935405,5,1.0,0
24.339760393594222,15,2.0,-7400
24.339812607702527,13,1.0,-8974
24.340352075404297,17,1.0,-1757
24.341744814022945,15,2.0,-7121
24.342180411151542,17,1.0,-622
24.344555979806866,13,1.0,-9306
24.344745216663583,5,3.0,0
24.345132537643885,17,7.0,-2248
24.345954924175444,8,1.0,7628
24.348587469774507,13,1.0,-8934
24.348921099557526,17,1.0,-507
24.350624098704113,15,26.0,-7322
24.35092993644675,13,2.0,-9003
24.351625221277303,9,38.0,7663
24.35201728935006,17,3.0,-147
24.3520731947519,14,2.0,-9173
24.354685641134765,13,3.0,-9035
24.35474841768353,14,4.0,-9214
24.354829900396073,13,1.0,-8935
24.355087706488735,14,2.0,-9301
24.355168851863457,13,2.0,-9106
24.35571201035917,16,3.0,2611
24.356110843506727,15,1.0,-7156
24.356149077206172,5,2.0,0
24.356851269925233,13,2.0,-9170
24.361010402012084,14,2.0,-9190
24.361491728758693,5,3.0,0
24.36155587803038,7,3.0,7651
24.365511373001716,13,4.0,-9046
24.365528352712243,15,15.0,-7168
24.36567059955678,13,5.0,-9019
24.36595275748968,15,9.0,-7378
24.3667459235649,16,1.0,1349
24.367842961578756,15,3.0,-7445
24.369884282204797,13,2.0,-9065
24.36990118601182,6,6.0,7581
24.370381703188826,5,3.0,0
24.370679034030726,14,1.0,-9052
24.371971056321733,17,3.0,-3543
24.374770477842667,17,1.0,-3819
24.376066509675105,5,3.0,0
24.37669045412489,15,1.0,-7036
24.37669592467242,13,1.0,-9176
24.378738301551195,15,2.0,-7267
24.378840841892565,15,6.0,-7344
24.37905558080368,5,6.0,0
24.38014975294045,15,1.0,-7037
24.38119713826405,13,1.0,-9303
24.381548181388503,13,1.0,-8997
24.382221396800748,15,3.0,-7391
24.382226255831707,4,3.0,7680
24.38483230648865,15,4.0,-7414
24.38557740775702,14,3.0,-9073
24.38632780461836,17,3.0,-4322
24.387008103977106,5,2.0,0
24.387930125138002,15,6.0,-7198
24.388041827694224,15,1.0,-7106
24.389917021755743,13,8.0,-9099
24.389919825354152,14,4.0,-9243
24.39009885055371,12,2.0,7662
24.39236227720276,15,3.0,-7002
24.392403027665537,17,2.0,-619
24.393164044308303,13,3.0,-8967
24.393232788184804,13,6.0,-8925
24.393237228573497,13,14.0,-9107
24.393260461594032,5,1.0,0
24.393566749717927,17,1.0,-558
24.39412435000507,13,5.0,-9314
24.394759017202333,5,4.0,0
24.39522018730189,17,1.0,-3417
24.396293596712837,13,2.0,-9144
24.397947542506788,14,4.0,-9119
24.397987583101468,13,3.0,-9199
24.399543659033046,5,1.0,0
24.400082495186144,5,3.0,0
24.400831960240694,16,4.0,4528
24.401009631140056,13,3.0,-9166
24.401475224839995,14,1.0,-9156
24.40309212712568,15,4.0,-6958
24.4033797017944,16,11.0,2771
24.404493093722415,13,2.0,-9135
24.404549250281395,13,4.0,-9186
24.40502590471403,15,6.0,-6945
24.40505748218234,16,11.0,4908
24.405597672366333,11,3.0,7661
24.406150416368202,13,13.0,-8964
24.406846740404717,15,1.0,-7347
24.408811726652512,13,2.0,-9282
24.409025167639363,13,1.0,-8940
24.410626322979592,5,1.0,0
24.411031066281247,15,1.0,-7485
24.41380838399686,16,3.0,5170
24.415126252303928,14,1.0,-9032
24.41522901531719,14,5.0,-9188
24.417138916365513,5,3.0,0
24.417672308429836,15,2.0,-7236
24.417959163137173,15,1.0,-7011
24.41798510787337,5,1.0,0
24.41966880279213,15,1.0,-7353
24.421197261624133,13,10.0,-9313
24.423629413795886,15,9.0,-7101
24.426344153284514,5,1.0,0
24.427588083986,13,1.0,-9010
24.428877308401596,17,1.0,-3813
24.42888843634824,17,1.0,-2268
24.429449841292193,15,1.0,-7432
24.431118946444585,5,1.0,0
24.431582945194968,13,1.0,-9322
24.432929237440145,17,2.0,-445
24.433261446814498,13,1.0,-9162
24.43478271946657,5,3.0,0
24.43530911161708,8,9.0,7634
24.437604236338117,17,1.0,-4193
24.43795430603869,4,21.0,7681
24.438108508841236,13,2.0,-9205
24.43828815157108,17,2.0,-150
24.43842469415635,15,15.0,-7376
24.43842469415635,17,15.0,-7376
24.440913292873976,5,5.0,0
24.440970045465512,14,13.0,-9047
24.44304734929098,14,2.0,-9220
24.44349553780889,5,2.0,0
24.44499223216182,15,2.0,-7362
24.445418523279333,13,1.0,-9248
24.446296895635854,14,1.0,-8939
24.44657600768988,15,1.0,-7293
24.447905257826612,15,2.0,-7118
24.448245059024366,13,1.0,-8920
24.44868947785106,13,1.0,-9202
24.44950728852201,15,1.0,-7275
24.44963669949912,5,1.0,0
24.451330882853505,15,6.0,-6948
24.4519084337404,14,1.0,-9069
24.45213273665477,15,9.0,-7183
24.453146066241246,113,35.0,-9278
24.45420971292309,14,24.0,-9185
24.45434117725301,13,2.0,-9063
24.454652735447993,15,5.0,-7296
24.455356904327797,15,3.0,-6985
24.45663543647473,13,1.0,-9011
24.458440250460864,13,3.0,-9005
24.458785435534214,5,2.0,0
24.458847316347608,15,1.0,-7035
24.45932387689875,16,2.0,7046
24.4621921448763,17,1.0,-5394
24.462592980861306,17,3.0,-5051
24.46364019971996,16,1.0,2661
24.46378994430284,13,1.0,-9157
24.464375662949124,13,1.0,-8989
24.466046873626503,17,1.0,-505
24.466576542497346,5,2.0,0
24.467514850326644,14,3.0,-9297
24.468427459730687,11,47.0,7608
24.468765030186656,14,15.0,-9319
24.469542666945276,5,3.0,0
24.469548292947543,15,36.0,-7478
24.46961607257075,17,2.0,-7173
24.470044005722237,13,9.0,-9183
24.47010890012979,17,2.0,-4110
24.471597633367104,5,1.0,0
24.471808362166783,11,7.0,7659
24.47340241220648,14,2.0,-9211
24.47347959906244,16,29.0,4973
24.473488018499197,17,2.0,-5408
24.475547288979413,9,19.0,7653
24.475610837483313,15,4.0,-7320
24.478020585997697,17,1.0,-5614
24.478415639110615,17,1.0,-2544
24.478679496786246,15,5.0,-7154
24.480136584170452,17,1.0,-7151
24.48036151110121,15,2.0,-7052
24.481183385334017,16,7.0,3454
24.481486775279485,13,2.0,-9137
24.483912515253504,15,2.0,-7328
24.488221285081096,17,5.0,-2206
24.491587475128707,15,1.0,-7323
24.492614821467477,13,2.0,-9321
24.493190041718655,15,1.0,-7504
24.493948411124915,5,1.0,0
24.494318701714207,14,5.0,-9133
24.49495508443706,5,1.0,0
24.49639353105097,13,4.0,-8944
24.49683541673147,15,4.0,-7279
24.497117163332927,13,1.0,-8941
24.497470825403582,15,22.0,-7488
24.498367053782047,15,1.0,-7041
24.498680862617658,13,1.0,-9209
24.498827973325664,15,2.0,-7182
24.499453877736197,15,2.0,-7243
24.49955718333555,15,7.0,-6966
24.49955718333555,17,7.0,-6966
24.499844982839093,14,2.0,-9020
24.499849038614318,17,1.0,-4465
24.500193671739467,5,7.0,0
24.500552557084475,15,2.0,-7019
24.501794999443753,15,10.0,-7155
24.502810616593205,13,14.0,-9087
24.504486023064477,5,9.0,0
24.504800226760857,17,1.0,-2720
24.507450533925937,17,1.0,-6602
24.50786881564937,15,3.0,-7122
24.509109450610698,5,3.0,0
24.511787914863664,17,4.0,-6298
24.51210990141521,16,47.0,269
24.51270590936881,113,31.0,-9042
24.513364574017483,15,1.0,-7455
24.51466849353836,13,2.0,-9025
24.51485821071474,13,1.0,-9215
24.516044086421104,13,2.0,-9018
24.517744839370298,13,4.0,-8961
24.51868839049518,15,2.0,-7074
24.518769670566783,14,6.0,-9080
24.51931026684772,15,4.0,-7441
24.520631309726234,14,4.0,-9134
24.523740665002137,14,12.0,-8948
24.524037310614837,13,1.0,-9320
24.526687599654938,8,2.0,7554
24.527555312845674,17,4.0,-5600
24.528642140988236,17,1.0,-3146
24.530020822788572,17,3.0,-6601
24.530126369774376,5,5.0,0
24.53016364050715,13,1.0,-9097
24.53071553302115,13,2.0,-9067
24.532378819553408,17,1.0,-6024
24.53378788135801,5,3.0,0
24.534499512137113,13,1.0,-9264
24.536038042681614,17,1.0,-3363
24.536413648528065,14,2.0,-9163
24.536580152220097,17,3.0,-3319
24.53769630525871,13,2.0,-9165
24.537885535869872,15,6.0,-7125
24.537885535869872,17,6.0,-7125
24.539160090423437,13,9.0,-9191
24.539729896141857,5,2.0,0
24.541015022350898,17,9.0,-782
24.542323664007387,15,2.0,-7086
24.54256818372845,17,4.0,-1892
24.542862102906117,17,3.0,-7264
24.54366427892045,15,2.0,-7327
24.545138761307253,17,2.0,-5106
24.54582383114238,16,2.0,4458
24.546275835500992,13,1.0,-9294
24.546859016091187,15,2.0,-7090
24.54733020956578,14,1.0,-8998
24.548655637649674,17,1.0,-3553
24.55018232481066,5,4.0,0
24.55025891017223,5,2.0,0
24.550534228587093,15,1.0,-7199
24.550632857155893,15,1.0,-7502
24.552645903957718,17,1.0,-6729
24.553184572104282,13,1.0,-9109
24.553480105543777,13,5.0,-9238
24.55353612034728,14,1.0,-9305
24.554296921662125,13,1.0,-9203
24.55433118433829,17,1.0,-7483
24.554888842516608,15,3.0,-6933
24.557083624077432,13,51.0,-9242
24.557421385175843,16,1.0,5305
24.557833009687094,5,1.0,0
24.558136447430034,17,17.0,-5770
24.558843239464284,14,8.0,-8966
24.559312715293743,16,8.0,6929
24.559689740725453,5,7.0,0
24.560123281624875,5,2.0,0
24.56041064383862,14,2.0,-9113
24.560610820979164,13,2.0,-9028
24.5606240092267,13,9.0,-8937
24.56100785754615,17,5.0,-7458
24.56209089466013,15,3.0,-7491
24.562266860666274,13,30.0,-9064
24.564464852496755,16,3.0,6516
24.565034828234133,15,4.0,-7317
24.566640108989287,14,6.0,-9036
24.56673936029536,14,6.0,-9298
24.56682861033283,17,1.0,-6234
24.567371168999486,5,2.0,0
24.56791562706283,5,1.0,0
24.570527199518928,16,2.0,197
24.570703883254286,5,9.0,0
24.573063449664843,17,9.0,-247
24.573468161956487,17,14.0,-7211
24.57491576686134,13,1.0,-9142
24.575347135524204,13,2.0,-9026
24.57602814994296,13,1.0,-9208
24.576440807512757,13,2.0,-9171
24.57753081631897,17,1.0,-5108
24.578219851760466,5,2.0,0
24.578952408538136,16,1.0,5383
24.57969789832532,5,3.0,0
24.582452164198035,14,4.0,-9206
24.58247761968811,14,4.0,-9143
24.58659355686877,17,2.0,-6938
24.587152659959727,13,2.0,-9034
24.58726051916423,14,4.0,-9004
24.588355088212282,17,5.0,-6864
24.588764235222744,13,2.0,-9172
24.59037268537754,13,1.0,-9318
24.590982814624418,17,3.0,-6971
24.591984602292438,14,2.0,-8984
24.592061804583942,8,5.0,7625
24.592852623725086,17,2.0,-6707
24.593666697783117,14,1.0,-8977
24.593728958062382,14,3.0,-8986
24.594535435155894,14,1.0,-9096
24.59459151883921,17,2.0,-6287
24.594924387870915,17,4.0,-6501
24.595521392309077,113,48.0,-9184
24.59585957834205,15,1.0,-7369
24.596613374995037,16,2.0,6853
24.597136665031933,15,10.0,-7403
24.597711215716544,13,2.0,-9139
24.598535207347325,13,5.0,-8945
24.599379995778076,17,1.0,-5775
24.599993760114085,15,2.0,-7399
24.600582405652503,15,1.0,-6967
24.60080192339199,10,8.0,7673
24.601190462596836,5,2.0,0
24.60129516373177,15,2.0,-7078
24.60172540418111,15,7.0,-6952
24.603885325344372,15,7.0,-7093
24.604047629944763,15,3.0,-7481
24.60438165758589,17,4.0,-5734
24.60472741283741,15,1.0,-7489
24.60494175323366,15,2.0,-7314
24.605995930173126,14,4.0,-9088
24.606172197428876,16,4.0,6551
24.606398135255326,5,7.0,0
24.607230769429847,17,1.0,-8029
24.607352823465554,7,1.0,7664
24.608372540220866,17,3.0,-5535
24.60907381424131,13,6.0,-9082
24.609110479615687,15,1.0,-7451
24.610357281226722,14,3.0,-9155
24.610943399473545,14,5.0,-9108
24.611413210896814,17,1.0,-6995
24.612952392634234,17,3.0,-3620
24.61330251489874,13,2.0,-9261
24.61420460480609,13,3.0,-9110
24.61437214487512,16,54.0,3531
24.615683349709713,5,1.0,0
24.61620558922396,17,1.0,-1901
24.617344887005654,5,1.0,0
24.617395424971726,15,4.0,-7299
24.617395424971726,17,4.0,-7299
24.617542618789912,17,1.0,-6387
24.61868766618053,14,2.0,-9066
24.618858736702315,15,2.0,-7325
24.61915894389482,5,1.0,0
24.620095313961645,13,1.0,-9310
24.623123520169177,5,2.0,0
24.623870911784486,16,60.0,309
24.62390581160273,5,4.0,0
24.624004660758057,5,1.0,0
24.62662848258381,15,2.0,-7256
24.62684345400816,15,2.0,-7160
24.627656818935886,13,3.0,-9228
24.631354819541727,15,1.0,-7506
24.63194003448322,15,2.0,-6982
24.6321315613596,15,2.0,-7082
24.63229480509343,17,2.0,-3546
24.632594180822007,15,5.0,-7145
24.634274257566545,15,52.0,-7500
24.634967373618217,17,4.0,-704
24.636332343364735,13,1.0,-9201
24.636748568048503,16,2.0,4991
24.636917231037515,15,2.0,-7076
24.6370168198437,16,9.0,6508
24.638133003331692,5,1.0,0
24.639815727783528,15,1.0,-7326
24.640053194805937,17,1.0,-4406
24.640517337685292,13,2.0,-8972
24.643051789878854,15,5.0,-7190
24.645483683982786,13,1.0,-9070
24.64603611307752,14,3.0,-9285
24.64689194067052,15,3.0,-7097
24.647482283222413,15,1.0,-7290
24.64772860672842,17,3.0,-1552
24.64785021727535,5,1.0,0
24.64871870628232,15,4.0,-7428
24.64917541158742,15,3.0,-6997
24.64959031454598,5,1.0,0
24.651104267319436,5,7.0,0
24.651561660464623,113,35.0,-9315
24.652923122598065,15,1.0,-7338
24.653463061254385,13,1.0,-9006
24.653911952308537,5,3.0,0
24.655339713135763,15,4.0,-7220
24.655461636402865,13,2.0,-9054
24.656188168014772,16,15.0,1930
24.65624994434879,17,6.0,-2998
24.65686216920171,14,1.0,-9245
24.658723174765388,15,16.0,-7304
24.659543933509354,13,1.0,-9217
24.660192167883864,15,1.0,-7259
24.66055447408617,17,7.0,-4603
24.66273181427165,16,2.0,1961
24.662852460294637,10,1.0,7649
24.663984177620723,13,1.0,-9037
24.66484862081519,15,1.0,-7060
24.669111550478128,17,3.0,-6036
24.66955503354349,13,2.0,-9001
24.67023203367827,13,53.0,-8929
24.670635528658615,14,4.0,-9279
24.67128934309595,6,11.0,7675
24.67179957659893,15,18.0,-7084
24.672024375056367,6,2.0,7666
24.67216224211673,17,1.0,-5105
24.673038244275247,15,1.0,-7492
24.674202902129636,5,5.0,0
24.674361169653416,4,5.0,7682
24.67474483366434,5,3.0,0
24.675512940302106,14,25.0,-9023
24.67702377271936,17,2.0,-6446
24.67715382439249,15,3.0,-7047
24.678072543351465,13,2.0,-9286
24.67963005843945,17,8.0,-2064
24.679999429409637,17,1.0,-5257
24.680200711574695,15,3.0,-7061
24.680279389824594,5,2.0,0
24.680314247031856,5,2.0,0
24.68158253555759,13,2.0,-9290
24.681860813900098,17,1.0,-6473
24.68189531490911,15,4.0,-7105
24.68228458952329,15,3.0,-7069
24.68238548755741,13,2.0,-9101
24.684096533909383,17,7.0,-8085
24.68525210559734,14,4.0,-9274
24.68550802505613,5,1.0,0
24.685573105293862,15,4.0,-6996
24.685747871081695,14,1.0,-9197
24.686069152437494,15,5.0,-7177
24.68702689551805,15,1.0,-7149
24.690634759041874,13,51.0,-9159
24.69311717731165,13,3.0,-8969
24.694245828267377,16,1.0,1405
24.6946159771386,5,1.0,0
24.695947393480225,13,1.0,-9079
24.697626544245026,17,1.0,-5215
24.69779472114509,15,1.0,-7051
24.69828934347724,17,11.0,-5409
24.700532057015764,13,2.0,-9247
24.70107758318695,15,1.0,-7039
24.70113962232506,16,5.0,6852
24.70185494914773,13,2.0,-8922
24.70536865164572,5,6.0,0
24.70599363621317,15,6.0,-6940
24.706779673562853,15,2.0,-7248
24.706779673562853,17,2.0,-7248
24.70714913362266,13,29.0,-9056
24.708921762943252,15,2.0,-7331
24.709707741815123,5,3.0,0
24.71151848532226,13,2.0,-9296
24.71174473480935,17,3.0,-2014
24.711802547626988,17,1.0,-8434
24.711827076518823,17,3.0,-7592
24.713271868403424,5,3.0,0
24.714291596735,14,3.0,-9231
24.714760161723873,14,2.0,-9251
24.71543909686215,5,2.0,0
24.71666915025791,13,6.0,-9175
24.717632872958934,5,4.0,0
24.71998858609936,17,1.0,-7964
24.720242488643642,16,1.0,2078
24.721280005499356,15,12.0,-7333
24.722416948419035,17,3.0,-4774
24.723032859008043,15,4.0,-7473
24.72328368459245,13,2.0,-9012
24.723429024410514,14,5.0,-9022
24.72427662228267,14,5.0,-9280
24.72579222244137,5,1.0,0
24.726406710545646,13,3.0,-9100
24.727223425453342,13,2.0,-9027
24.727421215891415,14,1.0,-9015
24.729756711094012,14,7.0,-9292
24.73008945622609,16,23.0,7235
24.730244177166547,1,3.0,7683
24.735894208795933,13,1.0,-9307
24.73599241275423,13,9.0,-9044
24.736419467551038,17,3.0,-4022
24.736790416523174,9,1.0,7628
24.737989403061103,15,3.0,-7238
24.739316286503342,15,1.0,-7229
24.739690476021675,13,1.0,-9078
24.73993766687736,13,5.0,-9204
24.74070419048012,14,1.0,-9002
24.741212264602158,15,1.0,-6925
24.741315362075607,5,4.0,0
24.74263711490744,13,6.0,-9270
24.74375018506464,14,8.0,-8965
24.744397338664317,16,18.0,1962
24.744477504860708,13,3.0,-9255
24.745656493822295,17,3.0,-769
24.74640650244224,16,16.0,207
24.747977790376346,17,3.0,-2892
24.7481398502274,15,2.0,-6962
24.74891734833601,17,12.0,-7251
24.748986372290744,13,10.0,-8956
24.74903113458528,11,4.0,7627
24.750057567481424,13,4.0,-8916
24.750278923127215,15,2.0,-7454
24.75043201180342,15,7.0,-7143
24.75060057014769,5,2.0,0
24.750740847886874,13,5.0,-8949
24.750994935061684,17,2.0,-3332
24.75111559144613,15,9.0,-7224
24.752517704086657,15,11.0,-7018
24.753193257007243,17,1.0,-7423
24.753381312750747,15,2.0,-7444
24.753751763742677,17,3.0,-7083
24.753968832809942,5,2.0,0
24.754341952000186,15,2.0,-7370
24.754739274674897,13,1.0,-9051
24.755620110128906,14,3.0,-9048
24.755839176220665,14,3.0,-9031
24.75635003497369,17,2.0,-3100
24.757500630276603,17,8.0,-4669
24.757752084293834,17,5.0,-1026
24.760235429182956,5,2.0,0
24.76177221823527,14,3.0,-9260
24.765696148879137,5,2.0,0
24.76610398848581,15,5.0,-7433
24.768409220693165,13,1.0,-9223
24.7689872320189,5,1.0,0
24.769894095849015,13,2.0,-9141
24.771733498308016,15,1.0,-7096
24.77537273409007,13,2.0,-9237
24.7770213473944,14,46.0,-9083
24.777170777608916,17,1.0,-8473
24.777228771134926,5,2.0,0
24.778523521453874,17,7.0,-6140
24.779461964399033,13,5.0,-9060
24.780274653914972,15,6.0,-7490
24.78122075119569,17,1.0,-7231
24.781530174621857,15,6.0,-7230
24.781530174621857,17,6.0,-7230
24.782243727437695,5,4.0,0
24.782612369519946,5,3.0,0
24.78288444805266,14,4.0,-9308
24.783925091347726,17,11.0,-7271
24.78504342632245,5,4.0,0
24.78513564899942,14,1.0,-9016
24.78796359322768,15,2.0,-7025
24.788199430471426,5,1.0,0
24.792404346302895,13,1.0,-9126
24.792413859407716,17,1.0,-1568
24.793008541988247,15,2.0,-7213
24.793783589629957,13,5.0,-9062
24.79633308071759,5,3.0,0
24.79841994698246,5,2.0,0
24.799259025369796,15,1.0,-7381
24.801032008747374,5,9.0,0
24.803716270476926,13,1.0,-9098
24.804379985202782,13,2.0,-9259
24.805295991836097,13,2.0,-8947
24.80584280121141,15,3.0,-6929
24.80599499189029,17,6.0,-2840
24.806528399006794,16,2.0,1689
24.80653029282805,13,2.0,-9268
24.80661550457611,15,1.0,-7196
24.806844077681617,17,4.0,-1329
24.807183198021715,15,1.0,-7318
24.80815953170933,5,3.0,0
24.808302940404296,13,3.0,-9300
24.8084194338324,13,1.0,-8981
24.810248165436793,15,1.0,-6973
24.81088329702708,14,2.0,-8919
24.811403772084898,15,2.0,-7075
24.811825426880166,13,57.0,-8996
24.81239958445085,15,1.0,-7110
24.814628326806954,15,6.0,-7124
24.815846588590688,16,2.0,5260
24.81642752008072,17,2.0,-4883
24.816501342227237,14,2.0,-9291
24.8168272223504,15,5.0,-7425
24.816869379508894,14,3.0,-8926
24.817104576749937,14,4.0,-9149
24.818123696420695,14,10.0,-9180
24.81895542697917,15,8.0,-7234
24.81900046250116,5,1.0,0
24.82014576997174,5,1.0,0
24.820158578530847,15,1.0,-7401
24.821910768845903,13,2.0,-9021
24.8221070618225,14,3.0,-9240
24.82433619357765,5,2.0,0
24.824704288323666,5,6.0,0
24.8247306146032,6,3.0,7677
24.825101083712596,17,3.0,-4933
24.82551929144987,17,1.0,-8246
24.825712617132876,5,1.0,0
24.826528958682214,15,1.0,-7467
24.82711986318147,14,3.0,-9218
24.82810471399545,14,24.0,-9123
24.82978195287197,15,1.0,-7188
24.82978195287197,17,1.0,-7188
24.83024830961786,15,2.0,-7102
24.831086414370247,13,14.0,-8973
24.831876422666028,16,2.0,649
24.833232234750604,15,3.0,-6944
24.834395478175665,14,2.0,-9158
24.83837306119023,13,1.0,-9189
24.840188607969157,13,4.0,-8951
24.840776588297675,17,1.0,-6225
24.840896858349613,17,1.0,-6914
24.84125331526708,5,1.0,0
24.8442563385499,15,5.0,-7268
24.844644110531032,14,6.0,-9084
24.84546644720607,14,6.0,-9104
24.845625649527065,16,1.0,3440
24.845767332067688,15,4.0,-6941
24.846667702117934,15,4.0,-6959
24.846674502453993,14,2.0,-9112
24.847070505819527,13,3.0,-9009
24.84759386058882,13,1.0,-9130
24.8481298208877,16,3.0,6326
24.84835839450092,14,2.0,-9265
24.848893100220188,15,2.0,-7175
24.849748607104267,13,1.0,-9233
24.85141010954241,5,3.0,0
24.85395258980867,15,3.0,-7255
24.85529322751416,5,4.0,0
24.855987742442693,5,4.0,0
24.856268209895635,5,4.0,0
24.858156596095526,13,39.0,-9075
24.859415352450718,5,3.0,0
24.859993591714538,15,1.0,-7346
24.860408331190712,17,1.0,-894
24.861369389344727,17,3.0,-666
24.861417596666804,5,26.0,0
24.86168267904769,13,1.0,-9114
24.861863583510846,17,1.0,-7357
24.86293274401809,5,2.0,0
24.864798549749114,15,1.0,-6936
24.865377375850816,14,1.0,-9072
24.8658503093303,17,4.0,-5049
24.866200023741573,15,2.0,-7508
24.86681108958723,15,1.0,-7367
24.8679296794938,4,3.0,7684
24.868108484760274,17,3.0,-7226
24.868279226694284,16,1.0,6769
24.868910623323817,13,4.0,-8932
24.869085993128294,16,4.0,5215
24.869562154636494,15,7.0,-6986
24.87066302307416,14,3.0,-8923
24.870771079970744,14,1.0,-9317
24.871378211981366,5,1.0,0
24.875142816653607,14,1.0,-9154
24.87627182398047,15,1.0,-7001
24.87653743384514,13,2.0,-9169
24.879115293038893,15,1.0,-7209
24.879729245600032,17,1.0,-6598
24.880776227019705,17,2.0,-7351
24.88087198407293,13,2.0,-8978
24.88344341756335,5,2.0,0
24.88510048566576,16,1.0,5682
24.886406739070186,15,9.0,-7417
24.886891408178663,15,6.0,-7091
24.89167057692243,14,1.0,-9236
24.891686872323557,17,5.0,-8030
24.892190723045516,16,9.0,6279
24.89343497655995,13,3.0,-8942
24.894126673966248,7,1.0,7650
24.894248865037078,13,5.0,-9177
24.895597470864132,17,2.0,-616
24.897425155841788,15,6.0,-7384
24.900917273286005,13,3.0,-8921
24.90218004704123,15,9.0,-7291
24.90254491144843,17,5.0,-797
24.902567261164386,13,2.0,-9128
24.90506525804409,17,1.0,-6878
24.905825966091946,5,1.0,0
24.90682652274655,15,4.0,-7021
24.906893504368618,14,2.0,-9250
24.90705871809293,13,1.0,-9147
24.90711343967683,15,11.0,-7153
24.907890786958205,16,6.0,5812
24.908018572735767,5,2.0,0
24.90882957258588,15,1.0,-7360
24.909062358826752,15,3.0,-7309
24.90951132968458,14,6.0,-9179
24.91048345352135,15,2.0,-7468
24.910614284293622,13,5.0,-8927
24.9110035395879,5,2.0,0
24.911127952818966,17,7.0,-5930
24.911525862150302,9,4.0,7655
24.912314590484836,5,4.0,0
24.9129502586541,10,5.0,7682
24.914339259982448,14,22.0,-9129
24.91527260758952,15,1.0,-7210
24.915604311910048,14,9.0,-9146
24.916638645209193,15,2.0,-7402
24.918623975937226,17,5.0,-3254
24.919242830666107,17,1.0,-2760
24.921575258852947,10,43.0,7670
24.921829975277284,17,1.0,-4971
24.922432629391732,13,2.0,-9272
24.924817142021087,14,1.0,-9181
24.9267453504589,16,2.0,6128
24.926770546857007,14,1.0,-9246
24.927132342256733,5,40.0,0
24.928072374678415,17,7.0,-6758
24.92999203800916,13,2.0,-9014
24.93005375090928,13,2.0,-9200
24.930067377916796,17,4.0,-8494
24.93054111866714,8,2.0,7318
24.93116154954726,5,1.0,0
24.931934641162638,13,2.0,-9150
24.93433299218238,15,3.0,-6963
24.936447950015978,15,12.0,-7133
24.936711282536358,5,2.0,0
24.937187717924292,13,1.0,-9178
24.93729635559104,17,43.0,-5447
24.937672852146633,14,5.0,-9198
24.93995680414929,17,9.0,-1209
24.940233167430698,15,8.0,-7017
24.940274450204146,15,8.0,-7015
24.941405381081754,13,1.0,-8999
24.941500848812677,16,43.0,217
24.942390544374746,15,2.0,-7350
24.94258090897605,13,2.0,-9151
24.94269883055716,15,1.0,-7372
24.943914868297725,14,5.0,-9174
24.94393824982471,5,3.0,0
24.94433850162018,13,1.0,-9092
24.94456616804999,113,59.0,-9131
24.946083073789005,15,1.0,-7385
24.94839807636777,5,3.0,0
24.94846435780575,14,6.0,-8958
24.94983135298306,17,3.0,-5537
24.950164956470708,15,2.0,-7301
24.950742752877424,15,1.0,-6939
24.950924420129486,5,1.0,0
24.951298968209333,17,30.0,-4190
24.952306926792915,13,2.0,-9221
24.9523921182908,16,28.0,1072
24.95252455510094,17,1.0,-6618
24.95270052660811,13,1.0,-9132
24.953070252612726,13,1.0,-9234
24.953241928889923,113,45.0,-9299
24.954289863728793,17,1.0,-4459
24.954569778071402,13,2.0,-9124
24.955073296625116,14,4.0,-8960
24.95537456584702,5,1.0,0
24.955474505397984,13,2.0,-9105
24.95635299320901,17,1.0,-1287
24.95679005478857,15,7.0,-6988
24.957928725355448,15,7.0,-7310
24.95795208135903,5,1.0,0
24.958326309889006,15,10.0,-7107
24.958990999428842,15,4.0,-7294
24.959124212392382,13,4.0,-9118
24.959771660806673,16,3.0,2682
24.960731144238824,15,2.0,-7123
24.96176921861615,5,13.0,0
24.961852819600384,5,1.0,0
24.962493005104818,14,1.0,-9289
24.962788640865583,14,2.0,-9013
24.965853273171447,11,7.0,7646
24.967844213269245,15,1.0,-7204
24.96791722829132,17,1.0,-1285
24.968213032975456,14,6.0,-9086
24.968586569218772,13,2.0,-9120
24.969100359680905,5,1.0,0
24.969764962900342,13,1.0,-9227
24.969773585565445,16,4.0,3365
24.970809866627743,17,2.0,-5903
24.972033432194443,13,6.0,-9226
24.972288904579692,5,1.0,0
24.972543624209973,15,1.0,-7113
24.97507803203222,17,2.0,-6643
24.976990880832542,15,1.0,-7505
24.977044088027373,13,2.0,-9039
24.977817204001973,5,3.0,0
24.978812884982894,17,2.0,-8260
24.979759340179317,13,1.0,-9295
24.9799131405575,9,4.0,7613
24.98041079915595,15,3.0,-7285
24.981139770547745,5,12.0,0
24.98170102521142,16,6.0,4849
24.981886669823407,13,6.0,-9058
24.982257722406608,17,3.0,-6992
24.984664807427286,15,1.0,-7193
24.984899698682554,17,1.0,-6689
24.984941231118302,13,4.0,-9061
24.986118315987692,13,3.0,-8983
24.986442472784052,15,1.0,-6930
24.9866849902259,13,3.0,-9059
24.987062759836324,15,8.0,-7218
24.987336975770546,15,6.0,-7225
24.987824110640407,14,1.0,-8955
24.987868242772766,17,1.0,-8064
24.988071728607107,15,8.0,-7276
24.9891122209093,16,3.0,4544
24.989559257780087,5,4.0,0
24.989649968673447,15,2.0,-7390
24.98990768157335,17,1.0,-4966
24.991005328327482,5,1.0,0
24.991465492324714,16,2.0,4274
24.992246787855976,17,10.0,-6268
24.992484841091233,1,12.0,7685
24.992944928553115,14,5.0,-9257
24.9930004088937,16,36.0,103
24.993865925312964,17,1.0,-7228
24.994717579816186,17,1.0,-7239
24.9950603696766,15,2.0,-7424
24.995323632927903,17,1.0,-5157
24.99541737340172,15,1.0,-7431
24.996043753278517,13,18.0,-8959
24.996219556330637,13,4.0,-9140
24.997994854226334,15,2.0,-7397
24.99927729153477,11,3.0,7668
24.999356029013832,17,4.0,-5276
25.0004106653341,15,4.0,-8038
25.00148510737939,15,13.0,-7614
25.00148510737939,17,13.0,-7614
25.00175493563881,5,2.0,0
25.004199258393946,15,4.0,-8052
25.004199258393946,17,4.0,-8052
25.004344847139283,5,4.0,0
25.005452731173964,16,7.0,6265
25.006428030807534,15,8.0,-7849
25.006514223124277,14,5.0,-9436
25.008025923119984,17,7.0,-5615
25.009782668265732,13,7.0,-9703
25.01016181392898,15,5.0,-7664
25.011429836968006,16,3.0,3922
25.013595111732407,5,1.0,0
25.015378181673885,15,2.0,-7577
25.016240747215875,5,3.0,0
25.017525988974402,14,6.0,-9442
25.0203860051297,13,1.0,-9418
25.020891952256626,113,51.0,-9510
25.02179756355118,13,2.0,-9446
25.021901158439395,15,1.0,-7759
25.022280419613672,5,21.0,0
25.022549420806826,16,5.0,4770
25.0232880554987,15,2.0,-7952
25.02487252481292,16,40.0,886
25.026164263283157,13,1.0,-9536
25.026760320110935,16,3.0,3513
25.02790096144367,14,21.0,-9506
25.028175233573634,14,2.0,-9723
25.029700965872927,7,1.0,7623
25.03007838963244,13,2.0,-9576
25.03133793489721,13,4.0,-9554
25.031974374291163,15,1.0,-7798
25.03214345393563,16,5.0,2312
25.03357283450131,15,2.0,-7706
25.033870170815078,14,5.0,-9371
25.033952726167243,13,5.0,-9547
25.035357394081988,15,3.0,-7897
25.035483292613918,5,10.0,0
25.036426225119946,15,1.0,-7775
25.03645456492881,13,3.0,-9456
25.036531841380647,13,5.0,-9728
25.038678549569422,5,37.0,0
25.04036579808566,14,3.0,-9509
25.04119564513462,5,14.0,0
25.041267230971474,15,1.0,-8087
25.04130098148128,15,4.0,-7698
25.04247352316463,5,2.0,0
25.04306339417769,14,3.0,-9406
25.044799026214637,15,6.0,-7601
25.044961003984096,16,7.0,747
25.045549288803915,16,42.0,3024
25.045648012329714,17,1.0,-2791
25.046935519610447,16,34.0,5166
25.047076524235337,11,8.0,7669
25.047187593704066,13,3.0,-9627
25.050044133822844,5,4.0,0
25.05103866783571,5,8.0,0
25.051335709418588,15,7.0,-7566
25.052767220425054,13,5.0,-9437
25.05348264396619,14,2.0,-9651
25.053574154858204,15,1.0,-7671
25.05470683019593,13,8.0,-9468
25.055323964558674,16,2.0,2642
25.055996550247443,5,7.0,0
25.060243536598712,5,1.0,0
25.06353364520829,17,2.0,-2002
25.063872597353562,15,7.0,-7771
25.067664435608442,15,2.0,-8067
25.068046603300736,16,26.0,3606
25.06914109450192,5,11.0,0
25.0696455791057,14,3.0,-9615
25.06995891281491,15,1.0,-7516
25.073368229810225,15,4.0,-7520
25.073368229810225,17,4.0,-7520
25.07554074271935,15,3.0,-8091
25.075717108474393,15,1.0,-7514
25.07589440034927,13,1.0,-9382
25.0759567159585,5,4.0,0
25.076039816853967,13,3.0,-9662
25.0763349163579,15,8.0,-7999
25.07686545440486,15,8.0,-7924
25.078298147314754,14,1.0,-9421
25.07854050730562,16,3.0,7122
25.078784572718025,15,2.0,-7535
25.079281859924833,5,4.0,0
25.079918220795925,5,1.0,0
25.082769336011815,13,4.0,-9469
25.083073255231636,13,1.0,-9415
25.083074927085924,5,4.0,0
25.083930416528837,14,1.0,-9328
25.084674747694905,13,1.0,-9475
25.085048990013213,13,2.0,-9603
25.0883476730407,13,3.0,-9466
25.088425317459812,14,1.0,-9556
25.089786643714906,13,2.0,-9585
25.092169906375478,13,1.0,-9725
25.09253247957814,15,1.0,-7517
25.09376409072717,15,3.0,-7871
25.09450739898339,14,8.0,-9677
25.09612839452532,15,2.0,-8066
25.097132757935753,14,2.0,-9402
25.098057719920348,5,3.0,0
25.098321722401543,13,3.0,-9399
25.100205641258864,5,4.0,0
25.10033310965959,15,3.0,-8008
25.100886941093997,13,2.0,-9405
25.101030200623224,14,17.0,-9676
25.101214632653193,15,2.0,-8073
25.102763915725426,15,1.0,-8076
25.10313085540267,14,2.0,-9607
25.10583926601292,5,1.0,0
25.106005371136458,5,1.0,0
25.106239176550616,17,6.0,-200
25.106924908949118,17,1.0,-3187
25.108934460227452,13,1.0,-9608
25.110219186906715,5,1.0,0
25.111358303277058,15,5.0,-7656
25.111562980670936,13,1.0,-9533
25.113923095754917,13,11.0,-9459
25.113999194849487,13,1.0,-9626
25.114545971021286,14,5.0,-9514
25.115506395676686,13,6.0,-9549
25.117271270808256,15,1.0,-7960
25.118700668691837,15,3.0,-7581
25.118785449999102,14,1.0,-9398
25.120521910293586,15,2.0,-7587
25.120752496466032,5,5.0,0
25.12097035802257,16,9.0,3928
25.122345840861545,15,6.0,-7890
25.1223735890212,17,8.0,-3226
25.12410966850329,15,3.0,-7844
25.124770006517,14,1.0,-9726
25.125020053441368,14,5.0,-9448
25.126253824963047,15,3.0,-8020
25.126861926823143,13,7.0,-9496
25.127200795903068,15,6.0,-7936
25.12751670608277,5,41.0,0
25.12827263026685,13,1.0,-9675
25.128294484312153,15,1.0,-7642
25.12964357326004,13,1.0,-9338
25.130559739687687,13,2.0,-9508
25.130673145079587,5,1.0,0
25.130772499361623,14,4.0,-9457
25.13134161646782,13,5.0,-9619
25.131737796243275,14,2.0,-9718
25.132581452626162,14,1.0,-9332
25.132611029959552,15,3.0,-7953
25.133108620526855,5,4.0,0
25.13340198440864,14,2.0,-9367
25.134624272259707,13,1.0,-9595
25.136275520474744,16,9.0,2432
25.137092529726054,15,1.0,-8002
25.137725054193538,15,10.0,-7822
25.137966199162715,14,2.0,-9621
25.139093011493145,15,4.0,-7653
25.14004110960494,5,3.0,0
25.143028953911937,17,3.0,-551
25.143761629018964,16,5.0,1985
25.146007001463747,5,2.0,0
25.147163591049054,13,2.0,-9633
25.147685804572408,16,8.0,4891
25.150180111639862,14,24.0,-9647
25.156726092764117,14,3.0,-9555
25.15681708073469,9,9.0,7658
25.157922710896354,5,20.0,0
25.159623352166864,15,4.0,-7911
25.16216979374222,5,4.0,0
25.163215066499394,15,13.0,-7565
25.163344040115412,17,2.0,-2300
25.166421233668302,5,1.0,0
25.16670595553809,16,4.0,4838
25.16707169318437,17,2.0,-593
25.167651646771212,15,10.0,-8019
25.170491626978478,15,2.0,-8028
25.170934123843516,4,2.0,7686
25.171467966937957,5,4.0,0
25.173203295501132,16,42.0,804
25.173683194696142,15,1.0,-7807
25.175393197303297,15,4.0,-7661
25.17582236065847,5,1.0,0
25.17619968254858,15,2.0,-7519
25.17637909539255,15,1.0,-7882
25.176937642961636,5,1.0,0
25.177503281736758,6,2.0,7676
25.177712292745593,13,2.0,-9578
25.178043035916634,5,3.0,0
25.17887043233242,13,10.0,-9702
25.18403400497867,13,1.0,-9521
25.184967144291697,5,2.0,0
25.185902241872434,13,1.0,-9503
25.18627536408456,14,2.0,-9349
25.187101473286056,5,2.0,0
25.18857534133261,13,7.0,-9336
25.18910203533192,17,3.0,-7394
25.18999462787685,13,8.0,-9424
25.194041525385202,7,6.0,7620
25.1941511963214,15,6.0,-7707
25.195206425537453,15,1.0,-7571
25.19542932640907,15,3.0,-8049
25.1958023089723,15,7.0,-7709
25.19657043396037,5,3.0,0
25.198814283152995,15,2.0,-7630
25.199690674579834,13,1.0,-9389
25.200807964046426,15,6.0,-7612
25.20198049309787,16,1.0,7157
25.20222329364099,15,1.0,-7959
25.202471422189944,15,2.0,-7682
25.202933875189235,13,15.0,-9560
25.203676474232466,15,1.0,-7715
25.20463577872269,9,9.0,7634
25.20547067059941,17,7.0,-3328
25.20601135759248,15,17.0,-7977
25.20881131102107,16,11.0,7199
25.208875218599225,16,6.0,5570
25.209526302503416,17,8.0,-3653
25.211193499950035,16,37.0,2163
25.214082879201126,13,4.0,-9664
25.215340876487172,15,2.0,-7855
25.216598611143073,5,8.0,0
25.21674261628588,14,23.0,-9537
25.216921882248055,15,2.0,-7875
25.217731984679332,5,2.0,0
25.217807553720792,5,2.0,0
25.22352061143943,15,1.0,-7575
25.225038836426005,16,1.0,352
25.2257076896436,17,1.0,-4408
25.22620617518961,14,4.0,-9428
25.227527592613992,15,1.0,-7797
25.2279069668692,13,3.0,-9709
25.228758668312132,13,1.0,-9613
25.229376212976703,14,20.0,-9721
25.22981229941162,15,3.0,-7838
25.232235486362256,14,47.0,-9572
25.233356086375018,5,1.0,0
25.233655651614868,13,3.0,-9358
25.234845925907297,15,1.0,-7549
25.234845925907297,17,1.0,-7549
25.2348799181686,13,1.0,-9452
25.23513238072112,13,2.0,-9461
25.235619887277785,13,2.0,-9561
25.235804251063882,15,3.0,-7741
25.23591427983684,17,2.0,-94
25.236513500890197,15,1.0,-7683
25.2369202401224,16,38.0,319
25.237142177955583,13,1.0,-9648
25.23840466494594,17,2.0,-3630
25.23893589161639,13,1.0,-9453
25.239735257406192,5,10.0,0
25.239941267803594,14,4.0,-9732
25.243503145626793,15,1.0,-7917
25.243993331622605,16,4.0,3025
25.244645895170297,13,2.0,-9679
25.246041154461253,13,9.0,-9505
25.2461441891718,13,1.0,-9488
25.247399744022886,5,2.0,0
25.247551728964872,13,2.0,-9586
25.25119579778055,14,1.0,-9553
25.25232979713601,14,3.0,-9331
25.252705454169586,15,1.0,-7621
25.254358611346902,15,16.0,-7611
25.25468225660469,5,1.0,0
25.254783904071406,15,6.0,-7610
25.254908710634677,14,3.0,-9660
25.25661178644705,5,4.0,0
25.257355207810257,16,2.0,6260
25.258196490544464,14,3.0,-9523
25.25834825319661,15,12.0,-7978
25.258544558821594,15,2.0,-7603
25.258544558821594,17,2.0,-7603
25.26005589559849,13,1.0,-9473
25.260056427258913,15,1.0,-7895
25.262442978934384,16,2.0,5270
25.263173682725654,13,1.0,-9374
25.263616918467147,7,2.0,7571
25.26462930456166,14,2.0,-9335
25.265884520773014,15,1.0,-7695
25.26599804757359,15,1.0,-7928
25.266102020242638,14,2.0,-9410
25.26636339564631,16,2.0,1802
25.266524943111236,14,2.0,-9590
25.267359225623572,14,3.0,-9598
25.267378747848312,12,4.0,7674
25.26961021053301,14,19.0,-9334
25.271550701812107,15,5.0,-7979
25.271828528545935,15,5.0,-8025
25.272597110946016,14,3.0,-9326
25.272872283326272,15,1.0,-7712
25.272986302303565,14,4.0,-9610
25.273760863746293,13,2.0,-9330
25.27379369774196,13,5.0,-9378
25.274638361002484,5,3.0,0
25.27530137942099,14,2.0,-9386
25.27821833923637,16,1.0,5250
25.278643642377396,15,1.0,-7800
25.27882630756848,16,1.0,2840
25.279465562301166,5,1.0,0
25.279563974511987,5,2.0,0
25.282776137496203,15,16.0,-7624
25.2845139259371,15,8.0,-7617
25.286105312032443,13,1.0,-9681
25.28617843516649,15,6.0,-7810
25.286487226761377,16,43.0,582
25.28762842614217,13,1.0,-9413
25.28972696487594,6,3.0,7683
25.28999443306969,11,17.0,7667
25.29024359787557,13,3.0,-9344
25.29099373036462,13,2.0,-9563
25.291731160271215,17,2.0,-5311
25.293224552295435,5,4.0,0
25.29391859578119,17,1.0,-1289
25.293978082732544,16,1.0,5547
25.294777075089964,5,2.0,0
25.296063534094777,16,50.0,2736
25.296733527041127,15,3.0,-7731
25.29697374876501,5,9.0,0
25.299429432590305,13,1.0,-9364
25.29958440571426,15,1.0,-7908
25.300553248812058,17,1.0,-5695
25.300937687730013,13,1.0,-9368
25.305460853764885,5,2.0,0
25.30794527473588,13,2.0,-9671
25.308551003820803,13,2.0,-9489
25.30922006483847,14,3.0,-9693
25.31039440519231,15,2.0,-7665
25.3108401865885,5,1.0,0
25.3116002465108,13,1.0,-9699
25.311653909872657,14,2.0,-9625
25.311954925284567,13,4.0,-9531
25.311992827075883,15,10.0,-7811
25.3134631349417,12,5.0,7665
25.31407175702497,13,3.0,-9360
25.31494313057978,5,2.0,0
25.31595029844599,5,1.0,0
25.316977610192552,17,4.0,-3809
25.318286616719345,13,3.0,-9706
25.318980552115374,15,60.0,-7543
25.322028416484507,14,3.0,-9479
25.322331357538346,14,3.0,-9394
25.32254935410955,14,1.0,-9447
25.322567494392715,15,5.0,-7873
25.32374067357205,15,3.0,-7518
25.324749012759945,16,1.0,6007
25.325206427168666,15,3.0,-7805
25.32523808655327,15,1.0,-7513
25.326686458083437,5,11.0,0
25.32922275125113,17,2.0,-3936
25.329388597615395,5,2.0,0
25.330578260095084,16,3.0,3716
25.332100650998534,10,3.0,7684
25.333282721552777,13,1.0,-9707
25.335793445824468,15,2.0,-7991
25.336181894049567,6,5.0,7679
25.336361203463895,13,2.0,-9568
25.337008201638206,15,1.0,-7615
25.338030602731695,5,2.0,0
25.338146952448984,5,3.0,0
25.338386000706606,17,1.0,-4422
25.34051137398266,15,1.0,-7562
25.34125620256454,16,1.0,182
25.34161289765988,15,1.0,-7808
25.34183848448368,13,5.0,-9622
25.342512515607144,14,4.0,-9542
25.343134106440118,11,8.0,7582
25.34322530524475,5,3.0,0
25.343398266445238,14,2.0,-9579
25.343453890662236,15,2.0,-7620
25.345273528459867,15,3.0,-7850
25.345281154623635,14,2.0,-9628
25.34598989857597,17,1.0,-5701
25.34609163299166,15,1.0,-7998
25.346285731867024,17,2.0,-5134
25.34828752477059,13,1.0,-9612
25.34899351855808,15,2.0,-7582
25.349379811938142,17,4.0,-1977
25.350734129127346,13,1.0,-9443
25.35188784443372,15,2.0,-7989
25.352030432092068,14,26.0,-9497
25.352577256228443,5,1.0,0
25.353112828715222,10,21.0,7681
25.353803696366324,5,2.0,0
25.35421617993824,15,7.0,-7863
25.354241729434253,15,2.0,-7696
25.35630044276104,15,2.0,-7660
25.35689905541064,15,2.0,-7716
25.356933995279235,13,13.0,-9546
25.357326395484286,5,5.0,0
25.359636806379786,13,1.0,-9352
25.360149982094683,13,1.0,-9666
25.360624807284545,14,4.0,-9593
25.361582342131836,15,8.0,-8016
25.361660844864524,13,2.0,-9416
25.362140035934534,13,1.0,-9658
25.36216422375797,17,1.0,-5271
25.36273586129532,15,1.0,-7923
25.364021107483772,13,2.0,-9600
25.364451329736383,14,2.0,-9711
25.366116420580717,15,1.0,-8023
25.366872011745176,13,2.0,-9589
25.368150442349624,1,1.0,7687
25.368863961821827,14,1.0,-9669
25.36927137326584,17,2.0,-6173
25.36976251409416,5,6.0,0
25.370246413313467,16,3.0,5389
25.370413919758537,15,1.0,-7551
25.370427546970532,5,4.0,0
25.37174281802704,16,50.0,1913
25.37350712348072,17,1.0,-3235
25.374494877294694,14,4.0,-9564
25.37657192942309,13,2.0,-9387
25.377462153072265,5,1.0,0
25.37887218817667,17,3.0,-4744
25.378897070828245,16,5.0,6282
25.3793862204913,5,2.0,0
25.379675932386167,13,1.0,-9543
25.379779979773094,15,3.0,-7652
25.381431253689183,13,2.0,-9427
25.381495146106058,15,4.0,-7553
25.38246749559861,16,17.0,4418
25.38250705713331,14,4.0,-9441
25.38428066649526,14,2.0,-9355
25.384712367939205,17,2.0,-6841
25.38553273035548,13,20.0,-9574
25.385851365623147,13,1.0,-9454
25.38643485161731,13,1.0,-9412
25.38644864578083,5,1.0,0
25.38655911387273,17,1.0,-4859
25.386942088786355,13,1.0,-9596
25.3879030494165,17,5.0,-760
25.388256538647077,5,16.0,0
25.388877360650536,14,2.0,-9499
25.389677545833052,14,3.0,-9696
25.389861145743257,16,6.0,7487
25.391010674080935,13,1.0,-9380
25.391535747171353,15,10.0,-7547
25.39247017487706,15,2.0,-7586
25.394876981191945,15,5.0,-8051
25.39749309202252,17,7.0,-384
25.39812004150375,13,1.0,-9379
25.39843750915448,15,1.0,-7966
25.398634633538173,13,1.0,-9511
25.398643600234166,16,9.0,4957
25.399258416818213,113,56.0,-9541
25.400266327113467,5,2.0,0
25.401279515848536,5,1.0,0
25.40257472375749,13,2.0,-9517
25.40380993025437,14,1.0,-9653
25.404802611634448,5,4.0,0
25.40777397894494,5,1.0,0
25.408486211311665,14,3.0,-9632
25.412050664148758,14,1.0,-9687
25.41210821033359,15,2.0,-7814
25.41230894622083,5,16.0,0
25.412501924199894,17,1.0,-4343
25.412596074201772,5,1.0,0
25.41351852491904,15,1.0,-7627
25.41440632965776,17,3.0,-4486
25.41667011158424,15,1.0,-7951
25.417379277856554,13,1.0,-9708
25.41832899729812,17,3.0,-4741
25.418383139230414,13,8.0,-9643
25.41977446172941,14,9.0,-9485
25.419965852238782,17,1.0,-4111
25.421023377104554,16,49.0,362
25.421384704367885,16,4.0,5027
25.42153615179986,5,2.0,0
25.422151930349496,13,2.0,-9343
25.423028595701624,13,1.0,-9464
25.42359146902864,13,1.0,-9705
25.424570842330464,13,2.0,-9731
25.426848394105033,14,3.0,-9618
25.42725051391766,16,1.0,5528
25.428652210973798,15,2.0,-7734
25.429486592062027,5,1.0,0
25.431199355122594,13,3.0,-9680
25.432472685647053,5,3.0,0
25.43468539509492,13,2.0,-9372
25.43586027698356,7,1.0,7587
25.437215230179962,15,1.0,-8054
25.439552379785955,14,53.0,-9324
25.43987709064461,13,6.0,-9460
25.441688043154578,15,5.0,-7856
25.442108690586586,15,1.0,-7927
25.44248797812603,13,3.0,-9411
25.443227565575306,15,1.0,-7929
25.443587495699887,16,1.0,5074
25.444007122457535,17,1.0,-2203
25.445764218199233,5,7.0,0
25.446362334148894,13,4.0,-9689
25.447333068741386,15,2.0,-7918
25.4486457842232,17,13.0,-5623
25.449152857371313,14,4.0,-9491
25.45032278723476,5,1.0,0
25.450565637153392,16,40.0,6242
25.45290503895511,16,3.0,4429
25.45328771300892,13,2.0,-9351
25.453545498082597,14,4.0,-9333
25.45380939266123,15,6.0,-7714
25.454118064197317,17,5.0,-4634
25.458192462716557,15,1.0,-7743
25.458277499332137,5,2.0,0
25.458538402916226,16,3.0,2208
25.458668046882146,5,7.0,0
25.459740661103595,13,6.0,-9634
25.460801105479074,5,4.0,0
25.46120810172573,13,1.0,-9429
25.46250984079682,13,1.0,-9650
25.4641098218626,5,6.0,0
25.46512905321834,17,1.0,-4088
25.469048348812144,13,3.0,-9605
25.47029228187163,17,7.0,-4752
25.47065813374289,15,2.0,-8093
25.47232308904416,13,2.0,-9385
25.472439531517796,14,3.0,-9535
25.473498237945684,13,1.0,-9575
25.474711199075475,13,4.0,-9635
25.475352609273482,15,4.0,-7557
25.475531018655847,13,2.0,-9592
25.476063857978712,5,6.0,0
25.476945759097195,13,3.0,-9495
25.477195846435016,17,9.0,-7961
25.477377937336854,13,1.0,-9376
25.478560217258774,15,6.0,-7651
25.478801551462293,13,2.0,-9423
25.47922698849653,15,1.0,-7568
25.48057373501563,17,40.0,-5439
25.481156222290842,5,2.0,0
25.481204335952725,15,3.0,-7833
25.48187518937289,6,2.0,7641
25.481936340624205,15,6.0,-7590
25.482065644737546,16,23.0,1875
25.482406400753113,15,4.0,-8046
25.484853643199962,15,1.0,-7544
25.487104234571685,14,2.0,-9431
25.487788826736608,15,2.0,-7669
25.487805842694332,13,2.0,-9393
25.48862590367012,15,12.0,-7945
25.489090840781667,15,13.0,-7595
25.489479916247106,13,1.0,-9548
25.490059901653957,14,1.0,-9396
25.49072865916217,5,56.0,0
25.491464576334884,14,5.0,-9363
25.491805924008528,13,1.0,-9704
25.49389496064531,15,2.0,-7613
25.493906804240464,17,1.0,-4745
25.49610602193146,14,17.0,-9476
25.497366839428096,17,3.0,-3504
25.499409528302742,13,6.0,-9584
25.50060586443444,5,1.0,0
25.501671516214046,15,5.0,-7680
25.50200806003405,13,5.0,-9377
25.502088818800743,15,1.0,-7626
25.502473534984215,17,6.0,-6219
25.503909953377427,13,1.0,-9587
25.504554579539604,14,3.0,-9606
25.505202973963247,15,2.0,-7944
25.505597314640514,13,2.0,-9583
25.507944395775272,13,1.0,-9426
25.508990080353875,5,13.0,0
25.511585408326155,5,2.0,0
25.512196741291422,15,3.0,-7663
25.51282697561467,15,1.0,-7638
25.51301012413224,5,2.0,0
25.51390967048164,6,1.0,7687
25.51403613775475,15,1.0,-7634
25.51433652084091,13,2.0,-9515
25.51560866236535,15,1.0,-7686
25.51603320274388,14,1.0,-9487
25.516253897182693,16,3.0,6573
25.51669716023919,15,8.0,-7639
25.517444209067893,15,17.0,-7867
25.517685107397426,16,7.0,6075
25.519698177732604,13,1.0,-9490
25.520423783089054,5,3.0,0
25.522012560151833,113,57.0,-9430
25.522263086001832,17,2.0,-6757
25.522343510466317,15,3.0,-7681
25.524285460549134,5,3.0,0
25.524656768910734,14,1.0,-9655
25.527772243464078,16,2.0,4182
25.529478737844418,5,3.0,0
25.529979272436115,15,1.0,-7719
25.530171991996664,13,1.0,-9570
25.530760926624744,17,12.0,-6410
25.53081893265281,17,2.0,-8065
25.53110163242863,13,6.0,-9327
25.531218837355027,15,5.0,-7708
25.531803141257328,15,3.0,-7931
25.53322954257663,113,34.0,-9528
25.533588547592174,5,1.0,0
25.533707052423722,13,2.0,-9482
25.534461173061814,113,48.0,-9573
25.53578343344928,14,1.0,-9668
25.53708547283421,14,10.0,-9692
25.539931021141697,16,3.0,5847
25.540523038236508,14,6.0,-9665
25.540535685706406,14,2.0,-9532
25.54115860048909,10,39.0,7572
25.542149784182342,14,2.0,-9638
25.542561294809904,13,5.0,-9714
25.544174628423335,15,1.0,-7701
25.544428523462525,15,3.0,-7803
25.54546595396551,13,4.0,-9558
25.546633422466783,5,5.0,0
25.547179329278602,5,4.0,0
25.549021707937285,13,1.0,-9370
25.550051023980334,15,3.0,-7753
25.550175770582968,13,1.0,-9697
25.55116521832338,14,1.0,-9527
25.551465168672447,15,2.0,-7605
25.55222471852333,5,4.0,0
25.552778556863224,17,3.0,-3528
25.552789356245135,13,5.0,-9661
25.552995639806717,15,1.0,-7832
25.553474001497783,17,2.0,-2995
25.555432073189028,17,2.0,-306
25.556483963531925,15,1.0,-7912
25.556636476360595,16,8.0,3575
25.557271646679503,15,1.0,-7637
25.557676837357636,13,4.0,-9525
25.558750435216318,13,3.0,-9362
25.559479538524222,17,2.0,-961
25.56159215985936,113,58.0,-9733
25.56289601755032,13,1.0,-9401
25.56436593820761,5,2.0,0
25.56619419779886,13,3.0,-9366
25.566962597445688,5,2.0,0
25.56745243373823,13,1.0,-9672
25.570868613599515,15,10.0,-7685
25.57092273402939,5,3.0,0
25.57107429147312,5,4.0,0
25.57178968517064,14,2.0,-9710
25.57300489274728,15,22.0,-8074
25.574307263162925,17,1.0,-5303
25.574626342958126,17,4.0,-4324
25.576887785276337,13,1.0,-9409
25.5774772840562,13,8.0,-9673
25.57759935894886,113,19.0,-9325
25.57791550150942,12,4.0,7600
25.578570373876076,15,1.0,-7757
25.579592529630524,14,3.0,-9636
25.580043616169124,13,1.0,-9404
25.58174964945388,15,3.0,-7877
25.58175149640582,15,2.0,-7881
25.5834273463512,17,1.0,-3870
25.58467579436339,5,3.0,0
25.584824688072977,15,3.0,-8090
25.58562660302138,13,1.0,-9604
25.585833449073597,14,4.0,-9356
25.586305596527247,5,4.0,0
25.586513491873962,5,2.0,0
25.58721418239888,13,2.0,-9701
25.587734487972472,17,1.0,-7435
25.58779265684401,13,3.0,-9373
25.58818313285414,14,2.0,-9720
25.588256980622074,13,5.0,-9390
25.588322004772525,13,6.0,-9365
25.58937559006278,17,11.0,-7903
25.592299023617386,2,31.0,7688
25.59360740715419,14,50.0,-9577
25.594852830486268,15,1.0,-7730
25.59591221550826,15,2.0,-7673
25.596523344303467,13,2.0,-9674
25.596923722173866,5,9.0,0
25.597368437183285,5,1.0,0
25.597583770838554,15,3.0,-7628
25.598118969954342,5,2.0,0
25.598204311693696,15,27.0,-7773
25.598618907884397,14,2.0,-9419
25.59898133946054,15,4.0,-7556
25.599847547506936,13,9.0,-9492
25.600104197142002,16,41.0,2315
25.600885282306667,14,9.0,-9451
25.601492425554497,17,41.0,-6422
25.604995708024937,17,5.0,-3418
25.60550163779908,14,50.0,-9420
25.60585280974492,15,1.0,-7555
25.607521661171454,17,1.0,-4763
25.60862763692008,15,1.0,-7987
25.609073723741655,15,1.0,-7654
25.610404202356026,5,4.0,0
25.611402985635294,17,3.0,-2443
25.61301267193701,15,5.0,-8027
25.613900506787772,17,2.0,-7412
25.614205947917725,13,9.0,-9501
25.614286830843508,13,1.0,-9670
25.614814290423354,17,3.0,-4305
25.61578364473784,17,6.0,-732
25.61650624745383,5,4.0,0
25.616763377797195,1,2.0,7689
25.617205469202478,13,2.0,-9484
25.617412545848627,17,1.0,-4644
25.61832127535142,17,6.0,-5782
25.619638219365,17,1.0,-3570
25.619674588862235,14,9.0,-9353
25.620762014719393,17,4.0,-4420
25.623526056784172,17,4.0,-1745
25.624595909894744,14,1.0,-9472
25.626604077714735,14,7.0,-9526
25.62726869521359,5,3.0,0
25.627874267969975,13,1.0,-9729
25.627896275684474,13,1.0,-9361
25.63012802275933,1,2.0,7690
25.63024417177143,15,1.0,-7576
25.630620862973462,13,1.0,-9340
25.631057754845646,13,3.0,-9713
25.632174235578933,13,1.0,-9620
25.633522706469368,17,1.0,-906
25.637882786459986,5,13.0,0
25.63856491357857,16,5.0,5630
25.63867228562539,17,3.0,-6783
25.63894419181904,14,9.0,-9445
25.640113794334738,15,1.0,-7659
25.640669088935088,17,6.0,-6577
25.640967906633588,13,1.0,-9520
25.64129837378978,15,1.0,-7558
25.641535214311634,17,1.0,-1313
25.64164487746779,14,2.0,-9486
25.642331918338044,17,1.0,-6891
25.64304276425892,5,1.0,0
25.643747254674043,13,1.0,-9717
25.644669907345587,17,7.0,-5684
25.6447782902593,16,8.0,6905
25.644934471065948,5,2.0,0
25.64530274819401,6,2.0,7690
25.64645672281487,13,1.0,-9567
25.64753481077994,13,1.0,-9513
25.648272957633186,5,2.0,0
25.649395005574007,15,4.0,-7778
25.649455022237575,13,3.0,-9483
25.650367670533612,14,2.0,-9551
25.653651192127054,7,3.0,7677
25.653771306529066,15,9.0,-7816
25.653771306529066,17,9.0,-7816
25.65514432092386,13,2.0,-9566
25.655166441153675,17,2.0,-4772
25.655383735935505,17,2.0,-6020
25.655862919447394,16,6.0,6717
25.658765125261336,13,1.0,-9659
25.65917873865486,17,8.0,-7593
25.65933443286018,14,2.0,-9463
25.65950026223004,13,2.0,-9540
25.65988957261068,1,1.0,7691
25.6599766196101,13,2.0,-9414
25.66185716707697,12,5.0,7682
25.66200012810796,15,2.0,-7815
25.66268608571461,17,1.0,-6753
25.664517057496198,15,4.0,-7806
25.66585104172089,13,7.0,-9500
25.667688901443736,15,2.0,-7744
25.668093507232026,17,2.0,-6624
25.671410494174676,14,1.0,-9539
25.67150697336019,15,1.0,-7554
25.673673201003158,13,3.0,-9569
25.674203547395827,13,7.0,-9347
25.67468097916102,17,2.0,-2825
25.67555861202303,14,6.0,-9683
25.67692580897965,17,4.0,-4891
25.67828781527723,15,1.0,-8041
25.679643473985244,17,8.0,-1583
25.679807932556358,11,18.0,7660
25.681011049228516,13,2.0,-9522
25.682043288938722,17,25.0,-3039
25.682044133277316,15,2.0,-7802
25.68236339102861,17,1.0,-4244
25.68268691239284,5,1.0,0
25.682771230289248,17,5.0,-6969
25.683151977815886,16,45.0,7648
25.684027468751843,17,2.0,-318
25.684717225273825,5,2.0,0
25.68515076810926,13,1.0,-9493
25.687690283600293,13,3.0,-9562
25.687861438317626,17,10.0,-4198
25.68900659761833,15,2.0,-7756
25.689802078172274,14,2.0,-9400
25.690266630410008,5,1.0,0
25.690610898136047,13,1.0,-9630
25.69079341017319,14,19.0,-9656
25.691030183393828,17,1.0,-3475
25.69108496131547,15,2.0,-7672
25.69261015074527,13,1.0,-9350
25.695062098850965,5,1.0,0
25.695921802886264,17,31.0,-7949
25.69611752241661,15,1.0,-7935
25.69660386124746,15,4.0,-8004
25.697656261189035,14,8.0,-9474
25.69771406837829,14,5.0,-9716
25.698467828338288,17,1.0,-1169
25.69848886296042,17,2.0,-7783
25.699579237417122,17,2.0,-1147
25.701910252047863,5,26.0,0
25.702880001223075,16,33.0,3696
25.703016193509516,15,3.0,-8057
25.703016193509516,17,3.0,-8057
25.70518519357554,13,1.0,-9559
25.705387136913366,14,7.0,-9408
25.706036311200158,13,11.0,-9678
25.706069715893893,13,1.0,-9530
25.706759102829388,13,2.0,-9582
25.709719214466926,16,1.0,6980
25.711835813578954,14,4.0,-9481
25.71316327357637,13,4.0,-9438
25.71385174007509,14,7.0,-9599
25.7140069591354,17,1.0,-2999
25.7146649077228,15,1.0,-7919
25.71716220103806,16,18.0,6644
25.71805252447706,13,1.0,-9407
25.718141787599073,14,3.0,-9545
25.71953263800992,14,4.0,-9685
25.720014728725705,13,3.0,-9684
25.72041171575476,17,1.0,-5992
25.720745683083898,13,1.0,-9392
25.72133946330426,17,1.0,-4021
25.721660143292244,14,20.0,-9581
25.72216014445239,15,1.0,-7853
25.723201567739174,14,8.0,-9565
25.723880265434197,5,12.0,0
25.723930783770204,14,1.0,-9395
25.725714949442775,14,2.0,-9329
25.72574864528494,15,2.0,-7950
25.72759831171941,17,2.0,-8400
25.72787655218195,17,1.0,-5925
25.728560280619813,17,3.0,-6059
25.728884534124763,14,3.0,-9597
25.72899539397954,15,6.0,-7609
25.729119527321185,14,4.0,-9397
25.729360778864226,14,1.0,-9507
25.730933919939396,17,2.0,-4255
25.730935723530504,17,2.0,-5392
25.732001190378845,13,1.0,-9345
25.732686038157716,13,1.0,-9435
25.73279778714175,15,3.0,-7845
25.734589065763828,17,4.0,-6766
25.735592761724774,17,1.0,-6888
25.735679558543872,17,10.0,-3165
25.735817562353283,13,1.0,-9695
25.73593291083534,14,3.0,-9657
25.736448496987897,5,3.0,0
25.736938447178133,17,2.0,-2939
25.73700969029385,3,2.0,7692
25.73721216756459,15,5.0,-7891
25.737220017830566,13,3.0,-9465
25.737584091021528,15,4.0,-7821
25.737658313275784,15,11.0,-8059
25.73906411755192,15,2.0,-7649
25.739208914552858,14,13.0,-9609
25.740217747530668,5,6.0,0
25.742945740995435,15,3.0,-8011
25.74322165756403,17,4.0,-2574
25.74350633482259,14,1.0,-9629
25.74452272955553,15,1.0,-8079
25.74483436356509,17,5.0,-4278
25.74627081544643,17,2.0,-2317
25.748146728631628,5,5.0,0
25.748562842585397,13,1.0,-9369
25.748863584545177,13,2.0,-9724
25.749411820576377,16,57.0,3014
25.749664760876755,15,1.0,-7597
25.75092174210671,13,1.0,-9544
25.751195966312903,17,8.0,-7449
25.751216035500146,13,13.0,-9381
25.7519046083362,5,5.0,0
25.75315482668845,17,1.0,-201
25.75330540720923,15,2.0,-7902
25.753641123807064,5,7.0,0
25.75571402625948,17,3.0,-394
25.756255639801015,15,1.0,-7792
25.75761085622519,17,1.0,-500
25.761318566674223,13,2.0,-9538
25.76197885547549,13,11.0,-9588
25.76314321751121,14,1.0,-9477
25.764555740176355,16,58.0,2332
25.764812921676764,5,6.0,0
25.76513740889702,15,2.0,-7809
25.76532446134337,17,45.0,-5876
25.765619921960575,13,2.0,-9682
25.766250435585864,17,4.0,-5771
25.766352284218858,17,1.0,-5920
25.766967070820826,17,1.0,-5519
25.768232915507898,13,1.0,-9440
25.76958384066033,14,2.0,-9342
25.770383891223133,5,1.0,0
25.770583307780896,14,1.0,-9617
25.775039319168354,16,1.0,2123
25.776266724982012,17,1.0,-5648
25.776344337110668,15,1.0,-7905
25.77760269293421,14,1.0,-9432
25.778897685524,14,2.0,-9348
25.781164987406417,17,2.0,-6548
25.78189565185625,5,4.0,0
25.78205448059509,17,1.0,-7879
25.783215243764978,17,1.0,-953
25.783850047185062,5,2.0,0
25.784254538507323,15,4.0,-7748
25.78466988700586,5,1.0,0
25.78540224502286,13,1.0,-9512
25.78628824690725,13,4.0,-9623
25.786613226658147,15,31.0,-7766
25.78672378728933,13,16.0,-9637
25.78734677630501,13,1.0,-9391
25.788295127700582,15,10.0,-7842
25.788325983311505,13,2.0,-9640
25.788338376088824,5,5.0,0
25.78841078326776,15,1.0,-7789
25.78854203984426,17,2.0,-2468
25.78988105579869,17,2.0,-7056
25.79016998911007,17,1.0,-5708
25.790590476556496,5,3.0,0
25.791419853915464,17,1.0,-4490
25.79157475051456,16,3.0,4786
25.791735071259254,13,8.0,-9557
25.792205958095973,15,6.0,-7596
25.794145684497092,5,4.0,0
25.794616463565404,17,38.0,-3563
25.794705228977126,6,2.0,7689
25.794848472930383,13,1.0,-9688
25.795883125568388,13,1.0,-9524
25.797098252721376,13,3.0,-9602
25.79858950242049,5,1.0,0
25.799679580960692,13,1.0,-9591
25.800710635660483,15,2.0,-7739
25.801490505443223,5,2.0,0
25.801499917751162,17,4.0,-6510
25.8019706623164,13,1.0,-9631
25.80327778846755,17,12.0,-8482
25.803746585095496,14,1.0,-9700
25.804255312341645,16,2.0,4998
25.80489497279874,15,3.0,-7602
25.806367648146697,17,1.0,-8053
25.806439141094046,15,1.0,-7526
25.80733198254021,15,1.0,-7645
25.80745387852671,13,10.0,-9502
25.80765035279164,6,2.0,7678
25.808835084880247,15,1.0,-7619
25.809296016900063,14,6.0,-9645
25.809426428521455,15,5.0,-7632
25.81119472750064,5,3.0,0
25.811278207431343,14,3.0,-9594
25.811441619919016,14,2.0,-9450
25.812143533736794,14,3.0,-9642
25.813650214550226,13,2.0,-9652
25.81427186695918,5,2.0,0
25.81456699833707,15,1.0,-8024
25.814995235476427,17,4.0,-1751
25.815658604597665,13,3.0,-9686
25.815888341462212,9,4.0,7674
25.817538130831828,13,2.0,-9518
25.819034082313337,16,10.0,894
25.819799932721647,15,5.0,-7976
25.820109632581598,16,5.0,5398
25.82036456507918,14,3.0,-9516
25.82040584740686,14,1.0,-9388
25.821059162058745,15,1.0,-7711
25.821098829903296,17,5.0,-3481
25.82341595872472,14,2.0,-9467
25.825139073487033,14,2.0,-9552
25.826011733177893,16,1.0,6365
25.827806270201275,5,3.0,0
25.82952069215779,15,3.0,-7564
25.830609937369836,17,2.0,-1707
25.830833151435932,17,1.0,-1311
25.832583506607843,17,1.0,-6370
25.833499296173905,5,2.0,0
25.83355019696699,13,1.0,-9519
25.83548818972839,17,1.0,-3008
25.83765377075943,15,13.0,-7608
25.837830543949497,13,1.0,-9727
25.838403123211407,16,6.0,6466
25.83909189513901,16,7.0,5523
25.839361309029517,14,1.0,-9601
25.839411212540007,13,4.0,-9730
25.840520156887454,5,3.0,0
25.841290196100232,14,1.0,-9663
25.841636352207423,14,3.0,-9550
25.84181656771215,5,2.0,0
25.84183926970153,15,1.0,-7970
25.84228230282381,13,2.0,-9580
25.842292149954094,13,5.0,-9470
25.843007338027416,5,2.0,0
25.84378959570127,16,5.0,3886
25.843888873053253,16,6.0,557
25.844368392003982,15,2.0,-7515
25.84596057660717,5,1.0,0
25.846575547998285,15,3.0,-8040
25.846647909989503,17,2.0,-5203
25.84668208859561,16,5.0,6666
25.847066492105668,15,1.0,-7883
25.848649886515773,16,14.0,4769
25.85017022393099,5,1.0,0
25.850548688868443,13,3.0,-9649
25.8550592062896,15,2.0,-7943
25.856129100189047,5,1.0,0
25.857206451564345,17,7.0,-2958
25.857551970087876,15,2.0,-7817
25.85817197821404,13,5.0,-9690
25.858575217176117,15,2.0,-7932
25.859440145873318,13,2.0,-9357
25.859588205095335,15,3.0,-8081
25.85971137691254,15,5.0,-7718
25.86174431143039,13,1.0,-9478
25.862015348761673,15,4.0,-7631
25.862195681502605,17,5.0,-7868
25.86301484895392,17,1.0,-8048
25.863065528506286,15,1.0,-7548
25.863229349650883,16,6.0,1386
25.866114710393855,13,1.0,-9403
25.866639397115385,5,2.0,0
25.868352522522496,13,1.0,-9529
25.868877044362826,17,2.0,-813
25.86908595997264,16,12.0,1274
25.869190397951606,15,2.0,-7509
25.86919809114383,13,2.0,-9722
25.869661976536932,16,3.0,2948
25.870922272563636,5,10.0,0
25.872046334799776,16,9.0,1384
25.872620929599556,14,2.0,-9624
25.872914415369834,15,2.0,-7857
25.874368591845506,15,4.0,-7839
25.874368591845506,17,4.0,-7839
25.874822043508956,13,2.0,-9341
25.87492708675906,7,2.0,7657
25.875560528605973,15,2.0,-7787
25.876007572321996,15,2.0,-7840
25.877803432464383,16,2.0,445
25.87977583296806,15,1.0,-7737
25.881263498300076,6,8.0,7671
25.882637755092638,16,3.0,7048
25.883089833548908,15,1.0,-7729
25.883089833548908,17,1.0,-7729
25.88325969335962,17,19.0,-3793
25.883329626966336,16,5.0,4855
25.883483947744253,13,1.0,-9694
25.885204344357135,14,1.0,-9504
25.88596009316042,13,1.0,-9494
25.88622767759711,13,1.0,-9719
25.887523630808673,17,11.0,-6975
25.887783142388177,17,1.0,-3621
25.889203593945126,15,5.0,-7657
25.890743273198076,15,2.0,-7859
25.892483137866897,15,3.0,-8061
25.892948174366435,13,3.0,-9667
25.89350180852471,13,21.0,-9471
25.894128994928614,5,8.0,0
25.895045641493404,13,1.0,-9354
25.895257335051483,17,6.0,-697
25.89530631302934,15,1.0,-8044
25.899302131345582,17,27.0,-4833
25.900299444245967,13,2.0,-9449
25.90033666262494,17,4.0,-7348
25.901088693556176,15,3.0,-7865
25.901248592283128,5,2.0,0
25.90169558548135,15,2.0,-7993
25.9021286963651,15,1.0,-7607
25.902206036612412,14,3.0,-9339
25.902594018206628,15,15.0,-7914
25.906161876299457,13,1.0,-9691
25.90616321336013,5,4.0,0
25.906168299431492,5,3.0,0
25.906282809282544,15,2.0,-7752
25.906305975724614,15,3.0,-7713
25.906311922752383,5,1.0,0
25.906343249896278,15,2.0,-7886
25.910257993966674,15,9.0,-7878
25.91202065780085,13,1.0,-9425
25.91236276070718,17,2.0,-5592
25.91248619193282,13,1.0,-9571
25.91295193680807,17,2.0,-6874
25.915553942702356,13,5.0,-9337
25.91646887225299,6,12.0,7685
25.917748822895522,13,5.0,-9455
25.91840213232515,17,1.0,-8082
25.919000753726483,15,5.0,-7697
25.919543089921504,16,10.0,3708
25.92091320460357,14,5.0,-9715
25.921532311734566,17,2.0,-4817
25.92357282730632,5,1.0,0
25.923966595181632,15,3.0,-7758
25.92397356910632,17,5.0,-4729
25.924220920729546,17,3.0,-5550
25.924314451837994,15,6.0,-7594
25.92457640080097,15,4.0,-8083
25.924971566143853,16,2.0,5297
25.925717138806917,16,3.0,7011
25.925861901821413,13,5.0,-9375
25.926097460440694,5,13.0,0
25.92726173357584,13,2.0,-9422
25.92750335159575,5,1.0,0
25.92822847293976,17,1.0,-3201
25.929271612018997,13,3.0,-9644
25.930465995201406,15,3.0,-7963
25.93189657766582,5,1.0,0
25.93347853138503,9,2.0,7662
25.933902396537956,5,26.0,0
25.934894209781937,17,2.0,-591
25.935726061566104,17,1.0,-1307
25.93783161159033,13,7.0,-9417
25.938392380856417,17,7.0,-7831
25.93906297278099,15,1.0,-8031
25.940874286243073,17,1.0,-1174
25.94108549945343,13,1.0,-9444
25.94196160242023,15,1.0,-7888
25.94242812384538,17,3.0,-3420
25.943722732085675,15,2.0,-7996
25.94401268605565,13,1.0,-9480
25.94461062059596,16,10.0,6205
25.945287390903324,13,2.0,-9384
25.946205764572145,13,4.0,-9433
25.946554145396014,15,3.0,-7896
25.94699567976804,17,1.0,-4958
25.94728485935294,15,2.0,-7876
25.949643588276132,5,2.0,0
25.95193549882371,15,3.0,-8005
25.95216530556632,17,1.0,-8128
25.95389700746567,15,1.0,-7858
25.954364768629535,5,11.0,0
25.954420039861873,14,2.0,-9383
25.95466123755711,16,7.0,3203
25.95502165749052,5,6.0,0
25.955442749790258,16,3.0,7389
25.956037735408874,17,4.0,-4144
25.95638227802292,13,1.0,-9614
25.956835327132364,17,1.0,-4989
25.958155782446685,13,1.0,-9346
25.95949346390332,5,2.0,0
25.959994244236924,13,5.0,-9611
25.96012656946202,13,2.0,-9712
25.960288399293134,5,7.0,0
25.961652689076658,17,2.0,-3537
25.961733133668606,5,9.0,0
25.962692935218893,13,1.0,-9359
25.964089956971325,11,1.0,7649
25.964802932584934,13,6.0,-9458
25.96487541575498,16,1.0,6732
25.965827386129313,7,2.0,7666
25.966289990299703,17,2.0,-5372
25.967933404817053,13,2.0,-9534
25.96853783087605,16,9.0,2989
25.968601168534942,1,1.0,7693
25.969896390929105,14,5.0,-9462
25.97056883553596,17,1.0,-1591
25.97117031519616,15,3.0,-8018
25.97235979719682,13,2.0,-9641
25.972429741757264,15,1.0,-7776
25.973463859291613,17,12.0,-4796
25.974282704205418,5,29.0,0
25.97464254314978,5,3.0,0
25.97745924907307,14,2.0,-9616
25.977544264440862,17,3.0,-5212
25.977744034195815,3,3.0,7694
25.978117331778,13,1.0,-9639
25.979947140769653,5,3.0,0
25.979957468158368,13,13.0,-9654
25.980099053893408,15,1.0,-8071
25.980247886845817,7,11.0,7675
25.98062500095464,15,1.0,-8012
25.980949504512385,5,1.0,0
25.98199739746545,5,2.0,0
25.983905354903165,17,5.0,-5983
25.984565781543623,17,3.0,-5366
25.985378332832944,1,5.0,7695
25.986269835962993,11,8.0,7673
25.987473789130313,5,9.0,0
25.98800360992798,17,3.0,-4574
25.988321145017267,15,3.0,-7937
25.988331022264973,15,2.0,-7694
25.991905390757367,5,3.0,0
25.99249512164893,15,1.0,-7600
25.992497907935192,15,3.0,-7975
25.99263910125535,17,1.0,-8108
25.99338511206166,16,5.0,5338
25.993546311602948,17,1.0,-4605
25.99368361248564,14,4.0,-9498
25.994595955951095,14,46.0,-9698
25.99469818963528,13,2.0,-9439
25.995547912001598,13,1.0,-9646
25.9965297799627,13,1.0,-9434
25.998382051036124,15,1.0,-7962
25.998847746854672,5,1.0,0
25.999079131431422,16,10.0,1792
25.999681027114736,5,2.0,0
25.999906584003504,5,6.0,0
26.000708091454406,16,6.0,2024
26.003284704103898,16,4.0,1857
26.006292168847466,14,1.0,-9757
26.00656376902223,5,1.0,0
26.007043015707566,13,1.0,-10022
26.008078244949267,15,1.0,-8503
26.008288238857027,5,4.0,0
26.009555151615697,13,3.0,-9980
26.010428248066706,15,6.0,-8365
26.010665961753165,13,1.0,-9979
26.01326106100213,13,1.0,-10064
26.01555400487797,13,12.0,-10000
26.01696469987098,13,3.0,-10080
26.017129919162844,13,1.0,-10037
26.018222231579596,5,3.0,0
26.018554804407252,13,42.0,-9867
26.01916973456543,15,6.0,-8478
26.021039762176706,14,3.0,-10066
26.023685351219736,13,2.0,-9798
26.023713224616383,14,1.0,-9973
26.023930985527038,13,1.0,-10005
26.0267933025419,15,2.0,-8339
26.02734054702407,6,5.0,7695
26.02769097574455,15,1.0,-8292
26.027878652572312,14,2.0,-9962
26.028059127859887,15,1.0,-8470
26.02836670363712,14,3.0,-10016
26.03145901950181,16,4.0,1198
26.03205561106592,15,2.0,-8277
26.033141226468555,13,3.0,-9807
26.03669787754274,13,3.0,-10033
26.037848288096512,5,1.0,0
26.038388320280866,5,7.0,0
26.03900163544545,14,3.0,-10040
26.041139754899454,15,1.0,-8113
26.042321562019918,18,,0
26.042326405672785,101,4.0,7696
26.042833075491757,14,1.0,-9740
26.044192457104028,13,1.0,-9983
26.04433503786907,13,9.0,-10076
26.044771438438197,14,8.0,-9905
26.04490002310646,15,3.0,-8430
26.04490002310646,17,3.0,-8430
26.0457025343758,16,1.0,3664
26.046036408173062,4,2.0,7697
26.046405733883812,15,2.0,-8275
26.050309723392694,15,1.0,-8405
26.053304104067458,14,4.0,-10050
26.054871135925236,13,1.0,-9890
26.05595876495071,13,10.0,-10061
26.056202726882994,15,2.0,-8210
26.057791738249286,13,1.0,-9833
26.06050578076955,14,10.0,-9917
26.06065794178564,14,1.0,-10102
26.06117051374169,15,2.0,-8382
26.063327603783975,17,9.0,-6521
26.063337264995667,13,3.0,-9829
26.06560153408123,13,1.0,-9760
26.066146084641304,17,1.0,-4484
26.067578082767557,14,1.0,-9952
26.067798448144714,5,2.0,0
26.06817051947068,13,3.0,-9769
26.06846016038314,15,1.0,-8467
26.069343869974002,13,7.0,-9835
26.071666055052336,13,4.0,-9987
26.073187762485503,15,2.0,-8306
26.073575218625397,7,31.0,7530
26.073915518941494,13,2.0,-10122
26.07434147443809,15,2.0,-8501
26.07593022065778,13,1.0,-10069
26.07751002128611,13,1.0,-10108
26.07764583719393,17,2.0,-2572
26.077762367173666,17,2.0,-2533
26.07799745492783,15,6.0,-8238
26.078579807537285,17,1.0,-1942
26.080998765680157,13,1.0,-9767
26.081505110506555,15,1.0,-8364
26.081782022676723,14,7.0,-10004
26.084553319279124,13,2.0,-10013
26.08462200597403,113,27.0,-10136
26.08527998748125,13,4.0,-9836
26.086056808874577,5,1.0,0
26.086461603333166,14,2.0,-9994
26.08786657993053,14,2.0,-9871
26.087917107449197,15,6.0,-8096
26.088769953770743,13,1.0,-10072
26.088922576308633,16,1.0,5176
26.089896546551078,14,13.0,-9813
26.0906218830382,13,1.0,-10138
26.092214031650503,13,9.0,-9978
26.093122644213977,15,3.0,-8368
26.093427794945754,13,2.0,-9756
26.094714688462695,13,7.0,-9777
26.09641924779163,15,2.0,-8147
26.097466256606275,15,3.0,-8420
26.098150664381578,13,2.0,-9752
26.100908797268158,14,6.0,-9946
26.104384571598317,15,6.0,-8120
26.10518048894976,13,3.0,-10092
26.105313442876135,13,1.0,-10010
26.106493914711375,5,2.0,0
26.10663924369777,13,2.0,-9844
26.10704855295557,5,4.0,0
26.107597402219213,5,7.0,0
26.10778702849183,5,5.0,0
26.110046337216133,16,16.0,1331
26.110399494333187,13,2.0,-9928
26.112630821472532,13,2.0,-9825
26.113033414237364,15,1.0,-8464
26.11335182628869,13,1.0,-9754
26.11433254142276,13,1.0,-9896
26.11468673281344,1,4.0,7698
26.117144333041058,15,1.0,-8254
26.117374292576233,5,2.0,0
26.11959682305481,5,8.0,0
26.11970637964799,5,4.0,0
26.12159136688215,17,5.0,-978
26.123091974959863,15,1.0,-8490
26.123524514973173,15,6.0,-8401
26.12394550674445,13,1.0,-9865
26.12408815383358,15,36.0,-8171
26.124529741955538,5,4.0,0
26.124978784292004,13,32.0,-9885
26.125046384506003,13,12.0,-9884
26.12543327552277,5,6.0,0
26.125433413724167,15,4.0,-8390
26.126536400004703,13,4.0,-9988
26.12840683998958,14,4.0,-9736
26.130826339074282,10,26.0,7643
26.130875161915963,17,1.0,-3965
26.13148690827504,14,4.0,-9898
26.132343309000372,13,1.0,-9914
26.13286529879264,15,6.0,-8431
26.133164120423213,14,10.0,-9911
26.13419491099933,14,3.0,-9863
26.134576613428113,13,6.0,-9848
26.13768370646253,14,1.0,-10032
26.139117324691917,15,3.0,-8379
26.139525576779057,16,1.0,2687
26.140413350480276,5,4.0,0
26.141707258460144,13,1.0,-9816
26.143682415580727,11,39.0,7572
26.144232431840443,16,1.0,5462
26.14477734851055,16,27.0,5175
26.145232857673605,14,1.0,-10024
26.145961498345073,15,1.0,-8094
26.146416377491835,15,5.0,-8358
26.146785667243087,14,4.0,-10128
26.14749924901686,14,3.0,-9834
26.14875349000482,14,9.0,-9937
26.148780377706366,15,1.0,-8223
26.151078086775588,5,3.0,0
26.151834231948502,16,3.0,6747
26.152410623871774,17,2.0,-2917
26.152981652194093,5,1.0,0
26.15307778550406,5,2.0,0
26.154510220623724,16,11.0,5160
26.155204778001597,5,1.0,0
26.15607549658552,15,1.0,-8264
26.157738607706808,15,2.0,-8383
26.158103930121626,5,1.0,0
26.160063052096074,14,1.0,-10104
26.16103805707543,15,14.0,-8130
26.16105070961198,15,6.0,-8336
26.161270678183552,13,5.0,-9908
26.16215968301848,13,2.0,-9912
26.162329505219756,5,2.0,0
26.163172430141394,5,8.0,0
26.166114338821718,13,5.0,-9956
26.166306745715413,15,2.0,-8280
26.16640455756343,5,5.0,0
26.166581311228235,6,1.0,7656
26.168156583959064,15,1.0,-8163
26.168848808173617,5,8.0,0
26.16930688623261,17,2.0,-2434
26.16978362542498,5,4.0,0
26.171175976591957,15,2.0,-8329
26.171628313516337,13,4.0,-9944
26.172194284454285,13,1.0,-9772
26.17306592588741,15,3.0,-8270
26.174465191468236,5,1.0,0
26.174633073880724,15,3.0,-8119
26.17568859210552,15,1.0,-8149
26.17606979399693,17,1.0,-7010
26.176075145079945,13,5.0,-9964
26.17760039289525,15,2.0,-8112
26.178406880032835,14,5.0,-10058
26.178467556814496,5,5.0,0
26.17981830422195,15,3.0,-8234
26.179905528952506,15,6.0,-8227
26.18115844012693,17,1.0,-3664
26.18185549899324,13,2.0,-9889
26.182324903820003,13,3.0,-9933
26.184328935148223,16,5.0,6678
26.184611644049067,13,9.0,-10014
26.185987605004602,17,2.0,-3783
26.186211007742198,13,1.0,-9963
26.1877922684293,5,1.0,0
26.1901804988537,15,1.0,-8291
26.190673984216183,15,4.0,-8360
26.19172408337226,13,3.0,-10030
26.19179009933233,13,3.0,-9847
26.193086257203777,5,3.0,0
26.19352588145668,16,3.0,237
26.19428188273114,14,4.0,-9999
26.19624469689984,15,2.0,-8224
26.196662872625055,15,1.0,-8416
26.19865186332782,15,1.0,-8479
26.19945496497504,11,8.0,7635
26.202181762345116,5,34.0,0
26.2023542588983,14,1.0,-9822
26.20325117599991,16,9.0,1562
26.20532784064575,15,2.0,-8439
26.205980914724893,14,5.0,-9902
26.206436243936075,14,3.0,-10023
26.208579849729848,15,4.0,-8155
26.208661528326505,17,1.0,-3480
26.20984701600278,15,7.0,-8371
26.210188552094145,15,6.0,-8384
26.210916715107473,13,1.0,-9831
26.211093006283484,5,3.0,0
26.211095385616662,13,1.0,-10063
26.2117113329678,15,4.0,-8259
26.21190858174522,17,3.0,-3822
26.213552900156195,14,3.0,-9860
26.215041475888448,13,1.0,-9986
26.216056215712488,5,2.0,0
26.21707527752559,13,1.0,-10115
26.218111499642287,13,1.0,-9948
26.2182942722226,6,31.0,7688
26.218382990530394,5,1.0,0
26.221190995231208,13,1.0,-9826
26.22214506193272,5,2.0,0
26.222441025604233,8,2.0,7640
26.22433437017517,17,1.0,-2454
26.225151199285065,15,1.0,-8387
26.22543730650486,14,6.0,-10078
26.2258385343657,15,1.0,-8438
26.226453049590724,13,3.0,-9751
26.226643123119022,15,4.0,-8106
26.226986540431003,15,1.0,-8407
26.227072382243744,14,6.0,-10086
26.228912147496896,16,3.0,3900
26.230297101071237,13,4.0,-10047
26.230913279890977,17,1.0,-5294
26.23092636016468,16,27.0,1814
26.23121672657737,5,3.0,0
26.23238844301365,13,2.0,-10083
26.232669366848974,5,1.0,0
26.232758641010903,5,5.0,0
26.233656984151555,15,1.0,-8187
26.23419243162293,15,1.0,-8489
26.23437110811887,15,1.0,-8447
26.23674964292947,14,2.0,-10028
26.239845627798132,5,4.0,0
26.240036879795287,5,1.0,0
26.240336713304597,14,4.0,-9918
26.241674905131855,13,1.0,-9864
26.242333575964857,14,4.0,-9951
26.242783420591195,16,4.0,4001
26.248066264297528,5,4.0,0
26.248856615669347,15,2.0,-8333
26.249118526312863,17,1.0,-4873
26.24961640981076,15,1.0,-8177
26.250682550025015,13,1.0,-9849
26.250803605518822,13,5.0,-10051
26.25104711899058,15,8.0,-8146
26.25184820043913,14,4.0,-9943
26.253048898633345,14,6.0,-9991
26.253381585097372,13,3.0,-9997
26.255975874129263,15,1.0,-8285
26.25619419201545,17,1.0,-5739
26.25661338319306,15,1.0,-8427
26.256774164145256,15,1.0,-8491
26.25800774260881,13,1.0,-9970
26.258627543341852,17,1.0,-4437
26.258999360900724,14,1.0,-10031
26.261817760323115,5,1.0,0
26.262941343523533,14,3.0,-10011
26.26391550080152,15,1.0,-8337
26.264372528504524,13,3.0,-9753
26.265539469173397,15,8.0,-8244
26.26658012303135,15,8.0,-8284
26.26670575558938,15,4.0,-8286
26.26674014772103,13,2.0,-9891
26.267073003745768,15,1.0,-8424
26.26764537986255,5,6.0,0
26.268743399755753,13,3.0,-9995
26.268899738197025,13,3.0,-9846
26.270241216371847,15,7.0,-8357
26.271235394529825,13,5.0,-9746
26.271695130010784,15,4.0,-8269
26.27206783917909,17,3.0,-2266
26.27299547038582,15,2.0,-8413
26.27400685059973,13,1.0,-9832
26.275305864202757,6,4.0,7698
26.27540668599411,13,1.0,-9897
26.277196864377736,14,52.0,-9837
26.278114088882294,13,1.0,-9949
26.278268782481035,5,1.0,0
26.278710913438637,16,31.0,6485
26.278831493249644,14,5.0,-9774
26.280292081484482,5,4.0,0
26.28256389127975,5,1.0,0
26.28304508391887,5,8.0,0
26.283611553238373,16,52.0,2845
26.286487456433232,16,8.0,5564
26.28739062436602,13,3.0,-10071
26.289005860758326,5,6.0,0
26.289535872819584,5,1.0,0
26.289780045413377,15,1.0,-8451
26.2899978863057,5,1.0,0
26.290489349378568,15,1.0,-8235
26.290489349378568,17,1.0,-8235
26.290708005477175,16,5.0,1501
26.29124574065484,13,2.0,-10119
26.291654657142654,13,1.0,-9857
26.29180578008671,14,2.0,-9866
26.29322994456371,10,2.0,7686
26.29391932433906,113,48.0,-10056
26.29533998849381,13,29.0,-9953
26.297612173849664,14,16.0,-9785
26.29870524384199,13,1.0,-10135
26.301031687904654,16,4.0,5943
26.30231812474019,13,2.0,-10060
26.302342995591772,15,2.0,-8162
26.302353644932523,15,2.0,-8349
26.303443654112495,16,9.0,4558
26.303738236684364,13,2.0,-9796
26.304132056461558,113,52.0,-9737
26.30725599800435,14,1.0,-9759
26.308174554087856,13,1.0,-9960
26.308244413575366,16,11.0,2177
26.308746974578504,15,2.0,-8204
26.312247338628776,15,5.0,-8346
26.312922336908233,15,2.0,-8182
26.313691431115714,15,6.0,-8134
26.31389864788865,15,1.0,-8114
26.31418594491002,15,2.0,-8323
26.316611690096494,17,5.0,-3101
26.316930653595353,16,50.0,3618
26.317306774569616,15,3.0,-8459
26.31783046201408,15,4.0,-8313
26.317866927461115,13,3.0,-10105
26.318071978170867,13,5.0,-9842
26.318258380313402,13,1.0,-10101
26.31848470576389,13,2.0,-9881
26.31851133851335,15,6.0,-8218
26.31883153129171,5,7.0,0
26.319163388477126,7,39.0,7654
26.322715637151372,13,9.0,-9787
26.32389038039325,14,15.0,-9969
26.32527395312811,15,1.0,-8483
26.3279259152962,5,2.0,0
26.328578351808677,14,6.0,-10017
26.330022405448105,16,4.0,5340
26.330359316431142,15,2.0,-8497
26.330359316431142,17,2.0,-8497
26.332832596600532,13,14.0,-9828
26.33346859941228,15,2.0,-8257
26.334019237266606,13,2.0,-10043
26.33404064885826,14,2.0,-10120
26.334148883189492,17,2.0,-1486
26.33672368987282,5,13.0,0
26.33685952023114,15,4.0,-8432
26.33830244518895,14,6.0,-9972
26.33995970331622,15,16.0,-8294
26.340404194100145,13,1.0,-10130
26.340761103328955,15,6.0,-8156
26.341301890343463,13,4.0,-9996
26.342896534956523,15,2.0,-8103
26.34307861591619,16,4.0,7337
26.346058127372043,15,3.0,-8332
26.34731337521128,15,3.0,-8231
26.34743546494016,15,6.0,-8118
26.34831602571478,17,5.0,-317
26.348786788269905,13,1.0,-10081
26.348922365778662,15,1.0,-8412
26.349002048576722,13,4.0,-9780
26.34966444490629,15,11.0,-8316
26.35120741868058,15,2.0,-8322
26.353947377595997,16,11.0,6550
26.35480562300173,15,11.0,-8326
26.355711836226327,15,3.0,-8199
26.355915227613572,13,2.0,-9903
26.35619504974324,14,2.0,-9926
26.35861255377732,17,1.0,-6846
26.359388718745855,5,3.0,0
26.359913073787943,15,2.0,-8367
26.360624759834973,15,2.0,-8281
26.360766387257303,5,3.0,0
26.363375397921683,14,6.0,-9843
26.364587734937622,14,2.0,-10141
26.364920597492205,15,5.0,-8297
26.365761997900126,15,5.0,-8258
26.36684725566545,13,3.0,-9779
26.3670153093744,14,4.0,-10137
26.372008770973185,13,1.0,-9958
26.373272063968614,5,3.0,0
26.374113587881364,14,4.0,-9925
26.374217404839868,15,2.0,-8252
26.374428284190692,15,8.0,-8209
26.374959835044503,5,1.0,0
26.375220572794426,13,1.0,-10098
26.37524239077962,15,2.0,-8237
26.37556685030597,5,2.0,0
26.37565915157411,14,2.0,-9839
26.376938048374786,5,1.0,0
26.377955786260642,15,2.0,-8276
26.378250146408188,15,1.0,-8139
26.378965825189795,14,4.0,-9853
26.379540497879837,16,10.0,3570
26.38016091290155,17,4.0,-5485
26.38097157104641,15,8.0,-8214
26.381507508362553,5,2.0,0
26.383374162233114,17,13.0,-461
26.384587379955605,15,2.0,-8373
26.38503758345894,15,5.0,-8200
26.38533252508971,15,1.0,-8152
26.38584091799276,13,5.0,-9862
26.385928046297817,5,3.0,0
26.386583485803385,5,2.0,0
26.389212649838207,5,1.0,0
26.392997636793883,14,2.0,-10012
26.393861149769435,14,46.0,-9942
26.394006117081215,15,6.0,-8388
26.395421960411625,13,1.0,-9878
26.395519150024473,13,4.0,-9950
26.39594314464178,15,5.0,-8385
26.39680046221986,14,2.0,-9876
26.398061017674372,16,3.0,3305
26.39825702321772,13,3.0,-9906
26.399158037800728,16,2.0,5669
26.399587579169356,14,2.0,-9738
26.399595863060725,16,11.0,3353
26.40546145473438,15,1.0,-8486
26.407215780287135,113,35.0,-9855
26.407512320347184,5,1.0,0
26.40795601802718,15,2.0,-8499
26.40798052107505,5,1.0,0
26.408374669473034,17,1.0,-4702
26.410254676852997,13,1.0,-9921
26.410764987217096,13,3.0,-10042
26.41146333233662,13,1.0,-9935
26.412230839142264,11,43.0,7670
26.412299489830218,13,6.0,-9874
26.413072318761003,5,2.0,0
26.41415779009938,17,1.0,-2246
26.414352400216075,13,7.0,-10084
26.41745994636318,14,1.0,-9799
26.419090699630168,17,7.0,-1996
26.419801745601482,13,1.0,-10088
26.420046628240122,14,2.0,-9984
26.421083887701574,5,6.0,0
26.421135125073874,16,6.0,6204
26.42142061887479,17,3.0,-3066
26.42171065265761,5,1.0,0
26.424874009548,15,1.0,-8471
26.425023058316548,13,1.0,-10090
26.42611998799467,13,2.0,-10111
26.426268723771063,13,1.0,-9859
26.428352659949283,13,1.0,-9955
26.428487710436062,15,1.0,-8457
26.429450005500954,15,7.0,-8428
26.429827475723968,17,5.0,-1378
26.432325274530594,13,14.0,-10139
26.43349533442981,13,3.0,-10116
26.433991465555312,17,1.0,-4815
26.434558393289862,13,14.0,-9735
26.43519776219417,14,5.0,-9883
26.437956141432796,13,3.0,-10052
26.43913743876605,13,1.0,-9790
26.439800151064347,17,1.0,-3682
26.44071326609869,15,5.0,-8328
26.443216500001725,17,1.0,-3917
26.444318024829343,17,8.0,-5006
26.445886819102924,14,2.0,-10006
26.446606311436103,14,2.0,-9814
26.44718277691004,15,2.0,-8202
26.447220186054626,5,2.0,0
26.448254500869368,14,3.0,-9940
26.44842733268282,5,3.0,0
26.44885551905191,16,16.0,520
26.44918992230586,13,2.0,-9763
26.449510788496756,13,2.0,-10140
26.451750471366314,13,2.0,-9764
26.455658742298688,5,1.0,0
26.456702094304347,15,3.0,-8117
26.459575185404862,13,3.0,-9765
26.45958562345059,13,13.0,-10132
26.460181629829066,14,1.0,-9974
26.460692532446785,14,3.0,-9947
26.461359122421463,5,4.0,0
26.46449854983125,15,10.0,-8305
26.46528134873746,14,2.0,-10109
26.46780789121994,17,1.0,-3414
26.467919103998923,15,2.0,-8240
26.46821893034057,15,1.0,-8397
26.47081406825169,16,2.0,3600
26.47120261238695,14,10.0,-10097
26.47132406136307,13,1.0,-9886
26.471416684512086,14,6.0,-9976
26.473643477397246,17,10.0,-5545
26.474717876405105,14,1.0,-10089
26.474741171093555,5,1.0,0
26.475493655096408,5,7.0,0
26.475532622624392,15,8.0,-8484
26.475566993772713,17,1.0,-5417
26.476014153283163,13,2.0,-9755
26.47620700617039,15,5.0,-8157
26.47645748319691,16,2.0,2143
26.477214161720486,16,53.0,459
26.47806724258489,17,1.0,-1043
26.478771466586796,5,8.0,0
26.479136172575856,13,6.0,-9817
26.48121415613671,15,1.0,-8140
26.48121415613671,17,1.0,-8140
26.48155058760468,5,3.0,0
26.481681827368355,13,1.0,-9895
26.482150206127027,5,4.0,0
26.482203476825692,14,3.0,-10082
26.482391549442756,15,5.0,-8393
26.483364975220077,16,4.0,6076
26.4835345696502,5,1.0,0
26.48423358568879,16,7.0,6523
26.484296440489025,5,4.0,0
26.486196944008014,15,8.0,-8422
26.487996438130683,17,1.0,-7915
26.489040187354576,113,45.0,-9904
26.489621309117506,5,2.0,0
26.490105570993496,13,7.0,-10059
26.490859294074514,113,19.0,-9766
26.491495157946822,14,2.0,-9913
26.49215488331359,5,15.0,0
26.49242475803673,15,5.0,-8219
26.49343083596965,13,1.0,-10045
26.494857249032783,13,4.0,-9939
26.495188010128334,14,3.0,-9824
26.49562561797699,15,5.0,-8185
26.495748396217188,14,3.0,-10038
26.49602212964931,5,3.0,0
26.49827652142152,14,2.0,-10025
26.49866678670698,9,4.0,7600
26.499698349884813,5,2.0,0
26.500225362704505,17,2.0,-2173
26.500302152691027,17,3.0,-2050
26.50214687108836,13,8.0,-9776
26.50243746136878,13,1.0,-9892
26.503732342273782,15,3.0,-8481
26.505468835845946,5,3.0,0
26.505992711970386,15,3.0,-8198
26.50755319431492,15,1.0,-8097
26.508687668872877,5,4.0,0
26.509934129365153,14,1.0,-10035
26.51110888218115,17,1.0,-791
26.51260411688559,17,2.0,-6404
26.513456853953368,5,5.0,0
26.51425688242518,6,4.0,7637
26.514827879292056,16,2.0,6926
26.515083532702153,13,3.0,-9966
26.516865921030835,13,11.0,-10015
26.517418118707088,13,6.0,-9998
26.518301443604056,14,2.0,-9989
26.518630387017886,17,3.0,-3938
26.51868839049518,17,2.0,-7074
26.519051977904795,16,4.0,3515
26.519066987606738,6,1.0,7693
26.51916819779576,15,6.0,-8121
26.52286174337779,15,2.0,-8213
26.523487343275193,15,1.0,-8175
26.524862598777318,15,4.0,-8315
26.525708426302227,17,9.0,-6912
26.525740481159357,17,7.0,-407
26.526843101991805,5,7.0,0
26.527875344326127,13,6.0,-10046
26.529340792842664,15,4.0,-8123
26.529430629560366,5,1.0,0
26.53004932759276,16,4.0,3417
26.53130931541826,16,3.0,5773
26.531561038205613,13,2.0,-10131
26.531568242898153,17,2.0,-1770
26.532375932568822,17,1.0,-3506
26.533264418826498,16,23.0,4644
26.533458319699296,15,1.0,-8321
26.53490657337442,15,2.0,-8389
26.53576779269212,15,4.0,-8230
26.536911819634703,16,1.0,5171
26.536991613081955,13,2.0,-9791
26.537673250563206,14,3.0,-9841
26.538011733674185,15,1.0,-8138
26.538179669038705,15,2.0,-8168
26.538499217590097,17,3.0,-3772
26.539885729719536,14,5.0,-10018
26.54205740962908,13,3.0,-9850
26.54205793761389,5,1.0,0
26.54214755914473,13,7.0,-9792
26.542645554804906,17,5.0,-6373
26.544825804494604,15,2.0,-8212
26.546466316345317,5,8.0,0
26.5466560570976,13,3.0,-9869
26.546811111829676,13,2.0,-9808
26.547517376197867,17,2.0,-5726
26.548356837357233,14,8.0,-10001
26.548608866993323,15,1.0,-8348
26.548895766738852,17,3.0,-4202
26.552469896077753,15,2.0,-8137
26.553881023525577,16,4.0,5228
26.55651825010634,15,3.0,-8279
26.559855447290488,13,11.0,-9788
26.559945446291763,17,1.0,-5195
26.562027231692625,15,2.0,-8298
26.562680864401983,5,5.0,0
26.563292212671055,5,2.0,0
26.564019344116808,5,3.0,0
26.56465555120663,15,2.0,-8161
26.56465555120663,17,2.0,-8161
26.56470411736518,14,3.0,-9771
26.56507682911614,15,6.0,-8295
26.565801176241024,15,1.0,-8179
26.568530487871502,5,4.0,0
26.56909696413532,13,2.0,-9872
26.569453588875334,5,1.0,0
26.570100031577844,13,1.0,-10029
26.57045115451556,5,4.0,0
26.571116181880036,15,6.0,-8191
26.57113263203844,5,3.0,0
26.571841254410373,5,4.0,0
26.57235056160718,9,2.0,7640
26.5735930739954,15,1.0,-8143
26.57409798067208,14,7.0,-10134
26.575111466999335,5,3.0,0
26.575796352649597,14,1.0,-10008
26.57742798007815,5,3.0,0
26.577658297550798,5,2.0,0
26.57783580513752,14,5.0,-9868
26.577871800536098,15,7.0,-8356
26.578593186873835,15,1.0,-8354
26.578661090403155,5,1.0,0
26.57993342812889,15,6.0,-8355
26.58072396602518,13,2.0,-9800
26.581100297477022,15,5.0,-8265
26.58161107504541,15,2.0,-8136
26.58190004518812,17,20.0,-6678
26.582928941591977,13,1.0,-10053
26.585079949430597,14,2.0,-9922
26.585445140294368,13,4.0,-9894
26.585723012209503,5,8.0,0
26.588009870423626,13,1.0,-9877
26.588602570235395,3,50.0,7699
26.58865814019641,17,2.0,-7835
26.589261767457234,17,3.0,-6670
26.589299530387496,15,2.0,-8455
26.589377139976758,17,2.0,-7636
26.589430302232053,1,12.0,7700
26.589689255879648,15,4.0,-8105
26.590284507941544,13,6.0,-9954
26.591261629884738,13,3.0,-10099
26.591446155288505,13,1.0,-9789
26.59229850352184,13,11.0,-9967
26.59365640397094,5,3.0,0
26.5938925541283,5,6.0,0
26.59450713536979,13,1.0,-9982
26.59507037639995,17,3.0,-7769
26.595147128919287,16,11.0,4859
26.596484493970298,13,1.0,-10036
26.597052637197937,15,3.0,-8466
26.598415980802177,16,2.0,3965
26.598792964947275,17,1.0,-2749
26.59919681410012,16,1.0,111
26.599585892997887,5,2.0,0
26.599643914579175,14,7.0,-10019
26.599685283606505,5,1.0,0
26.60014731013186,13,1.0,-9875
26.601320324934306,15,3.0,-8442
26.606892815650703,5,1.0,0
26.607967499383193,17,1.0,-5442
26.608287232919324,14,3.0,-9782
26.608942518098484,13,7.0,-10112
26.61013540733571,13,4.0,-10095
26.61065145485068,14,6.0,-9750
26.61349971689294,15,6.0,-8288
26.615762893848895,13,1.0,-10048
26.616693730746103,15,1.0,-8196
26.616786922283403,15,2.0,-8253
26.618137266297165,13,1.0,-10093
26.618347350959507,14,3.0,-9762
26.620322951193813,14,1.0,-10123
26.62075693839695,16,14.0,181
26.621379062173027,13,1.0,-9887
26.621631897379775,17,2.0,-5857
26.621923935413772,15,3.0,-8247
26.62296728357498,16,1.0,7208
26.623703302488675,15,2.0,-8150
26.62523972285723,13,2.0,-9971
26.62678986563468,15,4.0,-8476
26.627217614547085,13,1.0,-10075
26.6284444969098,17,5.0,-6873
26.63019037074506,7,1.0,7687
26.63032905314221,13,1.0,-9923
26.631480594378843,17,2.0,-5396
26.634186046062172,17,2.0,-6979
26.635579580720698,5,15.0,0
26.635874941549236,5,3.0,0
26.635911785486456,13,5.0,-10118
26.637042254776944,17,2.0,-1530
26.639711108029886,14,3.0,-9965
26.639899596741895,17,1.0,-5555
26.641198839379552,13,4.0,-9794
26.641798887875456,13,2.0,-9879
26.641910577736652,1,4.0,7701
26.642819173593164,16,5.0,5182
26.644801350277394,14,6.0,-9815
26.645303780233004,5,2.0,0
26.647885379020675,15,4.0,-8268
26.64917541158742,17,3.0,-6997
26.649678542522114,16,5.0,1888
26.649814328439007,15,3.0,-8396
26.650186653079377,16,10.0,1243
26.651662230119264,17,2.0,-2094
26.652686020953,15,3.0,-8290
26.653610884686046,14,54.0,-10117
26.656640607072173,5,3.0,0
26.65681012926589,13,21.0,-9748
26.6570062077016,7,6.0,7581
26.65808267558767,17,2.0,-6181
26.658146112052528,13,2.0,-9919
26.660478511978823,5,9.0,0
26.660681837782093,5,1.0,0
26.660684681467856,15,5.0,-8111
26.66262565983909,14,2.0,-9747
26.662853855271216,17,1.0,-655
26.663806704424108,13,1.0,-10065
26.663973145180446,17,2.0,-7281
26.664480221411203,15,1.0,-8099
26.66736447915887,13,1.0,-10143
26.66812888762919,14,1.0,-10106
26.669017595232607,15,1.0,-8299
26.66976862833399,17,2.0,-7004
26.669892870909187,16,7.0,2818
26.669903665807148,13,1.0,-10055
26.670208076569164,15,5.0,-8441
26.670309951177884,14,2.0,-9809
26.672926448136437,13,37.0,-9977
26.673664403579632,17,1.0,-6764
26.67376078011164,15,1.0,-8229
26.67444369092771,13,1.0,-9830
26.675513792210545,13,6.0,-9786
26.675971321943027,13,1.0,-10103
26.676050574384664,17,2.0,-6183
26.677422103242925,15,1.0,-8409
26.677763593949557,9,5.0,7665
26.678916065816686,17,1.0,-6738
26.680731938115375,17,1.0,-7986
26.682841871762903,13,14.0,-10087
26.68329445733877,17,1.0,-5398
26.683891574099537,13,13.0,-10124
26.68397668745133,17,6.0,-7080
26.684182816593385,15,2.0,-8500
26.684456657724038,17,2.0,-5807
26.686123096540946,16,1.0,6312
26.687610978703297,15,5.0,-8381
26.68941409696861,5,5.0,0
26.689696342416728,5,2.0,0
26.69027406708408,13,5.0,-9773
26.691215765390094,13,7.0,-9924
26.69133371395783,17,1.0,-3267
26.691394972792075,14,42.0,-9783
26.69237962276502,13,28.0,-9959
26.69303035573318,17,1.0,-4505
26.693408778526152,16,2.0,5142
26.69458684462254,14,3.0,-9915
26.695719886803946,17,1.0,-8340
26.697643171658132,15,1.0,-8151
26.698740572919547,5,1.0,0
26.699178922058557,17,5.0,-424
26.699741385468528,13,2.0,-10121
26.702736653240194,17,3.0,-3812
26.703544266358058,13,5.0,-9888
26.703744976122508,16,2.0,6789
26.704082694198807,13,5.0,-9745
26.704277451988077,13,3.0,-10041
26.704379930077405,15,8.0,-8378
26.70454853185231,14,7.0,-9945
26.70484450796958,15,6.0,-8255
26.704846828061555,17,1.0,-6961
26.705098295576185,5,1.0,0
26.705177142026873,8,4.0,7696
26.707491257258443,15,1.0,-8469
26.710004109075935,13,1.0,-9793
26.710049681937605,5,2.0,0
26.710068962476946,17,3.0,-5916
26.71057507382425,13,2.0,-10049
26.71101175795998,17,6.0,-7282
26.711109863479006,5,2.0,0
26.715860992591438,17,2.0,-8347
26.716015681744953,15,14.0,-8436
26.716394979153037,15,7.0,-8302
26.71678985538976,13,2.0,-9827
26.717668081109714,15,3.0,-8217
26.719460883743775,15,5.0,-8352
26.719571537239677,10,2.0,7692
26.72204290450549,17,1.0,-7836
26.722997435720348,5,5.0,0
26.723771046719545,14,3.0,-10062
26.7239197905013,16,5.0,6613
26.724059505828436,17,4.0,-7667
26.725750422051053,15,2.0,-8463
26.725889664441826,17,1.0,-823
26.727739226160626,15,53.0,-8184
26.728296225171558,14,3.0,-9909
26.728556838809162,17,11.0,-7443
26.728791020600237,17,3.0,-5468
26.72964130733129,14,1.0,-9761
26.730921892531757,14,2.0,-10129
26.731946004285312,15,5.0,-8167
26.73295527557494,5,7.0,0
26.73387381218739,15,1.0,-8125
26.734607356475674,13,5.0,-10044
26.734984397500845,17,6.0,-8493
26.735544548123947,9,5.0,7625
26.736094169728364,5,2.0,0
26.7365668831045,14,9.0,-9768
26.736633674476092,15,1.0,-8410
26.737165121456425,15,4.0,-8403
26.737658313275784,17,11.0,-8059
26.73809076203547,15,2.0,-8188
26.739180224651008,17,1.0,-8395
26.73919122496518,5,1.0,0
26.739555414042616,15,1.0,-8308
26.74022204539285,17,1.0,-5883
26.74076675178718,15,4.0,-8380
26.741069437486306,15,6.0,-8468
26.74209310004816,5,1.0,0
26.742647172394424,13,2.0,-10079
26.743004086501426,5,2.0,0
26.74414612798956,15,2.0,-8180
26.744703994189603,13,1.0,-9854
26.74523000438448,15,1.0,-8124
26.746045649600052,15,2.0,-8374
26.747218318424597,13,7.0,-10125
26.747223182061013,15,8.0,-8174
26.747848446758315,1,3.0,7702
26.748143471129094,15,2.0,-8190
26.749326656767995,15,2.0,-8236
26.749622470271436,13,1.0,-9936
26.750225670552677,14,12.0,-10054
26.750619909492965,13,14.0,-10026
26.75110141728806,15,5.0,-8205
26.751295812811325,16,4.0,1580
26.752333127490367,16,40.0,985
26.75242392091713,14,1.0,-10114
26.752894649100718,15,1.0,-8116
26.75319778282784,15,1.0,-8391
26.753568261248066,13,8.0,-9882
26.753885123158323,15,2.0,-8278
26.754976801169672,17,1.0,-4257
26.75704405076227,15,2.0,-8324
26.757957903613292,17,1.0,-5788
26.758213566481103,17,1.0,-7120
26.758389239874514,13,3.0,-10142
26.758943202067677,14,1.0,-9920
26.75999420192099,13,1.0,-10020
26.760240836360122,17,2.0,-7368
26.761658176811146,6,1.0,7691
26.76529731839316,13,5.0,-9990
26.766044838411172,13,4.0,-9931
26.766263044797782,13,2.0,-9804
26.76638866908511,13,2.0,-9975
26.767113688817428,17,2.0,-6068
26.768085469982516,15,6.0,-8131
26.7704804335684,17,12.0,-5079
26.7704911913167,6,3.0,7702
26.77424331365331,15,9.0,-8423
26.774575830292047,14,8.0,-9932
26.774884459371275,13,2.0,-10073
26.775221626318356,13,6.0,-9838
26.7754520942079,15,2.0,-8283
26.77752251361274,15,6.0,-8194
26.778132614013835,15,1.0,-8496
26.779591052733863,17,4.0,-1642
26.779848887260687,14,1.0,-9930
26.779858188746136,5,2.0,0
26.781710219672235,17,1.0,-3436
26.782812795443192,5,2.0,0
26.78444464824498,113,52.0,-9818
26.785317368248474,13,3.0,-9742
26.785342311497576,16,24.0,7428
26.785932154235162,14,2.0,-9985
26.78910067668368,14,7.0,-9778
26.792305791923,13,6.0,-10133
26.79291393148329,5,3.0,0
26.793843939424306,15,2.0,-8408
26.793909416635934,15,6.0,-8353
26.79453342892995,17,11.0,-5492
26.794660869993574,13,3.0,-10070
26.796645212715628,17,4.0,-6017
26.799259025369796,17,1.0,-7381
26.800369314902117,13,6.0,-9910
26.8015610437199,14,4.0,-9810
26.80278936322526,15,1.0,-8303
26.803133754581218,15,7.0,-8359
26.80325960844415,15,1.0,-8110
26.803490704615182,113,30.0,-10096
26.803735259870233,14,3.0,-9858
26.805089405415366,16,5.0,6584
26.805151507952854,13,1.0,-9812
26.805984704764047,14,7.0,-9957
26.806173388899456,17,1.0,-6960
26.806435225809864,5,7.0,0
26.807054269705876,15,1.0,-8399
26.80852053921423,14,6.0,-10085
26.80905438264211,17,8.0,-6687
26.809177067780414,15,2.0,-8361
26.811314824432706,15,3.0,-8456
26.81220823202947,13,2.0,-9893
26.81298553448597,5,1.0,0
26.813370202815932,17,1.0,-6964
26.8138482572144,15,2.0,-8498
26.815279278989717,13,7.0,-10094
26.816398592910584,13,10.0,-9821
26.816626602870155,15,3.0,-8318
26.81714226428891,5,7.0,0
26.817557852787452,15,1.0,-8310
26.817983357777116,14,2.0,-10003
26.81980379348187,5,1.0,0
26.82009778946875,13,5.0,-9873
26.8201165668792,5,11.0,0
26.82259664077179,17,3.0,-5687
26.824469423660947,15,2.0,-8392
26.8247708385788,13,1.0,-9941
26.824852297639925,17,2.0,-6399
26.827082182068363,17,5.0,-3658
26.82966507870506,5,2.0,0
26.82970804360698,5,3.0,0
26.829789182494146,17,1.0,-6252
26.83052818018944,5,1.0,0
26.83083912254586,17,1.0,-5985
26.830927181727,5,3.0,0
26.831228817982055,17,1.0,-8282
26.831948653460856,13,3.0,-9845
26.832718211257458,5,2.0,0
26.833846347496834,16,2.0,3200
26.834721771431774,17,2.0,-7834
26.83563230476051,13,2.0,-9741
26.837185279755857,17,1.0,-8226
26.837755150576346,17,10.0,-7104
26.837905589666534,5,3.0,0
26.838094629836554,5,3.0,0
26.83958620200365,15,1.0,-8133
26.839876787977047,13,2.0,-9806
26.84115593822892,15,7.0,-8419
26.841499114656152,15,6.0,-8135
26.84184905772485,17,3.0,-2013
26.843808718351667,16,12.0,977
26.84423335471295,17,5.0,-6666
26.84433025006781,13,2.0,-9992
26.84487682892493,13,2.0,-10068
26.845459686925196,13,1.0,-9899
26.84864518399971,15,6.0,-8341
26.849279573146326,14,1.0,-10113
26.849686721902735,17,4.0,-7507
26.851246833530258,5,3.0,0
26.851849230133958,16,9.0,4468
26.851947208165182,15,1.0,-8445
26.851955907360647,13,1.0,-10021
26.8535422620473,17,2.0,-3250
26.854450557807862,17,3.0,-6727
26.857855856612293,15,1.0,-8325
26.859600505085016,5,10.0,0
26.860747425419472,13,6.0,-9880
26.861398712939305,13,3.0,-9758
26.861597300283993,15,1.0,-8418
26.862593655264686,15,6.0,-8158
26.86350671842442,14,1.0,-9929
26.864662678095847,13,3.0,-9852
26.86508420060618,17,1.0,-3609
26.86555236939988,5,4.0,0
26.866243677887056,13,1.0,-9938
26.868329757961156,15,1.0,-8293
26.87139009596221,5,1.0,0
26.873961667883016,5,2.0,0
26.874208946903728,15,26.0,-8458
26.874247007893647,15,3.0,-8271
26.877721966040284,17,2.0,-4321
26.878299211030605,17,10.0,-5438
26.879093528520254,17,5.0,-8141
26.880568068066484,14,6.0,-10091
26.880693352669283,14,23.0,-9927
26.88074552740498,17,1.0,-4457
26.88118254326523,14,7.0,-9805
26.883545292985733,5,3.0,0
26.88539992123578,17,1.0,-2259
26.885916504673503,5,7.0,0
26.886450789217083,15,3.0,-8320
26.886960607089588,13,1.0,-9770
26.88802511317268,8,4.0,7698
26.89169091764971,5,3.0,0
26.89175951707943,13,4.0,-10074
26.89409412906033,5,2.0,0
26.895062537504025,13,1.0,-9934
26.897018773077853,14,1.0,-9781
26.89732596522234,14,2.0,-9870
26.89752583201188,5,8.0,0
26.89758279844287,13,4.0,-9744
26.898162408708835,13,1.0,-9819
26.900211912289073,17,1.0,-4808
26.900780411131777,16,2.0,1150
26.90177292977011,16,6.0,3648
26.902382081704175,13,49.0,-10034
26.903351984712053,15,1.0,-8127
26.903492671371176,5,1.0,0
26.904268751431502,17,1.0,-7216
26.906615274317723,13,2.0,-9734
26.906866048400413,17,4.0,-8437
26.907369480152646,5,2.0,0
26.90801745544374,5,1.0,0
26.90881297612031,15,2.0,-8307
26.908827959735667,13,1.0,-9820
26.90976429194363,13,3.0,-9856
26.91246904364182,13,1.0,-9968
26.912512771684305,15,4.0,-8272
26.9126360477582,15,2.0,-8153
26.912881828514582,15,9.0,-8370
26.913319243669644,5,3.0,0
26.91491664580229,13,5.0,-10009
26.91511085988472,17,1.0,-6852
26.91548221621079,17,2.0,-4125
26.91604399313579,5,7.0,0
26.917740613499568,14,7.0,-9811
26.917776714691556,15,5.0,-8362
26.91788522753181,17,3.0,-7542
26.918129591111708,13,2.0,-9981
26.919137593417762,15,1.0,-8417
26.92002789512693,17,2.0,-889
26.92132642403766,17,3.0,-7573
26.924111350316103,15,1.0,-8342
26.92416356986796,17,4.0,-4919
26.925161045390727,17,8.0,-5075
26.925787808571346,17,2.0,-2629
26.926289830857378,14,3.0,-10007
26.92695590691678,13,2.0,-9801
26.92751999086291,15,1.0,-8102
26.92835756460225,14,4.0,-9775
26.928378781631498,17,2.0,-7692
26.928602665892654,13,2.0,-9993
26.929599997562402,17,3.0,-2811
26.93025181621791,17,1.0,-179
26.931299850751714,7,3.0,7672
26.931900132440937,1,2.0,7703
26.933387842703436,16,59.0,1992
26.933542076678595,13,2.0,-9739
26.935654498416383,15,1.0,-8197
26.936373517501497,15,9.0,-8376
26.937517840238712,13,1.0,-10057
26.937793475828958,14,1.0,-9901
26.939040475260015,13,2.0,-9861
26.939667969716638,16,4.0,3831
26.939991938244997,7,2.0,7641
26.940592507339293,5,2.0,0
26.94130578443566,5,2.0,0
26.941308653999187,17,1.0,-5483
26.94202141254684,15,1.0,-8425
26.942409205704944,14,8.0,-10027
26.94593323422805,5,3.0,0
26.9472111885615,15,1.0,-8480
26.949277565276176,17,2.0,-3792
26.949623569027352,15,1.0,-8263
26.949715629845056,15,2.0,-8203
26.949805951527814,17,4.0,-3839
26.949957738869845,15,2.0,-8450
26.95092842312976,17,1.0,-108
26.952192748023734,13,3.0,-10127
26.952932531819954,13,4.0,-10039
26.955296032381117,5,3.0,0
26.95580484346593,13,1.0,-9749
26.96038803112794,13,1.0,-9851
26.96042814152669,17,1.0,-3121
26.96129587330431,14,1.0,-9802
26.96132527185575,15,2.0,-8312
26.961448787070104,17,6.0,-4778
26.962469942548715,5,1.0,0
26.96279587622717,14,1.0,-9803
26.964109025371208,13,5.0,-9900
26.965268169183673,17,2.0,-3833
26.96546763903461,15,2.0,-8351
26.966302776426506,13,6.0,-10002
26.96689766512093,17,5.0,-6746
26.967342849330535,14,4.0,-10100
26.967733097451475,17,1.0,-7330
26.96884803333063,15,5.0,-8220
26.96884803333063,17,5.0,-8220
26.970216603572737,17,4.0,-8242
26.970233782475493,5,3.0,0
26.970681250000684,14,1.0,-10077
26.970840847927867,17,3.0,-7972
26.97209014218477,15,1.0,-8426
26.97229061445462,14,4.0,-9961
26.972332227422797,17,3.0,-2332
26.97283081322741,16,50.0,3864
26.974475087052404,5,2.0,0
26.976429294607467,13,1.0,-9907
26.97712918915676,15,2.0,-8338
26.977310125711288,16,14.0,6963
26.977984666643824,13,1.0,-9743
26.97897005779852,14,15.0,-10126
26.97948781439822,17,6.0,-4492
26.979586930077385,15,9.0,-8377
26.979592109959793,15,4.0,-8251
26.981656193087062,15,3.0,-8435
26.98228094097932,13,1.0,-9823
26.983269663296436,15,2.0,-8345
26.98595627603373,15,1.0,-8398
26.986186604254822,13,1.0,-9916
26.988021300444256,17,4.0,-5506
26.98865903747138,5,4.0,0
26.988837738797265,9,2.0,7606
26.988977084120076,15,4.0,-8126
26.989605020839864,15,1.0,-8454
26.9898938432601,5,2.0,0
26.990016635001687,17,1.0,-7745
26.990190062317456,13,4.0,-10067
26.990476350647693,5,4.0,0
26.991061356707593,13,6.0,-9795
26.993693189826388,5,2.0,0
26.994438677287768,14,4.0,-10107
26.995045623785863,16,5.0,1765
26.995474225474606,15,1.0,-8170
26.996001984899813,13,3.0,-9784
26.99816061965556,13,1.0,-9840
26.998405575813162,13,1.0,-9797
26.99901561856075,14,5.0,-10110
26.999809167769875,15,1.0,-8216
27.000524867440934,13,1.0,-10179
27.00178741983168,13,1.0,-10199
27.002161833010646,14,22.0,-10185
27.00250029046697,5,2.0,0
27.00280567340713,15,1.0,-8817
27.004098188535078,15,2.0,-8662
27.004337910402803,13,1.0,-10395
27.006245317983897,14,3.0,-10159
27.00775380608179,5,2.0,0
27.010178525645035,15,3.0,-8563
27.01034258324169,13,1.0,-10359
27.010357275840352,5,3.0,0
27.010917866004117,15,1.0,-8567
27.013653477650074,15,6.0,-9253
27.014746336856625,15,3.0,-8913
27.016243918992828,16,7.0,1917
27.01634495562018,14,1.0,-10274
27.016422240565234,15,6.0,-8906
27.01646994890173,16,2.0,4662
27.016497234696715,15,3.0,-8846
27.01708859221408,5,2.0,0
27.018908338200433,15,1.0,-8548
27.0190035181791,13,8.0,-10226
27.019348833864427,14,2.0,-10248
27.019382436606058,15,3.0,-8581
27.02129347354812,13,1.0,-10149
27.02267919158794,15,1.0,-8762
27.02413644306344,15,8.0,-8818
27.024416421382718,15,1.0,-8681
27.024518658038023,5,3.0,0
27.025078939490204,15,3.0,-8749
27.025295400501914,13,1.0,-10302
27.025749654567473,15,8.0,-8651
27.02671705076156,113,39.0,-10433
27.02823797651561,15,3.0,-8532
27.03317955122497,5,2.0,0
27.03551323338738,13,2.0,-10267
27.035734954156485,15,6.0,-9304
27.035976366916135,14,3.0,-10213
27.03672088943346,14,2.0,-10216
27.03928905665483,14,3.0,-10419
27.039319033931115,5,1.0,0
27.039531102542522,5,4.0,0
27.04035463940246,9,2.0,7554
27.041323968286655,15,1.0,-8649
27.042689569127592,15,6.0,-8592
27.043431896930016,3,5.0,7704
27.04572443443606,5,3.0,0
27.045849190984743,15,1.0,-8885
27.04636046678958,15,1.0,-8564
27.046825560198915,15,5.0,-8602
27.04780571911187,13,21.0,-10404
27.047940378433097,13,1.0,-10435
27.04945669150177,5,2.0,0
27.05046780362324,14,2.0,-10228
27.050898704737083,15,2.0,-8864
27.051688059282633,10,50.0,7699
27.056369952234057,15,4.0,-8783
27.056369952234057,17,4.0,-8783
27.058736525853185,14,8.0,-10188
27.06100677647042,14,1.0,-10402
27.061367946432615,13,1.0,-10296
27.061432482847508,5,1.0,0
27.062902233070712,13,2.0,-10257
27.06290456045233,14,5.0,-10396
27.063106062574477,17,4.0,-2884
27.06421116126217,15,1.0,-8882
27.06421116126217,17,1.0,-8882
27.066264054152906,13,1.0,-10316
27.067101714939746,15,1.0,-8777
27.067429887136797,14,1.0,-10399
27.068963905862525,5,1.0,0
27.069436413368795,5,4.0,0
27.069524873674016,13,2.0,-10198
27.0695841953725,15,1.0,-8893
27.0695841953725,17,1.0,-8893
27.069591349285954,15,9.0,-8907
27.07067153631067,16,2.0,4920
27.071243156601486,17,3.0,-5975
27.071796306685204,15,8.0,-8684
27.071891700510324,17,1.0,-2087
27.073073329856648,15,40.0,-8788
27.073774587514112,15,1.0,-9309
27.074339956102513,15,1.0,-8705
27.075114331875213,15,2.0,-8632
27.075129789083558,16,7.0,3153
27.076000130674196,15,3.0,-8912
27.076796282962835,13,4.0,-10214
27.077415287918157,15,4.0,-8878
27.077528156347416,5,1.0,0
27.078336073101063,15,2.0,-8717
27.079053247072434,15,4.0,-8519
27.07910852805395,15,1.0,-8628
27.079240935432455,15,1.0,-8647
27.080461931435707,7,2.0,7690
27.082946259544972,5,3.0,0
27.084550585726443,15,1.0,-8675
27.08475527202755,5,1.0,0
27.084985808527765,15,5.0,-8750
27.08516788835485,13,4.0,-10177
27.085611559673147,15,3.0,-8720
27.088334207912713,15,2.0,-8859
27.088334207912713,17,2.0,-8859
27.0930262925947,15,5.0,-8768
27.093708955280793,7,2.0,7678
27.093817775365157,15,3.0,-8776
27.094119130815344,14,3.0,-10383
27.094770307847508,15,15.0,-8551
27.09496475833729,15,2.0,-8868
27.095337345579306,15,3.0,-8794
27.095461408529076,15,8.0,-8707
27.096677813939383,15,5.0,-8751
27.10152881413638,14,2.0,-10201
27.104861411218558,14,1.0,-10166
27.10586366613986,16,3.0,6479
27.107326002710348,13,1.0,-10388
27.110987394360475,17,6.0,-2605
27.112889262376452,15,4.0,-8514
27.112889262376452,17,4.0,-8514
27.113614712832014,5,5.0,0
27.11391007064654,16,1.0,5430
27.114635491522748,17,6.0,-5892
27.11512517688254,10,3.0,7694
27.116927243045936,15,1.0,-8629
27.117314156631785,5,1.0,0
27.11917698473407,13,2.0,-10317
27.11979093457509,14,6.0,-10207
27.120161001513956,15,2.0,-8610
27.121537036572136,13,3.0,-10319
27.124145574687613,5,1.0,0
27.124209122432877,5,7.0,0
27.126500056994455,5,1.0,0
27.12680541656046,15,2.0,-8701
27.12797008115942,13,1.0,-10280
27.12909145260818,14,1.0,-10397
27.129500334283023,15,1.0,-8653
27.129643993463148,13,2.0,-10401
27.130224616963456,13,1.0,-10398
27.130440793785326,15,1.0,-9288
27.133917959366308,14,3.0,-10256
27.134443393966947,5,2.0,0
27.13559560229525,14,3.0,-10196
27.135763837259205,13,1.0,-10340
27.13654248701209,15,4.0,-8509
27.13729279938663,13,2.0,-10261
27.13970934787733,15,1.0,-8835
27.14018825834908,15,1.0,-8801
27.140215409748784,15,3.0,-8869
27.141332940077397,13,4.0,-10230
27.141676018524937,14,1.0,-10204
27.143814070020465,15,16.0,-8683
27.145036201885915,5,1.0,0
27.145816677180626,5,1.0,0
27.146704577419555,17,2.0,-1154
27.147027608561913,13,2.0,-10173
27.14895739309256,17,1.0,-6683
27.149354814802454,15,44.0,-8953
27.149901315866035,13,5.0,-10387
27.150785541641156,15,8.0,-8839
27.151485168874444,15,5.0,-8537
27.152585760459214,15,1.0,-8710
27.15465517778564,6,4.0,7701
27.155559583107696,15,1.0,-8615
27.15620973928583,15,5.0,-8530
27.156354863923813,15,2.0,-8723
27.157606994079845,15,8.0,-8598
27.158280102957512,15,1.0,-8791
27.15839542417706,15,12.0,-8738
27.15990150228339,13,1.0,-10423
27.16016450617812,15,2.0,-8686
27.16043077816103,5,2.0,0
27.16145456829144,17,1.0,-5086
27.161645410190168,17,2.0,-2880
27.163375714351,15,1.0,-8797
27.16345252784325,15,4.0,-8510
27.164401510940692,14,2.0,-10425
27.164438248175184,15,1.0,-8688
27.168527149447613,17,3.0,-2243
27.17013987244291,14,1.0,-10271
27.17241859272007,13,4.0,-10251
27.17312360757721,16,1.0,5292
27.173448050802556,15,2.0,-8680
27.173981218416962,14,3.0,-10262
27.177429470323144,15,2.0,-8900
27.17901316349493,15,1.0,-8808
27.179150577307077,15,3.0,-9267
27.180026350178466,13,1.0,-10403
27.180425667393592,17,11.0,-2559
27.18061479437496,15,2.0,-8687
27.18107601473183,13,2.0,-10348
27.181721284750587,5,11.0,0
27.18289226884526,13,1.0,-10434
27.184601998376845,17,1.0,-2739
27.185375481144042,14,3.0,-10197
27.18550852111101,5,4.0,0
27.18571276683375,15,8.0,-8769
27.186017059711798,15,3.0,-8622
27.18615863599823,15,1.0,-8722
27.18907575802147,13,1.0,-10341
27.189085689294533,17,1.0,-5849
27.1901319832414,15,13.0,-8987
27.190190548905907,14,2.0,-10241
27.192839272438555,15,2.0,-8534
27.194774271738055,15,1.0,-8807
27.195621764889264,5,3.0,0
27.197177934152908,15,5.0,-8789
27.197511155991542,15,1.0,-8744
27.199885697271853,5,3.0,0
27.200089983493154,13,2.0,-10408
27.20081405427277,5,1.0,0
27.20331113632567,5,4.0,0
27.205140766744424,5,2.0,0
27.205657375693953,13,3.0,-10355
27.207958644274026,13,1.0,-10206
27.210141600370513,13,3.0,-10222
27.21028735536436,15,12.0,-8911
27.210457264184512,15,1.0,-8852
27.21266235997785,15,1.0,-8600
27.2134904096908,14,6.0,-10427
27.213674095192143,16,2.0,5872
27.214860756177984,14,4.0,-10295
27.215909703694344,16,13.0,6751
27.217435601509624,15,1.0,-8853
27.21756082325575,15,1.0,-8673
27.219498121047984,15,1.0,-9077
27.221470896889993,13,3.0,-10335
27.22211595808745,14,17.0,-10391
27.22260534588751,16,7.0,6483
27.222872449162875,15,5.0,-8901
27.22420748754401,5,2.0,0
27.22584481327238,16,43.0,2795
27.226246567883194,13,5.0,-10254
27.227265295529698,13,3.0,-10328
27.22852408784742,15,1.0,-8903
27.22915703431315,17,35.0,-2149
27.23274999284025,15,2.0,-8898
27.233658412910597,13,1.0,-10243
27.234685731856842,15,1.0,-8784
27.23584431274759,15,7.0,-8737
27.23692141172995,13,1.0,-10346
27.23872331082233,15,2.0,-8655
27.2397105781242,5,1.0,0
27.240508349405456,16,1.0,4918
27.24064397835714,15,4.0,-9161
27.24064397835714,17,4.0,-9161
27.241235445316857,13,1.0,-10306
27.241623605530105,5,32.0,0
27.24232227340138,15,1.0,-8549
27.245593793949105,16,3.0,7163
27.2480201748996,16,11.0,4052
27.24959632336006,10,3.0,7680
27.250638122288738,13,7.0,-10364
27.251043583028768,13,1.0,-10265
27.253722420761946,14,2.0,-10202
27.253992148542668,15,1.0,-8669
27.25584062005248,13,26.0,-10420
27.257239882803688,16,4.0,6996
27.257986414234775,16,2.0,5619
27.258719042728302,17,7.0,-3014
27.25912555895208,5,1.0,0
27.259822157087566,5,3.0,0
27.26012098132339,13,2.0,-10145
27.26102806575533,5,3.0,0
27.26182843936509,5,1.0,0
27.262274805453888,14,1.0,-10411
27.262339239007797,15,1.0,-8536
27.262935102675513,5,2.0,0
27.263863133651732,16,9.0,1656
27.263909418044776,15,5.0,-8608
27.264530396684805,15,33.0,-8617
27.264530396684805,17,33.0,-8617
27.265954270069173,15,15.0,-8871
27.266518674636604,15,1.0,-8570
27.269842183469812,15,46.0,-8554
27.271388215828882,15,10.0,-8892
27.272197847180657,15,2.0,-8735
27.273310811313177,5,4.0,0
27.274271986408408,15,1.0,-8712
27.27461128272988,15,2.0,-8899
27.27483145532944,14,1.0,-10234
27.274882153175035,5,2.0,0
27.277111082525327,13,6.0,-10247
27.27719621411857,15,2.0,-8580
27.27809999122935,13,1.0,-10343
27.278919527748375,15,4.0,-8700
27.279445685957807,13,1.0,-10217
27.28000140819627,13,1.0,-10337
27.28037992736177,15,1.0,-8685
27.281275319606674,15,1.0,-8883
27.28252820614376,17,1.0,-4031
27.28275877422516,15,1.0,-8729
27.284600959997736,15,37.0,-8637
27.285262233133864,16,2.0,7065
27.28608210520158,14,1.0,-10287
27.286664421519376,17,1.0,-637
27.287196583959993,9,2.0,7318
27.28805805564552,17,1.0,-3716
27.288338577715344,15,1.0,-8560
27.289085186258152,15,10.0,-8767
27.289126199456582,5,4.0,0
27.29051558807047,17,3.0,-3969
27.2911359119261,15,2.0,-8633
27.293129265697274,15,6.0,-8887
27.293487544581893,17,2.0,-5207
27.29364300717598,13,2.0,-10385
27.293737408536096,15,1.0,-8664
27.294223139150258,16,2.0,6019
27.29558472115436,5,2.0,0
27.29559121785239,16,40.0,4533
27.29606492750945,15,5.0,-8741
27.29607603479034,13,1.0,-10162
27.298134750792393,16,11.0,3929
27.298476556864884,15,4.0,-8804
27.299435940071366,15,1.0,-8823
27.299558228316315,15,4.0,-9195
27.299805127340015,17,2.0,-3308
27.300200502175333,15,7.0,-8566
27.302967740010217,17,3.0,-3759
27.303136287911414,14,2.0,-10153
27.303218924692583,15,2.0,-8831
27.305011398219772,14,14.0,-10167
27.305347128856095,15,1.0,-8785
27.30588627533605,5,3.0,0
27.305908377780018,15,5.0,-8890
27.306778352474844,14,4.0,-10209
27.30849749126165,13,5.0,-10147
27.30913643550904,17,4.0,-5400
27.310314356742005,17,7.0,-2008
27.31039440519231,17,2.0,-7665
27.312581124633784,15,2.0,-9194
27.312747258594058,13,3.0,-10312
27.313719152439297,5,31.0,0
27.315386934166394,13,1.0,-10194
27.3165183718008,15,1.0,-8745
27.31714199679924,15,3.0,-8874
27.31857286659827,13,6.0,-10189
27.318595903033863,16,1.0,7066
27.319715541131284,5,2.0,0
27.31992456746308,13,1.0,-10416
27.32280093417209,5,2.0,0
27.32398579215792,15,1.0,-8990
27.32506352739349,15,3.0,-8677
27.32517503174642,15,2.0,-8584
27.325235766832236,15,1.0,-8833
27.325428153665122,15,2.0,-8588
27.325505296606178,5,3.0,0
27.326224241658032,13,1.0,-10275
27.32752231847564,15,5.0,-8799
27.32797430629219,14,9.0,-10279
27.32912720323765,15,2.0,-8679
27.32947537501041,14,3.0,-10169
27.330623850220498,5,5.0,0
27.33063471782644,15,2.0,-8725
27.33770372697741,15,3.0,-8902
27.33935177980263,13,7.0,-10436
27.34295490987106,15,3.0,-8624
27.343090011504973,13,2.0,-10187
27.34346316181614,15,9.0,-8674
27.345229666415406,5,4.0,0
27.345637961237287,16,3.0,1943
27.346264829661532,15,8.0,-8802
27.348550052219288,13,2.0,-10252
27.348970397421045,5,3.0,0
27.350188223661526,13,1.0,-10203
27.350845682659532,15,2.0,-8850
27.35139062957287,15,6.0,-8866
27.35181301433911,15,5.0,-8654
27.35181301433911,17,5.0,-8654
27.35196639672062,15,1.0,-8731
27.35429736347596,13,1.0,-10219
27.3543268608,15,3.0,-8736
27.3543268608,17,3.0,-8736
27.35537061198523,15,4.0,-8904
27.35801164262644,15,1.0,-8811
27.358709950298547,13,1.0,-10150
27.35925128173916,15,2.0,-8758
27.36430108518612,16,2.0,6037
27.36708404036673,15,1.0,-8803
27.367385596459382,14,3.0,-10365
27.367858783278837,17,1.0,-2985
27.36842496845086,15,1.0,-8562
27.368540799303144,15,12.0,-8577
27.370662101217516,15,1.0,-8774
27.371081252085062,13,6.0,-10294
27.372198535183152,15,10.0,-8863
27.374223936710358,14,13.0,-10380
27.374250953061782,16,2.0,3865
27.374601244424017,5,7.0,0
27.37519631767062,5,2.0,0
27.376174711150494,7,5.0,7695
27.376197048444848,17,2.0,-4717
27.37844997022401,13,2.0,-10334
27.378707825348158,13,1.0,-10235
27.37873654746788,5,8.0,0
27.37917752706464,13,1.0,-10430
27.38081100593911,13,3.0,-10323
27.381174847086285,15,1.0,-8897
27.382310776043578,15,1.0,-8815
27.385572485647675,5,4.0,0
27.387077893801997,13,1.0,-10327
27.387297590103437,16,3.0,5958
27.387907959211965,5,2.0,0
27.388041827694224,17,1.0,-7106
27.388149412125212,15,7.0,-8540
27.388264839582096,15,5.0,-8612
27.389425021872242,17,1.0,-4585
27.3894936897351,15,1.0,-8827
27.391197578395513,16,4.0,5385
27.391276434244237,15,1.0,-8733
27.39211811852182,15,1.0,-8619
27.39341608888267,17,5.0,-6435
27.393551914450487,15,2.0,-8771
27.393733509886776,15,2.0,-8543
27.393733509886776,17,2.0,-8543
27.394326193349343,15,8.0,-8692
27.39472447144625,16,5.0,5095
27.397095032076137,15,2.0,-8796
27.399591623202596,5,3.0,0
27.399816506126818,13,1.0,-10284
27.399907742881435,15,1.0,-8764
27.401069326364656,15,1.0,-8572
27.403413751132007,15,4.0,-9262
27.403890524855512,15,1.0,-8714
27.405485529791928,15,2.0,-8678
27.405530459576816,13,1.0,-10215
27.405597672366333,16,3.0,7661
27.40640380361431,14,6.0,-10344
27.407711601229924,15,1.0,-8724
27.408401780310925,17,1.0,-1271
27.409095047452656,13,18.0,-10426
27.40965569242413,15,2.0,-8843
27.411010824215257,14,3.0,-10360
27.411330731956916,15,6.0,-8642
27.41312504797166,15,1.0,-8889
27.414218707396756,16,26.0,3020
27.414599695866062,15,10.0,-8525
27.41493522873163,13,1.0,-10144
27.41675073307923,15,1.0,-8828
27.416929328821876,15,2.0,-8708
27.417091151963984,17,9.0,-3631
27.41871001360099,5,1.0,0
27.419468885824195,13,5.0,-10174
27.420047100042417,16,5.0,3307
27.420235280167955,13,5.0,-10148
27.420364638419176,13,3.0,-10266
27.42237250913141,15,3.0,-8957
27.424403297387812,16,1.0,5396
27.424756710555954,5,3.0,0
27.425156742344146,16,3.0,6686
27.425759440739817,17,2.0,-229
27.42588913191464,16,2.0,6633
27.426953214651764,5,4.0,0
27.427580883191617,17,3.0,-3448
27.430906983508116,16,44.0,3732
27.43156892799979,17,2.0,-4777
27.431586784880608,15,3.0,-8730
27.432528648680293,13,5.0,-10278
27.433114213922295,15,1.0,-8599
27.4337791600525,15,6.0,-8975
27.434740297639237,5,3.0,0
27.435251187991,13,2.0,-10352
27.43584474080533,14,2.0,-10406
27.436109680483742,15,2.0,-8618
27.436251731872304,13,2.0,-10389
27.43637685163372,13,2.0,-10415
27.436466796655623,15,5.0,-8682
27.43664684737582,13,1.0,-10227
27.438608807251306,15,2.0,-8905
27.440000313781095,15,1.0,-8694
27.440000313781095,17,1.0,-8694
27.4406739084084,15,1.0,-8715
27.44106937914472,13,2.0,-10308
27.44169701607199,17,18.0,-3329
27.443596022719753,14,28.0,-10405
27.44466636400659,15,6.0,-8527
27.44471702044525,14,2.0,-10345
27.44656821288587,17,3.0,-5639
27.447543172836376,15,1.0,-8732
27.452924976628974,13,4.0,-10176
27.454446664787543,5,3.0,0
27.454544697893116,15,4.0,-8754
27.454587256477843,14,3.0,-10384
27.455573447304186,15,4.0,-8860
27.456492418157275,14,4.0,-10325
27.456515571622113,5,9.0,0
27.45752877735943,17,1.0,-4681
27.458109613961643,13,1.0,-10165
27.45822441924412,15,2.0,-8659
27.45869105839111,13,1.0,-10377
27.459814145388012,5,4.0,0
27.460311603077212,15,1.0,-8910
27.46247775884055,15,1.0,-8747
27.463584380022507,15,6.0,-8876
27.46589405008724,13,3.0,-10155
27.467166121324354,15,7.0,-8542
27.467166121324354,17,7.0,-8542
27.468065349718902,15,3.0,-8556
27.4688029717077,15,29.0,-8550
27.468899062292717,15,1.0,-8663
27.469192801076826,13,2.0,-10277
27.46942239772482,17,1.0,-5359
27.469632452436645,17,1.0,-5377
27.471756995879257,17,7.0,-7245
27.471811498929334,5,2.0,0
27.473931773302883,14,4.0,-10172
27.476134757687507,5,6.0,0
27.476447256738563,15,1.0,-8830
27.47875466584436,17,31.0,-4951
27.4828124855102,17,3.0,-3886
27.48342289377348,5,2.0,0
27.483730288598053,13,2.0,-10394
27.485185702357523,5,1.0,0
27.485462962478724,5,4.0,0
27.485661060877142,16,1.0,7305
27.486120443251373,13,1.0,-10291
27.486376443537438,15,4.0,-8908
27.48639300554551,17,15.0,-3190
27.486734324412648,15,1.0,-8726
27.489514406962833,5,33.0,0
27.489733421118984,17,2.0,-4467
27.493380044102274,15,9.0,-8711
27.49497377347544,15,6.0,-8666
27.496419445461523,17,1.0,-5680
27.496785488869246,15,1.0,-8851
27.497122195580033,5,8.0,0
27.49906137105577,9,5.0,7682
27.50028143254381,17,17.0,-4794
27.501076199099966,16,2.0,5746
27.501428045978432,1,2.0,7705
27.50250594749405,15,10.0,-8761
27.504546755251265,15,3.0,-8693
27.50696051980331,7,1.0,7691
27.51152938033251,13,2.0,-10381
27.511558254568087,15,3.0,-8695
27.512359003578098,14,1.0,-10339
27.512829351335682,13,2.0,-10195
27.513157680666733,13,15.0,-10273
27.51379043996675,13,1.0,-10301
27.51437832528599,5,4.0,0
27.514438935210006,14,14.0,-10156
27.515760566907414,5,1.0,0
27.515968882655024,5,19.0,0
27.51606607751037,15,1.0,-8656
27.516188662573946,15,1.0,-8573
27.517291861632174,15,1.0,-8867
27.517899721505444,15,7.0,-8557
27.51841659699192,15,2.0,-8575
27.51853926706196,17,3.0,-2644
27.519190091514453,15,3.0,-8553
27.519783064590694,15,1.0,-8504
27.520497337004034,14,1.0,-10414
27.520533690358825,13,3.0,-10158
27.521636308399675,15,1.0,-8716
27.522802701356966,17,15.0,-7884
27.523841276279644,13,1.0,-10409
27.52611701357705,15,3.0,-8621
27.527104871088376,14,1.0,-10223
27.5280673763205,5,2.0,0
27.528410304048908,15,2.0,-8856
27.529936338599583,5,4.0,0
27.531100265108122,15,2.0,-8526
27.531902428945084,14,1.0,-10374
27.533013805022886,17,12.0,-1131
27.533348922311013,15,1.0,-8506
27.53464245066063,15,4.0,-8539
27.537540433673215,13,2.0,-10361
27.537758177971114,17,5.0,-4241
27.53818688612874,17,1.0,-4727
27.53911725927972,17,3.0,-6343
27.539642887232137,17,2.0,-7786
27.541488625157474,13,2.0,-10363
27.54279288208315,15,1.0,-8734
27.548138142076986,15,1.0,-8752
27.54899508685658,14,3.0,-10245
27.549640993882186,15,3.0,-9182
27.5500014868344,13,3.0,-10161
27.550697598939667,15,3.0,-8667
27.551678724447598,15,1.0,-8587
27.551750003887022,17,2.0,-7201
27.552676016633043,13,2.0,-10175
27.553055934349153,15,16.0,-8759
27.553607453816436,17,1.0,-7916
27.554292528748938,15,4.0,-8772
27.55650839996472,17,1.0,-6659
27.55664553055628,15,18.0,-8528
27.557904967840276,16,20.0,7041
27.558175028101907,15,1.0,-8782
27.55833467605476,17,1.0,-4124
27.558518146669797,15,1.0,-8603
27.558518146669797,17,1.0,-8603
27.559446094193326,17,5.0,-3176
27.56038931471507,17,1.0,-3688
27.56044667713715,15,1.0,-8535
27.560943241517926,13,6.0,-10424
27.56170812603686,13,1.0,-10342
27.563045863836198,7,2.0,7676
27.56336451436879,17,1.0,-1603
27.56361941616499,15,8.0,-8626
27.56361941616499,17,8.0,-8626
27.564515060924926,15,1.0,-8529
27.56474592539735,5,1.0,0
27.565529503499764,14,7.0,-10146
27.56624539852487,17,1.0,-4085
27.56688849257406,15,2.0,-8844
27.56766295814783,15,1.0,-8810
27.569578640841062,15,10.0,-8625
27.56960189777277,15,3.0,-8706
27.56960189777277,17,3.0,-8706
27.571672609925084,15,1.0,-8670
27.57179528899643,13,4.0,-10289
27.5724486873855,17,1.0,-5996
27.57305638768677,15,2.0,-8718
27.573308595147417,15,2.0,-8596
27.573436575139464,15,2.0,-9007
27.57385866073902,15,3.0,-8579
27.57411644997724,17,1.0,-5735
27.574736827890746,5,7.0,0
27.575595780449188,15,1.0,-8606
27.579529770408,17,2.0,-3452
27.579921482949324,17,11.0,-378
27.582384529151625,15,1.0,-8819
27.58245620607743,17,13.0,-3291
27.582713478532746,13,3.0,-10375
27.58341984061616,13,1.0,-10356
27.583950202972183,17,2.0,-7073
27.585649040299682,13,2.0,-10240
27.585796444751438,16,2.0,7175
27.586249956062666,15,3.0,-8809
27.587028559504216,5,2.0,0
27.588065741562268,17,1.0,-6270
27.588743454089958,13,1.0,-10270
27.589135396229416,13,2.0,-10418
27.58961167870568,17,6.0,-7180
27.589893481713904,13,4.0,-10192
27.59217985790277,15,1.0,-8792
27.594823458535814,17,1.0,-8060
27.595597869364326,15,2.0,-9045
27.59703030423992,17,4.0,-5808
27.597677645972986,15,1.0,-8779
27.599871928849446,15,2.0,-8552
27.600324613537147,15,14.0,-8561
27.600730188151882,16,1.0,1928
27.60362310747787,17,4.0,-6095
27.603752414275426,17,1.0,-6070
27.603810356101384,14,8.0,-10304
27.603992696453027,17,3.0,-5431
27.60472741283741,17,1.0,-7489
27.605376134986685,15,1.0,-8690
27.60545283393794,14,3.0,-10311
27.60582178214828,5,1.0,0
27.60796989171488,15,3.0,-8650
27.60876265144743,16,4.0,5654
27.60915873262725,15,2.0,-8857
27.610138356085766,15,5.0,-8719
27.6113266222153,16,8.0,2136
27.611929250625515,15,6.0,-9094
27.612767030347378,15,1.0,-9071
27.614149902773796,5,11.0,0
27.616164394043178,15,2.0,-8594
27.617478568513054,14,4.0,-10186
27.618164090299324,15,1.0,-8590
27.618457827747005,14,2.0,-10329
27.61929552311234,13,2.0,-10184
27.62091810221733,7,12.0,7685
27.6215114798494,15,4.0,-8786
27.622832528515946,13,5.0,-10330
27.62516220530518,14,3.0,-10362
27.62520682843445,14,3.0,-10367
27.625347248613814,17,1.0,-5846
27.625903161613714,5,9.0,0
27.626461124895354,15,1.0,-8517
27.626556228377883,5,12.0,0
27.627231757168335,5,2.0,0
27.628139157705327,16,4.0,7027
27.628163679849013,17,2.0,-5096
27.629242864124294,15,2.0,-8582
27.62932690031116,13,4.0,-10373
27.629329315648835,17,3.0,-1104
27.62982264004749,15,2.0,-8848
27.630280010966718,17,4.0,-7524
27.630288295423465,15,5.0,-9219
27.630993012497534,15,4.0,-8699
27.63132341399876,15,1.0,-9091
27.631450997175854,13,1.0,-10379
27.632696815167943,5,2.0,0
27.632803514310876,14,2.0,-10250
27.63417480485925,13,2.0,-10242
27.63493433666812,5,2.0,0
27.635115627310295,15,1.0,-8976
27.635145925743398,17,1.0,-7242
27.637733171220404,16,8.0,7470
27.63796641941671,14,3.0,-10386
27.639012235111156,5,1.0,0
27.639729252264274,15,1.0,-8842
27.639729252264274,17,1.0,-8842
27.639805258654246,15,2.0,-8793
27.639872657664192,15,1.0,-8697
27.64144354324511,5,4.0,0
27.642860543781175,13,7.0,-10297
27.643354069935814,15,6.0,-9168
27.643848902574057,15,2.0,-8546
27.643859444775483,5,6.0,0
27.645114104409643,15,2.0,-8660
27.64727534336928,17,1.0,-3394
27.64916981158833,13,2.0,-10258
27.650294042075448,17,6.0,-6565
27.65042712487944,16,3.0,6720
27.651395945846648,13,2.0,-10212
27.65151628120839,15,1.0,-8691
27.65189848654627,14,4.0,-10292
27.653370254072158,15,4.0,-8873
27.653545063274944,15,2.0,-8511
27.654267222348864,17,8.0,-5509
27.656673993416064,15,2.0,-8854
27.656739899001785,17,2.0,-3863
27.65724654548109,13,4.0,-10168
27.659181228267116,5,1.0,0
27.65919236682881,5,1.0,0
27.659581362316164,15,1.0,-8544
27.660116186846803,15,4.0,-8698
27.660652055052136,14,2.0,-10193
27.66074987897623,15,7.0,-8727
27.661004742118195,5,2.0,0
27.661174227914007,16,1.0,2364
27.66618205558899,15,4.0,-8616
27.66631580382204,13,2.0,-10428
27.66712813616841,13,3.0,-10164
27.67011966512046,15,4.0,-8845
27.67019766107614,15,5.0,-8565
27.670547097443382,17,1.0,-949
27.6708734915158,15,1.0,-8689
27.67419456350529,17,3.0,-628
27.67500356518277,15,2.0,-8865
27.675505412137948,15,6.0,-8763
27.675805870833408,15,2.0,-8739
27.675840445564962,13,1.0,-10324
27.67651985317603,15,29.0,-8895
27.67793877022011,15,8.0,-8696
27.678657151022488,5,2.0,0
27.67898976259001,17,24.0,-6725
27.67952082901235,17,2.0,-5143
27.680289530759918,13,1.0,-10318
27.683247673153012,15,6.0,-8641
27.685572392583783,5,9.0,0
27.68638433359431,15,3.0,-8795
27.686514783169105,5,1.0,0
27.687592000230783,5,2.0,0
27.68884618251402,17,1.0,-4323
27.6892003782826,15,6.0,-9276
27.6907750819664,16,1.0,4964
27.69141354707756,13,2.0,-10239
27.69161175597748,17,6.0,-7796
27.692513080348206,16,3.0,1867
27.692859731455755,11,2.0,7686
27.692963160544743,15,3.0,-8748
27.69398785506876,5,2.0,0
27.694656103525734,13,8.0,-10255
27.697158074065374,16,2.0,3973
27.697761416551963,15,2.0,-8832
27.698021799842845,15,7.0,-8798
27.698412318599093,5,3.0,0
27.699431246855816,16,3.0,4566
27.700687066301832,13,1.0,-10181
27.70091916946744,17,6.0,-8472
27.70190592855704,17,1.0,-4614
27.70202102690863,5,10.0,0
27.70204736769669,15,2.0,-8522
27.702181912459906,17,3.0,-7049
27.702742627576697,15,1.0,-8862
27.702825738431354,14,2.0,-10232
27.703167542129513,17,1.0,-6162
27.704629548133365,17,1.0,-3694
27.707606795131454,15,2.0,-9273
27.707612837174686,17,9.0,-2148
27.708247592439474,15,1.0,-8507
27.709097250068837,13,1.0,-10307
27.709505376451066,15,3.0,-8813
27.71074474435947,15,2.0,-8728
27.712357606208688,13,2.0,-10288
27.713840406462843,13,6.0,-10282
27.715348648452544,5,1.0,0
27.719330045345885,15,1.0,-8805
27.71993194102521,17,3.0,-4579
27.720570635823293,15,2.0,-8775
27.721178260428808,14,3.0,-10347
27.721969980277283,15,1.0,-8586
27.722200464955378,13,2.0,-10369
27.722524107236723,15,1.0,-8515
27.723151950002197,15,13.0,-8512
27.72320048724698,17,4.0,-7427
27.724417557734146,15,5.0,-8545
27.72679068931281,13,20.0,-10224
27.729290397846007,13,1.0,-10310
27.731004087499464,13,3.0,-10151
27.731157604414665,14,4.0,-10237
27.7314627417824,15,7.0,-8704
27.731799204367586,5,4.0,0
27.732374821860258,13,6.0,-10336
27.732426032480102,14,57.0,-10410
27.734802063321773,15,2.0,-8636
27.735235342847798,14,3.0,-10191
27.73653717684423,14,2.0,-10154
27.737767762647778,17,2.0,-6228
27.73848732774615,15,1.0,-8620
27.73996088403071,5,10.0,0
27.74350516212281,5,5.0,0
27.744577427626854,5,1.0,0
27.747574833785322,15,1.0,-8661
27.749746671587832,5,1.0,0
27.75044099706907,13,1.0,-10238
27.750768989835365,15,2.0,-8623
27.751909138543297,16,26.0,5836
27.752547629537847,15,4.0,-8770
27.753025933728996,15,1.0,-8886
27.7550686423085,15,4.0,-8824
27.755639315346674,14,21.0,-10182
27.75569978725665,15,2.0,-8790
27.757058704050422,17,4.0,-1331
27.75780873370326,17,3.0,-4078
27.758039620765043,13,3.0,-10350
27.759465401536403,16,5.0,5717
27.760576296799762,13,2.0,-10286
27.761044490195125,15,2.0,-8652
27.761062854170294,5,10.0,0
27.76112810791509,16,33.0,456
27.76115907840497,15,2.0,-8980
27.763272018380327,5,5.0,0
27.765059884923136,17,1.0,-7063
27.766068322655837,13,5.0,-10331
27.766302534666387,15,12.0,-8881
27.76707772217608,13,1.0,-10293
27.76852852135452,15,2.0,-8646
27.768651083715163,13,4.0,-10233
27.768826756473857,17,1.0,-6497
27.769410497116624,17,3.0,-1593
27.769768086944627,15,1.0,-8778
27.77006032310662,15,2.0,-8861
27.770830910681383,15,1.0,-8757
27.770987754528303,5,2.0,0
27.77170869166256,5,4.0,0
27.772050232400595,17,2.0,-322
27.774072497248515,13,3.0,-10354
27.77411117404846,13,2.0,-10200
27.774271145238515,13,12.0,-10263
27.775079262543063,5,2.0,0
27.775667794252417,15,2.0,-8613
27.775686552453987,16,56.0,7474
27.7760263586306,13,1.0,-10171
27.776128547420583,4,2.0,7706
27.776365764023677,5,3.0,0
27.778716789800466,15,1.0,-8555
27.778776765667022,17,1.0,-4688
27.779111153993863,17,1.0,-6301
27.780008992801587,15,1.0,-8755
27.78063908672407,5,15.0,0
27.781743451979104,13,3.0,-10429
27.781892415390498,17,6.0,-7099
27.782275204675543,15,4.0,-8524
27.782985364221656,15,1.0,-8607
27.783040521024276,15,1.0,-8658
27.783916352232495,5,4.0,0
27.784258702083925,5,4.0,0
27.784271540099816,17,6.0,-4148
27.785357272338494,13,1.0,-10412
27.78600355680469,15,4.0,-8583
27.78609926801436,17,49.0,-4337
27.786244619754335,15,1.0,-8766
27.788347336625428,15,2.0,-8909
27.788347336625428,17,2.0,-8909
27.789174186892545,13,1.0,-10390
27.789238506998917,17,2.0,-6627
27.790309970353526,17,2.0,-4361
27.790794334339797,15,1.0,-8533
27.791162318504522,17,4.0,-5150
27.79119369145515,16,4.0,3041
27.79121340073988,17,1.0,-6147
27.793318246497062,13,2.0,-10315
27.793573976005227,6,2.0,7703
27.793584247360783,17,5.0,-684
27.793627719709878,15,1.0,-8541
27.794412454210445,14,5.0,-10210
27.794507842808432,15,3.0,-8838
27.79571024886459,13,12.0,-10260
27.796215537369626,17,1.0,-923
27.79686166140954,15,14.0,-9311
27.79686166140954,17,14.0,-9311
27.796969006398374,13,2.0,-10253
27.797346524265393,15,1.0,-8589
27.797369149672186,17,3.0,-3768
27.797866388719378,17,1.0,-7212
27.798628951132248,14,1.0,-10276
27.79939066437477,15,2.0,-8643
27.80101105911622,13,2.0,-10326
27.801410433561806,17,2.0,-7321
27.802592386100994,15,5.0,-8756
27.802812693611465,14,2.0,-10432
27.80329911158749,16,7.0,570
27.803333835142336,15,4.0,-8875
27.803552126861867,15,1.0,-9193
27.80364485076032,13,1.0,-10368
27.80442731845081,5,10.0,0
27.80576023452472,15,1.0,-8559
27.806275311746425,15,4.0,-9055
27.80850558056719,14,2.0,-10303
27.80855795628574,15,3.0,-8879
27.810803485333214,13,2.0,-10357
27.811267248607162,15,6.0,-8760
27.811640636631846,5,2.0,0
27.811881871960477,15,1.0,-8781
27.81191898541565,13,6.0,-10376
27.813597051845793,1,10.0,7707
27.816151295581438,17,2.0,-7552
27.816321557817137,13,2.0,-10231
27.81651057270028,15,2.0,-8880
27.816962127153406,13,1.0,-10353
27.81702426413867,15,1.0,-8822
27.817953050031083,7,1.0,7656
27.818365628292582,5,1.0,0
27.81895315235141,13,1.0,-10205
27.8207853453594,15,1.0,-8639
27.82117419788474,17,1.0,-6745
27.821392261769837,5,2.0,0
27.82159296201383,15,2.0,-8609
27.82160953536859,15,3.0,-8576
27.821935111824775,17,2.0,-7249
27.82289534833261,5,2.0,0
27.82440906421276,15,1.0,-8858
27.824505671045294,13,2.0,-10351
27.824555236700885,13,3.0,-10382
27.824677046840208,13,1.0,-10249
27.825154465351755,15,3.0,-8523
27.826534931670952,5,4.0,0
27.826856044905334,15,1.0,-8743
27.826990857549898,5,2.0,0
27.82761079542108,5,3.0,0
27.828914765596377,5,4.0,0
27.82908001420157,15,4.0,-8521
27.829394149169914,15,3.0,-8513
27.830951608062232,5,2.0,0
27.83244744911159,16,4.0,6269
27.8331845530628,17,53.0,-7829
27.834199815064967,13,1.0,-10290
27.834485585884753,14,2.0,-10157
27.83657157557919,13,1.0,-10431
27.837630592979334,13,2.0,-10322
27.838542606097526,15,2.0,-8520
27.839147507990308,17,1.0,-5815
27.839202990942365,15,1.0,-8894
27.839214234615223,5,3.0,0
27.83968518706501,13,6.0,-10422
27.840518444676157,15,3.0,-8780
27.84099860009224,13,2.0,-10183
27.841390001248953,15,5.0,-8657
27.84324999936347,15,2.0,-8721
27.843824835155978,17,1.0,-6413
27.844279174696922,14,2.0,-10268
27.84490248703893,13,2.0,-10309
27.845750035689566,16,1.0,3414
27.84643110952626,5,1.0,0
27.846627302969182,14,2.0,-10180
27.84673214251253,5,4.0,0
27.84707841905804,15,5.0,-8849
27.847843471550757,15,3.0,-8601
27.851675026075153,14,5.0,-10378
27.85354924041537,14,4.0,-10333
27.853703435906024,15,6.0,-8591
27.853931089436678,16,3.0,7144
27.8542091008262,5,5.0,0
27.854360753624757,15,13.0,-8872
27.8549145809449,5,5.0,0
27.856355636423917,17,1.0,-4912
27.85669854358751,14,5.0,-10208
27.85757319215461,13,1.0,-10229
27.85769864032111,15,1.0,-8753
27.85852830823745,5,3.0,0
27.85971137691254,17,5.0,-7718
27.860231573352706,15,3.0,-8994
27.862868068562516,5,8.0,0
27.86616587548174,5,2.0,0
27.867915079769023,13,1.0,-10338
27.868048298267137,17,13.0,-7837
27.86860465697101,5,2.0,0
27.87047384906921,14,1.0,-10407
27.87238807702069,5,2.0,0
27.872426417773916,1,2.0,7708
27.872531572316856,13,3.0,-10152
27.87340421947673,15,8.0,-8638
27.8754379010859,13,3.0,-10272
27.87763387716998,16,5.0,6783
27.877797873032776,15,3.0,-8806
27.8778697885047,15,1.0,-9224
27.8778697885047,17,1.0,-9224
27.879182344661483,15,1.0,-8665
27.879291955491382,16,6.0,5329
27.879820744964185,17,1.0,-314
27.880848054793283,15,1.0,-8847
27.882357564956,14,3.0,-10392
27.882499921900948,15,3.0,-8595
27.88282814962784,13,3.0,-10400
27.88368755728055,14,6.0,-10371
27.884966453949044,5,9.0,0
27.885766354866004,15,2.0,-8702
27.88591653314032,14,5.0,-10370
27.88623622695008,15,3.0,-8644
27.887916206042785,15,1.0,-8995
27.88832204340048,15,2.0,-8936
27.889119022108822,5,1.0,0
27.894071285651936,13,1.0,-10285
27.896615147219975,13,1.0,-10320
27.898190307198522,13,1.0,-10190
27.902026939026996,15,4.0,-8834
27.902358280345297,15,3.0,-8648
27.902494352506338,5,2.0,0
27.90442433411562,13,4.0,-10225
27.9046696171051,15,8.0,-8668
27.90527319482142,15,3.0,-8814
27.905335018986797,15,2.0,-8952
27.906223231393692,17,8.0,-6419
27.90644200084222,13,1.0,-10417
27.908274031134937,15,6.0,-8746
27.9094047722968,15,1.0,-8914
27.910196643970895,13,1.0,-10269
27.910230560413403,13,1.0,-10236
27.910514142841084,15,4.0,-8635
27.911367121550214,17,1.0,-1882
27.91194959099751,13,1.0,-10305
27.91211703286215,17,3.0,-4984
27.912403072561574,15,14.0,-8812
27.913302846384184,15,2.0,-8877
27.913539502259763,13,5.0,-10178
27.913928201432483,15,5.0,-8703
27.915025689207546,16,1.0,1916
27.916921126435568,15,2.0,-8630
27.918753753399766,14,7.0,-10246
27.919407940726195,15,2.0,-8614
27.92044927588222,13,1.0,-10244
27.920953682574726,17,8.0,-678
27.92269724380088,14,1.0,-10264
27.92299175183701,15,6.0,-8826
27.92323275348311,15,1.0,-8841
27.923833600871642,15,3.0,-8574
27.924310648861645,17,1.0,-7761
27.92597884919995,15,3.0,-8627
27.92634649425325,17,3.0,-5502
27.927696932454037,15,1.0,-8538
27.928076341928204,17,1.0,-6481
27.92927380988063,15,3.0,-8604
27.930501645652168,14,8.0,-10283
27.932011656822034,13,2.0,-10298
27.93338059336078,16,19.0,3395
27.934349922227998,15,3.0,-8605
27.934852638323754,17,1.0,-6258
27.935280938264572,13,1.0,-10221
27.93655223941167,5,4.0,0
27.936807110409323,15,1.0,-8676
27.93691425877725,5,5.0,0
27.94022914975294,15,1.0,-8713
27.940429985881178,5,2.0,0
27.942685655971683,15,5.0,-8578
27.944703293367787,14,3.0,-10314
27.944946458851827,15,4.0,-8593
27.945104481135164,15,1.0,-8891
27.945431213018537,17,1.0,-6282
27.94609135442274,15,3.0,-8992
27.94804349540802,15,24.0,-8820
27.948432020868868,15,4.0,-8672
27.948753961818834,14,7.0,-10358
27.948898067715582,8,5.0,7652
27.949319441975035,13,3.0,-10349
27.950010187445145,15,2.0,-8742
27.950761141758164,15,2.0,-8547
27.951035611029077,14,3.0,-10281
27.951184546534215,15,5.0,-8888
27.951187097706633,13,3.0,-10332
27.95232698226292,15,3.0,-8597
27.953378162845482,15,1.0,-8884
27.95462355512967,5,4.0,0
27.955127641968875,15,1.0,-8645
27.95532781211519,15,8.0,-8740
27.956270268902212,15,1.0,-8870
27.95695274176041,15,6.0,-8640
27.958076093579955,14,15.0,-10170
27.95974898723352,15,4.0,-8505
27.95974898723352,17,4.0,-8505
27.960139341631244,5,1.0,0
27.96241170319695,16,5.0,5071
27.96278409806091,15,1.0,-8837
27.962959816041188,13,3.0,-10299
27.963469590599143,13,2.0,-10300
27.96649852051342,5,3.0,0
27.968232250200796,15,2.0,-8571
27.969287467575523,5,3.0,0
27.970012601095718,5,1.0,0
27.970344980774833,14,5.0,-10366
27.970488110003622,15,5.0,-8611
27.97180583148796,14,1.0,-10313
27.974057810061637,16,5.0,4101
27.974186432668176,15,17.0,-8568
27.974310586380916,5,1.0,0
27.975139973966506,15,1.0,-8800
27.97581929337903,13,1.0,-10163
27.977243522861368,14,20.0,-10220
27.980105424987112,17,4.0,-7588
27.980453716802725,15,8.0,-8825
27.980936565525074,5,7.0,0
27.98140077899329,13,1.0,-10437
27.98160690674602,15,4.0,-8671
27.98164424697687,15,2.0,-9213
27.982260408878428,14,2.0,-10160
27.9827356035715,13,1.0,-10421
27.98530037960263,15,2.0,-8821
27.986224783252705,15,1.0,-8896
27.986475930840278,15,3.0,-8634
27.987709959084025,13,2.0,-10372
27.989022328390384,17,2.0,-2306
27.989883072884563,5,3.0,0
27.98997462527943,13,1.0,-10393
27.990076414953514,15,2.0,-8816
27.990087524252324,17,4.0,-916
27.99116851834,15,1.0,-8516
27.99116851834,17,1.0,-8516
27.991266051555133,5,3.0,0
27.991300056187434,15,1.0,-8585
27.991739481144013,13,1.0,-10211
27.992300405314825,13,6.0,-10259
27.992548157831255,15,4.0,-8569
27.992820815619083,14,1.0,-10218
27.993388857231118,15,1.0,-8531
27.993714749926443,15,3.0,-8765
27.99377457078539,17,2.0,-7625
27.994618438694637,17,1.0,-1291
27.99573479116527,15,5.0,-8855
27.99620584766084,15,9.0,-8558
27.997789150862044,13,2.0,-10321
27.998134638688203,17,5.0,-6823
27.99873747620565,5,3.0,0
27.998846500716304,14,31.0,-10413
27.999537790902952,15,4.0,-8518
28.00002697101114,13,6.0,-10488
28.00038635470144,14,6.0,-10670
28.000932343572078,5,2.0,0
28.001532386957667,5,3.0,0
28.002446896050717,15,1.0,-9271
28.0036822551082,13,1.0,-10685
28.00431692799507,13,2.0,-10480
28.004321262512537,15,2.0,-9220
28.005194726984612,17,4.0,-5667
28.005202165270504,15,2.0,-9026
28.006277918216924,13,4.0,-10603
28.006694844862675,13,5.0,-10652
28.006976057429622,14,4.0,-10533
28.007393954331803,15,6.0,-8962
28.01023644461349,14,3.0,-10508
28.011151559995156,14,2.0,-10500
28.011342954520785,13,6.0,-10479
28.012970104140486,16,8.0,280
28.01399164470861,15,1.0,-9307
28.01406949973695,16,5.0,5848
28.01587543485948,13,2.0,-10707
28.01634747371532,15,1.0,-9208
28.016819775764866,7,31.0,7688
28.0191705442921,16,1.0,3326
28.02127254654287,16,1.0,7629
28.02169082573018,15,2.0,-9065
28.02199999985399,15,1.0,-9217
28.024970906026184,15,53.0,-8929
28.02705528559455,7,4.0,7637
28.02766277483628,14,9.0,-10647
28.029087845954678,13,4.0,-10695
28.029323501455476,15,1.0,-9254
28.02987622594454,15,4.0,-9046
28.031518350169076,13,1.0,-10531
28.031878569385707,14,8.0,-10608
28.034329776010647,15,5.0,-9062
28.03488873117438,15,5.0,-9133
28.035340194527688,5,5.0,0
28.03565329574271,5,2.0,0
28.037453524625864,15,3.0,-9102
28.041847554385356,13,15.0,-10557
28.041904226793804,15,1.0,-8918
28.0426983164544,5,3.0,0
28.04412288401455,5,4.0,0
28.04490444467514,15,1.0,-9246
28.045037305999987,17,7.0,-1409
28.047250563654238,15,1.0,-9162
28.048460954412324,15,2.0,-9112
28.050104280193075,15,17.0,-9676
28.0503141022634,13,1.0,-10688
28.05112431814264,5,5.0,0
28.05234244172341,17,3.0,-5792
28.053778728312697,16,9.0,7140
28.054881643225425,15,5.0,-9371
28.055399018617052,16,44.0,5054
28.05568151161761,14,4.0,-10595
28.056716417808403,15,1.0,-9197
28.05768418404176,17,6.0,-2153
28.059973074823056,13,2.0,-10459
28.060560091974065,15,2.0,-9723
28.061129455951196,15,3.0,-9048
28.06592107438953,13,1.0,-10438
28.066152014968033,15,2.0,-9290
28.06663661561146,15,2.0,-9137
28.067132276015606,14,3.0,-10684
28.068017194760287,15,57.0,-8996
28.06906133118787,14,3.0,-10627
28.069361764023807,15,2.0,-9063
28.069621670473804,15,8.0,-9287
28.07139038390124,15,2.0,-8968
28.074561100132573,15,1.0,-9132
28.075760066646165,15,1.0,-9245
28.075760066646165,17,1.0,-9245
28.076020527169046,13,1.0,-10445
28.077055283049848,14,1.0,-10527
28.077578020726776,4,2.0,7709
28.078149641807116,15,3.0,-9615
28.078593428475827,15,1.0,-9382
28.07880144108853,5,4.0,0
28.082376599890775,13,6.0,-10486
28.08288338620136,15,1.0,-9536
28.084471945886648,13,2.0,-10448
28.085225745024662,1,7.0,7710
28.085358720651936,5,5.0,0
28.086612912276095,15,1.0,-8998
28.087210449334552,5,2.0,0
28.088449162686743,13,5.0,-10678
28.089159091959655,15,5.0,-9437
28.08968735154399,13,5.0,-10621
28.09054304439932,15,1.0,-9111
28.09055599928612,15,2.0,-9633
28.091691897157588,15,1.0,-9145
28.092323882724198,5,3.0,0
28.09399216521553,15,2.0,-9163
28.095098262715386,15,1.0,-9006
28.096120099789598,14,2.0,-10457
28.09681384340824,5,7.0,0
28.097026809792908,15,1.0,-8970
28.097754596524283,15,1.0,-9157
28.09961985776052,15,2.0,-8984
28.100761721534788,15,1.0,-9608
28.10296719540462,5,2.0,0
28.103029504765253,15,1.0,-9533
28.103029504765253,17,1.0,-9533
28.103578597751138,15,8.0,-9468
28.104400015828688,6,12.0,7700
28.106381249898153,14,6.0,-10585
28.107694310677523,13,3.0,-10467
28.10843903224311,15,4.0,-9061
28.108710320122793,13,1.0,-10517
28.11052341687365,13,1.0,-10633
28.111622740750253,15,2.0,-9296
28.111703795708095,15,1.0,-9037
28.111871908191038,15,6.0,-9084
28.1121110910196,15,2.0,-9301
28.116230691497908,15,3.0,-9166
28.116927243045936,17,1.0,-8629
28.119941239471423,16,5.0,6736
28.121643161255577,13,5.0,-10441
28.128599714593378,14,2.0,-10661
28.128774393431506,17,10.0,-2864
28.128816081346585,14,3.0,-10716
28.129951823201576,15,1.0,-9052
28.12997668418751,13,3.0,-10660
28.130140936644427,14,2.0,-10534
28.130644679653155,14,1.0,-10571
28.131151187568868,13,2.0,-10667
28.131653698914654,14,3.0,-10568
28.1317401347653,14,1.0,-10598
28.131783164658493,5,4.0,0
28.132783466144566,15,6.0,-9040
28.133192188827216,13,2.0,-10702
28.133569698019915,16,2.0,5323
28.134572923338677,16,9.0,7394
28.135976522042085,5,3.0,0
28.138315896195415,15,1.0,-9294
28.13837661483759,15,4.0,-9279
28.13845133326573,15,1.0,-9258
28.13865394340992,15,1.0,-9164
28.139373970109336,13,5.0,-10696
28.1395833649338,15,3.0,-9240
28.143148524608115,15,4.0,-9323
28.145075584014414,5,4.0,0
28.145656491456826,5,2.0,0
28.14796411306722,16,2.0,6984
28.150917919080875,15,2.0,-9173
28.15406553440792,15,10.0,-9180
28.15460149934895,13,2.0,-10466
28.156298220294847,14,3.0,-10494
28.157694641699777,15,9.0,-8937
28.15781168990651,15,1.0,-8999
28.15846546309807,15,8.0,-9053
28.15894564248789,17,1.0,-2569
28.159064298561052,16,3.0,5659
28.15954012135378,5,7.0,0
28.164984311284346,15,1.0,-8991
28.165554555019295,15,6.0,-9036
28.165554555019295,17,6.0,-9036
28.165697940770148,13,1.0,-10699
28.166225913013896,15,7.0,-9316
28.166675673170605,5,13.0,0
28.16713847677303,5,6.0,0
28.167720990702794,15,29.0,-9056
28.16962610840739,13,7.0,-10638
28.16997509704562,15,1.0,-8963
28.170081631695375,17,1.0,-6977
28.172327650916873,13,2.0,-10542
28.173358749352946,15,2.0,-8972
28.174920681001833,15,2.0,-9170
28.174920681001833,17,2.0,-9170
28.17498821990473,14,2.0,-10672
28.175313616372733,14,4.0,-10615
28.17589558427575,15,1.0,-9196
28.17672252412056,6,7.0,7710
28.17674252856522,13,1.0,-10551
28.177361939511613,14,4.0,-10519
28.179567901599412,5,2.0,0
28.18055585395978,15,1.0,-9203
28.18279005614791,13,2.0,-10642
28.183222167115495,14,1.0,-10607
28.1833111672023,15,1.0,-9078
28.184830296748743,15,46.0,-9083
28.185478085907345,15,3.0,-9009
28.18810922784252,15,13.0,-8964
28.18851943805794,15,1.0,-9675
28.18930547924726,5,1.0,0
28.18967190185147,15,10.0,-9702
28.192289360147328,14,2.0,-10657
28.192351065421363,14,1.0,-10637
28.193155527543766,13,29.0,-10443
28.193509999518046,15,2.0,-9057
28.195200536447253,15,24.0,-9123
28.19530004177423,14,1.0,-10575
28.19542932640907,17,3.0,-8049
28.195929041524412,15,8.0,-8965
28.195929041524412,17,8.0,-8965
28.19651381343994,17,1.0,-3815
28.196760635353115,15,5.0,-9188
28.19846284007423,15,6.0,-9082
28.19848994533478,15,5.0,-9257
28.199846923638148,16,49.0,3669
28.19994189165468,13,1.0,-10577
28.201816433254532,15,1.0,-9595
28.202123587009588,17,1.0,-2269
28.202695880281876,15,2.0,-9250
28.202989954487975,15,2.0,-9029
28.203434862493964,15,51.0,-9159
28.205131083284407,16,11.0,2800
28.206127212518542,5,5.0,0
28.206987459328307,5,9.0,0
28.207258187272544,15,24.0,-9185
28.20864334211599,15,2.0,-9128
28.212813025162454,15,1.0,-9049
28.213315780476545,15,4.0,-9664
28.214629630274164,15,4.0,-8944
28.215038350628667,16,1.0,3027
28.216611403997526,13,2.0,-10704
28.217480548845142,15,4.0,-9140
28.217555495113768,17,3.0,-5732
28.21795821068222,14,7.0,-10680
28.21814762502714,15,1.0,-9114
28.218650411204123,13,2.0,-10587
28.218979062514578,15,3.0,-9035
28.219538868419818,14,4.0,-10535
28.22606107715813,7,4.0,7701
28.22722915343155,15,2.0,-9321
28.229419700521586,14,2.0,-10624
28.231238746055197,14,2.0,-10501
28.231631128419462,15,22.0,-9129
28.231631128419462,17,22.0,-9129
28.23392543911079,5,3.0,0
28.234829172257673,15,5.0,-9619
28.23625736772493,5,6.0,0
28.238288651291295,15,2.0,-9138
28.238801173035377,17,3.0,-3426
28.238854844141105,13,2.0,-10718
28.240050384655657,5,1.0,0
28.243789411846265,5,3.0,0
28.244765103691382,15,8.0,-9099
28.24699087489511,15,3.0,-8923
28.247093727942072,15,2.0,-9261
28.247498491559003,15,6.0,-9086
28.24750384794216,13,1.0,-10623
28.247808907682572,13,5.0,-10442
28.248374149824475,15,5.0,-9174
28.249672715772284,13,1.0,-10715
28.250295358281548,15,6.0,-8933
28.250844949504785,15,15.0,-9560
28.251117301729693,14,1.0,-10703
28.252974633031016,15,2.0,-9034
28.253494808859458,15,2.0,-9578
28.25489654127109,5,2.0,0
28.25641718894254,13,3.0,-10460
28.2570076188011,15,1.0,-8943
28.2570076188011,17,1.0,-8943
28.257478270294396,15,8.0,-9424
28.257544779980492,13,3.0,-10691
28.258766765930712,13,2.0,-10482
28.259534482960117,5,2.0,0
28.26046084183531,15,1.0,-9306
28.261255313009098,13,1.0,-10674
28.261717320773517,5,1.0,0
28.262485899487316,16,2.0,4225
28.263156316130118,13,1.0,-10470
28.26329565840684,15,2.0,-9171
28.264372662590908,15,1.0,-9008
28.264851865053025,15,5.0,-9225
28.265982210168406,13,8.0,-10701
28.266436414246005,14,4.0,-10556
28.26708309201565,5,1.0,0
28.268613505200953,13,1.0,-10612
28.268743071529173,15,1.0,-9613
28.268743071529173,17,1.0,-9613
28.268923217549364,15,3.0,-9399
28.26899737094046,15,6.0,-9038
28.26996438189128,14,1.0,-10536
28.27087578140855,13,2.0,-10693
28.270948913150175,15,3.0,-9095
28.271973183751136,13,8.0,-10491
28.272176846086914,15,1.0,-9215
28.27260440663154,15,2.0,-9229
28.272815245695647,15,2.0,-8919
28.272815245695647,17,2.0,-8919
28.274136344962407,17,24.0,-1078
28.274394553048825,13,2.0,-10554
28.276398978620158,15,2.0,-9282
28.276600503096535,15,2.0,-9247
28.276660733394355,13,2.0,-10498
28.277302239911688,13,1.0,-10686
28.27734328512218,15,7.0,-9703
28.277690239110918,15,2.0,-9106
28.277928498698763,17,1.0,-4534
28.278078206116497,10,2.0,7697
28.278358819091512,15,1.0,-8997
28.278682357421133,17,1.0,-3141
28.278892264326863,16,4.0,3992
28.27957929278706,7,3.0,7683
28.28018281931989,15,2.0,-9135
28.281064724235797,5,1.0,0
28.28320159488745,14,2.0,-10450
28.283752562918078,5,2.0,0
28.284005930397083,15,1.0,-9070
28.284028446687163,15,1.0,-9017
28.284395869514647,15,3.0,-9199
28.284881828714727,15,2.0,-9039
28.288508321318766,5,6.0,0
28.293313589881247,15,1.0,-9207
28.293648609867265,13,24.0,-10452
28.294166077698172,16,2.0,5320
28.294671346817456,5,6.0,0
28.29473075192964,15,7.0,-9263
28.295900549450877,5,4.0,0
28.296668696917223,13,1.0,-10520
28.297936676870325,15,3.0,-9709
28.29843935805107,1,2.0,7711
28.299766746676312,16,2.0,3650
28.300066532229824,15,5.0,-9547
28.30053446545639,13,5.0,-10453
28.302781023639138,15,2.0,-9115
28.303115492357854,15,3.0,-9152
28.303690676788555,16,3.0,6500
28.305020439703934,15,3.0,-8926
28.306237943653056,13,13.0,-10549
28.30637626751577,16,2.0,1036
28.30877226700241,16,41.0,857
28.310182787708435,15,12.0,-8948
28.310546161517294,14,2.0,-10640
28.312050549578192,17,5.0,-6458
28.312632253231016,17,1.0,-5376
28.314137665885024,15,1.0,-9016
28.315202621217068,15,2.0,-9284
28.315265202385493,14,3.0,-10697
28.315510346286324,6,2.0,7708
28.316320588179202,17,1.0,-946
28.316522786332534,15,3.0,-9110
28.316929028910923,13,3.0,-10673
28.319385027594503,15,2.0,-9117
28.31997435475665,15,2.0,-9286
28.320624851962975,14,10.0,-10564
28.322774960490694,15,7.0,-9496
28.32443729089799,15,1.0,-9010
28.324700297106634,14,1.0,-10532
28.325603215304746,15,4.0,-9554
28.32647326508498,15,4.0,-9143
28.32740753679521,17,6.0,-5647
28.327504740691452,15,2.0,-8971
28.32960542247262,15,1.0,-9092
28.330127888080213,13,3.0,-10706
28.33166023981081,15,6.0,-8925
28.333681992695023,5,2.0,0
28.333945235612973,14,12.0,-10665
28.335040505762514,15,3.0,-9153
28.33541382325257,15,1.0,-8939
28.335489699175607,14,4.0,-10489
28.336321938434622,5,1.0,0
28.336442767609228,15,2.0,-9027
28.337534949805015,13,8.0,-10463
28.338291976566257,15,4.0,-9186
28.340221860788045,16,2.0,6950
28.340550847323392,5,2.0,0
28.341280825485562,17,6.0,-3204
28.34228752961091,5,6.0,0
28.343008662787625,17,3.0,-5353
28.344697833462607,15,4.0,-8932
28.346563033162163,15,2.0,-8978
28.349191808246225,14,11.0,-10483
28.349622221997635,15,6.0,-9293
28.35157877007676,13,2.0,-10572
28.352976374880775,13,2.0,-10635
28.35331922,15,1.0,-8981
28.3539811879475,13,1.0,-10543
28.354061583779707,15,3.0,-8931
28.354515839928382,15,5.0,-9108
28.356195984684344,5,3.0,0
28.35798991494814,14,1.0,-10586
28.359705081453782,15,30.0,-9064
28.360376212589877,15,13.0,-9047
28.360498959657637,13,1.0,-10681
28.36234414332287,5,2.0,0
28.36259056047093,15,51.0,-9242
28.364141983865178,14,4.0,-10644
28.36431653971755,5,1.0,0
28.365036837255097,15,1.0,-9109
28.36521609353254,15,5.0,-9019
28.366777907249347,15,1.0,-9098
28.367523226483645,15,1.0,-9725
28.367980414750747,13,1.0,-10562
28.368088573236566,15,3.0,-9275
28.36809054995149,15,1.0,-9626
28.3681584222708,17,8.0,-4565
28.369465337746295,15,1.0,-9156
28.3698635967628,13,2.0,-10444
28.370257423226636,15,1.0,-9322
28.370669352613785,5,1.0,0
28.370908078841502,15,4.0,-9004
28.371278206349732,15,2.0,-9405
28.376022671841152,15,2.0,-9054
28.376166999388232,15,1.0,-9187
28.378681868570528,13,17.0,-10477
28.379424716618143,5,7.0,0
28.379470652512353,14,1.0,-10504
28.380971925034917,13,2.0,-10538
28.382794013707795,17,3.0,-3823
28.383117235232554,15,7.0,-9336
28.384262582487445,14,1.0,-10541
28.3857724283676,15,1.0,-9222
28.386080451452035,5,34.0,0
28.386139515755996,113,52.0,-10690
28.386144660717083,5,5.0,0
28.387217837437515,15,4.0,-9119
28.38911223750747,15,20.0,-9721
28.391720504628346,11,3.0,7694
28.39344158003505,16,1.0,2990
28.394491262821656,9,4.0,7696
28.396418483368688,17,3.0,-4793
28.39680628314368,15,5.0,-9022
28.397856177141694,15,3.0,-9281
28.398315679853862,15,14.0,-9107
28.40058033115438,15,3.0,-9031
28.400697552405052,15,3.0,-9125
28.40195397590806,13,2.0,-10540
28.402942197266803,13,1.0,-10600
28.40319955077922,13,2.0,-10516
28.403569718691617,15,4.0,-9149
28.403618634838008,17,5.0,-1983
28.40502590471403,17,6.0,-6945
28.40528399375406,13,4.0,-10515
28.405513604047243,17,6.0,-3530
28.40678405237475,1,3.0,7712
28.407227345723328,14,4.0,-10440
28.407352870571547,15,1.0,-9192
28.41157008894398,14,10.0,-10725
28.411853132085778,15,1.0,-9079
28.41285027188893,15,23.0,-9537
28.4131894570885,16,40.0,7125
28.41460173990723,5,3.0,0
28.4152788799934,14,14.0,-10439
28.417422538415543,5,1.0,0
28.42181727573838,15,4.0,-9308
28.423174237476218,15,5.0,-8927
28.42596668011122,14,1.0,-10602
28.4266985483662,13,6.0,-10625
28.428116341588762,15,5.0,-9448
28.42829361134577,14,1.0,-10492
28.4288897085409,13,3.0,-10578
28.428997106185584,6,6.0,7605
28.43016117739079,113,48.0,-10525
28.43055806995366,13,1.0,-10629
28.432001770328206,13,1.0,-10655
28.433561370342623,15,2.0,-9150
28.433561370342623,17,2.0,-9150
28.434327181434124,5,2.0,0
28.434594173211945,15,6.0,-9080
28.435566682397234,9,5.0,7652
28.437197964770593,16,7.0,5284
28.437276731058724,5,1.0,0
28.43818575864237,15,1.0,-9303
28.43848667660752,15,1.0,-8940
28.438692847067106,15,3.0,-9260
28.439667509957882,15,34.0,-8950
28.440234459043197,14,6.0,-10689
28.441281623100206,15,39.0,-9075
28.44137425184877,15,18.0,-8959
28.4415563524136,13,4.0,-10570
28.44456149888544,15,4.0,-9214
28.44486368207441,5,1.0,0
28.44499223216182,17,2.0,-7362
28.44515601432663,15,1.0,-9126
28.446774657209552,16,60.0,1272
28.448922843132188,15,9.0,-9093
28.449476808821917,13,1.0,-10583
28.4511474124043,15,5.0,-8945
28.45200559698881,15,21.0,-9506
28.45254874136052,15,2.0,-9021
28.45636571270134,17,3.0,-2408
28.457741981643103,16,1.0,5956
28.458848202962113,17,2.0,-5959
28.461059251627916,15,1.0,-9269
28.46132795495773,15,2.0,-8946
28.4625144596322,5,7.0,0
28.46266709597507,15,1.0,-9318
28.462908683746768,15,4.0,-8960
28.46320386080075,13,1.0,-10610
28.46348379092811,15,2.0,-9013
28.46451020982655,13,2.0,-10679
28.46493711338438,17,47.0,-5745
28.465039418043425,13,1.0,-10591
28.466034505679723,15,1.0,-9249
28.466397480271546,17,1.0,-2185
28.466638488879052,5,1.0,0
28.466678973618095,17,1.0,-4363
28.46741275440203,15,2.0,-9718
28.46741275440203,17,2.0,-9718
28.46833274029056,15,1.0,-9076
28.468666252498164,10,2.0,7709
28.469371614554433,5,5.0,0
28.470756538919503,17,20.0,-7006
28.470761071387514,15,2.0,-9603
28.472300113275043,15,3.0,-8967
28.472833953589532,14,3.0,-10495
28.472901203014032,14,3.0,-10506
28.47434167431186,5,2.0,0
28.47486805807804,15,2.0,-9014
28.475642950714374,15,1.0,-9015
28.475904226288314,17,1.0,-4849
28.47637961578391,15,1.0,-9726
28.477990471208724,15,2.0,-9043
28.478489638751224,14,6.0,-10614
28.47984881674363,5,4.0,0
28.480912208009418,13,2.0,-10654
28.480956272264315,13,2.0,-10451
28.48135286727241,13,5.0,-10546
28.481486387964292,5,2.0,0
28.481576516598075,15,3.0,-9466
28.483574806974737,15,1.0,-9398
28.4848067658893,15,7.0,-8938
28.48528118589918,15,9.0,-9044
28.48533953206556,15,4.0,-9243
28.48699571875038,5,3.0,0
28.487455280097713,13,3.0,-10476
28.48852740736824,5,1.0,0
28.48860908419461,15,1.0,-9209
28.492713940120794,15,6.0,-9270
28.49343915961468,13,1.0,-10677
28.49548547981291,5,2.0,0
28.49598755327455,17,2.0,-7770
28.496814886808803,15,2.0,-9151
28.497447748124088,11,3.0,7680
28.497470825403582,17,22.0,-7488
28.4983120199206,15,3.0,-9256
28.498342810562853,14,1.0,-10548
28.498531636827074,15,1.0,-9154
28.499056800716964,13,1.0,-10530
28.50325886653983,15,4.0,-9274
28.503942063530307,5,10.0,0
28.50462011590321,15,1.0,-9069
28.506115686592803,15,1.0,-9521
28.507308501580873,16,3.0,5060
28.508596580617287,16,6.0,6578
28.50957469896313,5,3.0,0
28.510538252061753,13,6.0,-10723
28.51154033400946,5,2.0,0
28.511620521874182,5,1.0,0
28.51186437488631,17,1.0,-8022
28.513377369818517,15,5.0,-9060
28.515481122689174,13,1.0,-10653
28.51552801018513,16,4.0,3477
28.516088219428017,13,22.0,-10513
28.5164396320497,15,2.0,-9136
28.517054518372063,15,11.0,-9030
28.517054518372063,17,11.0,-9030
28.5179353941106,15,3.0,-9073
28.519242765125632,15,2.0,-9067
28.519780490018135,15,2.0,-9165
28.51981563493951,17,1.0,-1439
28.520429007224458,5,2.0,0
28.52094379316865,15,2.0,-9028
28.521223324630974,16,49.0,1279
28.52124211101336,13,1.0,-10465
28.521549483930176,17,2.0,-5154
28.523258864479025,17,17.0,-1192
28.523380505743667,15,4.0,-9206
28.524216144016762,15,3.0,-9241
28.524796364373557,15,2.0,-9651
28.527167941038726,13,1.0,-10474
28.529496731539087,13,1.0,-10630
28.529742230759982,13,2.0,-10539
28.529916479149758,15,1.0,-9338
28.52997927145779,15,4.0,-9469
28.531397052572444,5,1.0,0
28.533466344867524,17,2.0,-6187
28.534684831916415,15,1.0,-9328
28.535152634945874,14,11.0,-10509
28.535892182498593,5,1.0,0
28.536968977569686,17,8.0,-2513
28.537075536745093,15,1.0,-8941
28.537862011866753,15,1.0,-9305
28.53847193889051,6,3.0,7712
28.538694672758584,15,1.0,-8934
28.538696203546657,16,1.0,1255
28.53985451418963,15,3.0,-9456
28.542339919216488,17,3.0,-5387
28.542848185707662,15,8.0,-9677
28.54590361227634,15,2.0,-9003
28.54962118110254,14,31.0,-10471
28.549957318010684,16,8.0,6495
28.55037221607367,13,1.0,-10606
28.55133208602233,13,9.0,-10700
28.551822037575672,1,4.0,7713
28.552744674348414,15,2.0,-8922
28.552780502697843,17,4.0,-6003
28.553876370541097,5,2.0,0
28.557203615262296,17,2.0,-6795
28.558231784236252,14,3.0,-10510
28.55899723829206,5,1.0,0
28.559260222237647,15,1.0,-9096
28.559537736234155,15,3.0,-9662
28.559537736234155,17,3.0,-9662
28.559850598492773,17,3.0,-7184
28.561338942050988,15,2.0,-9621
28.562617345412516,14,2.0,-10497
28.56361182036397,13,1.0,-10524
28.564489673818787,16,41.0,2835
28.564707744353065,15,1.0,-9295
28.5655664971235,4,2.0,7714
28.56592608980415,16,11.0,57
28.56628784318589,13,1.0,-10710
28.56756778957547,17,2.0,-6397
28.568862735587977,14,2.0,-10449
28.570548516807047,15,2.0,-9124
28.57176183407883,14,1.0,-10537
28.57285278803597,15,3.0,-8983
28.573868651680385,14,7.0,-10659
28.57452934333203,17,1.0,-7302
28.575214604699347,15,3.0,-9555
28.576724353094342,14,2.0,-10553
28.577143460535904,13,2.0,-10481
28.578008838714027,17,7.0,-1571
28.578757457741567,3,45.0,7715
28.579247143011706,15,2.0,-9212
28.580570778732863,15,1.0,-8985
28.581890319862556,15,1.0,-9032
28.58300375670302,13,1.0,-10569
28.583049849866615,15,2.0,-9251
28.584531088492195,15,1.0,-9089
28.584733359736987,5,3.0,0
28.585904580880605,15,2.0,-9259
28.58663066901046,14,1.0,-10526
28.58850161225804,15,3.0,-9074
28.591074565507547,15,5.0,-9090
28.591477904759202,15,2.0,-9025
28.591803161030885,15,1.0,-9317
28.592611430729782,15,1.0,-9475
28.59521306386774,13,2.0,-10617
28.59562015437639,15,3.0,-9216
28.595709534086566,15,3.0,-9255
28.59798086360604,15,3.0,-9300
28.598411948380132,13,1.0,-10590
28.59935978865771,15,24.0,-9647
28.599623175447558,17,2.0,-7616
28.600759741771984,13,2.0,-10650
28.60129516373177,17,2.0,-7078
28.60313074248422,16,8.0,1731
28.603378476580716,13,2.0,-10730
28.60556487323879,15,9.0,-9191
28.605744851578024,16,2.0,4361
28.605961560575196,15,1.0,-9201
28.606255785151365,13,2.0,-10529
28.607609809944535,13,1.0,-10668
28.607628340036463,15,2.0,-9020
28.607628340036463,17,2.0,-9020
28.60892965655539,16,1.0,7357
28.609288394154643,13,1.0,-10712
28.60975747722806,13,2.0,-10573
28.61091742799994,17,2.0,-5023
28.611549291525698,15,3.0,-8986
28.61187398961951,17,9.0,-5744
28.612135819634712,5,25.0,0
28.61249554640289,13,2.0,-10613
28.612607135489196,7,5.0,7679
28.612982713521905,13,1.0,-10597
28.61312173732512,113,36.0,-10729
28.613706399168027,14,7.0,-10563
28.614781343280033,5,1.0,0
28.615155417128275,6,10.0,7707
28.618517703806475,5,5.0,0
28.62020330718078,14,3.0,-10462
28.62106278566656,5,1.0,0
28.621495715345695,13,1.0,-10713
28.622440412355278,15,5.0,-9238
28.622777307961506,17,1.0,-5927
28.624383787186733,5,1.0,0
28.625498103093218,15,1.0,-9147
28.626338936349725,17,2.0,-7578
28.62822591855562,17,4.0,-7158
28.631022283933852,14,2.0,-10472
28.631844005393905,15,1.0,-9148
28.63197584705896,5,1.0,0
28.63209900070492,12,3.0,7684
28.63304022384252,15,3.0,-9059
28.63361449995717,17,4.0,-842
28.63528975907404,17,5.0,-5703
28.635408214973104,16,38.0,6436
28.636157450487744,16,10.0,4939
28.638235484073384,15,1.0,-9235
28.63827256555143,13,1.0,-10726
28.638695309429252,13,1.0,-10456
28.63887230535409,17,2.0,-581
28.639070178941452,13,1.0,-10528
28.641861463584494,15,1.0,-9320
28.641979327572088,15,1.0,-8924
28.6422723801567,17,1.0,-6671
28.64288898676615,13,1.0,-10714
28.64297850714155,11,26.0,7643
28.646031084596686,15,5.0,-8949
28.646662185722768,16,6.0,5748
28.6468015311988,13,1.0,-10574
28.64704076793122,15,1.0,-9176
28.647602606322046,13,17.0,-10609
28.647766943988174,17,1.0,-5547
28.648162510026694,17,2.0,-6926
28.649225065319264,13,1.0,-10694
28.65014927639604,16,2.0,2681
28.650174823064063,14,3.0,-10636
28.650322287129217,13,6.0,-10559
28.650348831208237,5,2.0,0
28.65101715161815,13,3.0,-10616
28.6526010260279,15,2.0,-9139
28.654814094029064,13,13.0,-10581
28.654985226134492,17,5.0,-4131
28.655172959897985,15,5.0,-9277
28.65560284876144,5,4.0,0
28.655913149584872,15,1.0,-8955
28.656010998569872,15,2.0,-9265
28.656608566575127,5,4.0,0
28.656717051315063,15,2.0,-9291
28.65700510080398,15,1.0,-9421
28.658692928859214,13,24.0,-10663
28.660429154777447,17,8.0,-339
28.66317281062846,13,1.0,-10576
28.663260562750914,14,4.0,-10580
28.66682599443977,13,2.0,-10727
28.668210624427545,16,10.0,4407
28.66848068714161,15,1.0,-9130
28.668538442046394,15,1.0,-9223
28.669122839549114,15,2.0,-8947
28.669288066342936,15,2.0,-9402
28.669724531778005,17,1.0,-6311
28.670114878787377,13,5.0,-10561
28.67133700830419,15,2.0,-9172
28.671447412767844,13,2.0,-10454
28.67151258501468,16,35.0,3784
28.67176721551715,16,1.0,427
28.67277490118786,11,21.0,7681
28.67530420415502,15,2.0,-9244
28.675374876275246,15,3.0,-9005
28.675672873549008,5,7.0,0
28.67639862505291,13,4.0,-10473
28.680603046907983,5,2.0,0
28.682114943009534,13,2.0,-10552
28.68247760711508,5,6.0,0
28.683167657186647,17,1.0,-6551
28.684071682468755,14,4.0,-10490
28.68420753108919,13,6.0,-10446
28.684998091141384,4,6.0,7716
28.685775062540372,17,3.0,-3750
28.68606893460276,15,1.0,-9283
28.68744468924379,15,4.0,-9428
28.68843577050815,17,2.0,-3952
28.690641308119453,5,2.0,0
28.69091879718052,17,32.0,-4711
28.691169626421598,17,5.0,-2391
28.6921059197364,15,2.0,-9018
28.692552474576914,15,2.0,-9211
28.693358711407118,17,1.0,-6589
28.696263416724957,14,25.0,-10722
28.69680701056091,16,6.0,7536
28.69749837059465,17,3.0,-5053
28.697575410370074,5,1.0,0
28.697675195936046,5,4.0,0
28.69825943746877,17,2.0,-3618
28.698476281408364,13,4.0,-10671
28.698781702472072,15,3.0,-9100
28.701559887083974,15,2.0,-9349
28.702112492418514,5,1.0,0
28.703062491526577,14,2.0,-10662
28.70347362488614,13,1.0,-10558
28.705134873295137,15,5.0,-9204
28.707059438384366,15,3.0,-9509
28.708400886145913,5,6.0,0
28.709509998292788,15,2.0,-9221
28.710643130435944,17,1.0,-6342
28.712338198793912,13,2.0,-10505
28.712448597137403,17,3.0,-6193
28.713411723508337,15,3.0,-8942
28.715787745400448,15,4.0,-9118
28.7162837954619,15,1.0,-9332
28.716867629273207,15,1.0,-9041
28.71905359794179,15,2.0,-9200
28.71991254226784,15,1.0,-9189
28.72041533831133,13,3.0,-10545
28.721926685171738,13,3.0,-10588
28.72301022541651,13,7.0,-10521
28.723325127000546,15,1.0,-9310
28.72408723484948,17,2.0,-6631
28.724252718177016,13,9.0,-10599
28.726875249277903,17,2.0,-6013
28.72703787847372,13,21.0,-10632
28.72713552984273,15,4.0,-9088
28.72718784867314,15,2.0,-9205
28.72771663761261,16,10.0,7068
28.727774459636827,5,4.0,0
28.728726217382675,15,3.0,-8917
28.729561975141667,15,2.0,-9160
28.73068987187144,17,2.0,-7640
28.73080495267328,13,2.0,-10493
28.731236743714515,5,2.0,0
28.73363441438097,16,1.0,978
28.73391074609293,17,4.0,-7887
28.734260892586917,15,4.0,-8961
28.736320209010163,13,4.0,-10523
28.73849243375741,15,3.0,-9231
28.739324688825704,15,14.0,-8973
28.739403619979136,13,3.0,-10514
28.741829885034974,5,4.0,0
28.742496502663617,15,3.0,-9252
28.743476912801945,15,1.0,-9002
28.743566272968923,5,27.0,0
28.74359715092072,5,2.0,0
28.743661582769477,15,3.0,-9050
28.744694658388866,5,2.0,0
28.745708078857195,13,5.0,-10464
28.746264825415565,17,2.0,-4976
28.751899347054007,17,2.0,-4670
28.752106827554158,15,1.0,-9233
28.752568652836544,5,3.0,0
28.75354724278781,15,3.0,-8954
28.754049034131082,16,2.0,7338
28.75569302132114,13,4.0,-10676
28.756211871204425,5,1.0,0
28.756240525383447,15,5.0,-9728
28.757368515740612,15,1.0,-9072
28.761746241544113,15,6.0,-9175
28.762199700918366,17,1.0,-7174
28.762351791562757,16,9.0,3468
28.76288373060721,15,1.0,-9051
28.76373402970736,17,1.0,-6694
28.764306105264147,14,1.0,-10675
28.766292301378236,5,7.0,0
28.76763440741798,15,1.0,-8935
28.767818201777274,17,2.0,-7990
28.76852370294572,13,4.0,-10731
28.77022306264197,17,1.0,-6785
28.771061662177946,15,2.0,-9066
28.771368523220676,15,1.0,-9236
28.77188899614533,5,2.0,0
28.77206632415473,17,1.0,-4263
28.772534417157882,17,1.0,-7280
28.773665908479963,15,2.0,-9101
28.77377492769132,13,1.0,-10634
28.77440754539238,15,4.0,-9457
28.77504006402015,5,3.0,0
28.77526086390463,13,3.0,-10622
28.77561236513759,3,33.0,7717
28.776270061510928,15,3.0,-9297
28.77662042853074,15,4.0,-9068
28.778224381522683,6,2.0,7705
28.778247734872114,13,1.0,-10666
28.778971258383788,13,2.0,-10708
28.77923985060615,13,10.0,-10721
28.77954860795615,5,6.0,0
28.779915307599463,16,55.0,2551
28.78015497508335,17,6.0,-7958
28.780529900633102,15,1.0,-9556
28.781039507126806,13,2.0,-10478
28.78182936178996,5,7.0,0
28.784815912012462,15,2.0,-9268
28.785028741109077,17,1.0,-8101
28.786101743972157,15,1.0,-9181
28.786101743972157,17,1.0,-9181
28.78952258096655,15,1.0,-8977
28.79190782834887,15,9.0,-9183
28.79440867005748,15,2.0,-9585
28.794424626103613,15,2.0,-9272
28.795108890047374,13,4.0,-10683
28.79582148176375,14,5.0,-10485
28.795992401378307,15,3.0,-9312
28.796804301470818,16,11.0,6694
28.800101547901303,5,3.0,0
28.800837504141388,15,1.0,-9142
28.801052771147415,13,1.0,-10555
28.801545750665206,17,1.0,-4935
28.802764664122982,14,1.0,-10649
28.80489497279874,17,3.0,-7602
28.807117365973696,17,1.0,-8239
28.808497841477706,13,2.0,-10711
28.80889985386614,15,2.0,-9169
28.811174444256675,13,12.0,-10522
28.81352378144018,11,50.0,7699
28.813709754499012,13,1.0,-10658
28.813985812322667,15,6.0,-8930
28.81439400935288,5,4.0,0
28.814395243262403,15,2.0,-9446
28.816185270722322,15,5.0,-8993
28.81620168354128,5,4.0,0
28.81696858777625,14,7.0,-10645
28.81811216410537,15,2.0,-9085
28.81811216410537,17,2.0,-9085
28.81922070649742,5,2.0,0
28.81993884879044,5,3.0,0
28.820223474655744,13,3.0,-10582
28.823154689523097,5,4.0,0
28.825154465351755,17,3.0,-8523
28.825887057823817,15,10.0,-9313
28.826699915594457,15,5.0,-9514
28.827093356167882,5,3.0,0
28.82722390883738,15,3.0,-9033
28.829240380114378,13,2.0,-10651
28.829491045777633,15,5.0,-9314
28.82992735612408,5,1.0,0
28.83037793416941,13,1.0,-10511
28.83048241169208,15,2.0,-9190
28.83077593606545,17,2.0,-6770
28.83109139073611,15,3.0,-8969
28.83180716325425,13,2.0,-10560
28.831811192814463,5,3.0,0
28.83238742426023,15,3.0,-9218
28.83265156589336,15,1.0,-9289
28.833998160773838,14,4.0,-10496
28.835470494829014,13,1.0,-10468
28.836329565331148,13,4.0,-10719
28.83666304975242,13,1.0,-10720
28.840297325624004,15,2.0,-8915
28.840297325624004,17,2.0,-8915
28.841121397053303,16,8.0,1661
28.841270836602444,5,1.0,0
28.84210329844959,15,7.0,-9292
28.842656464551364,15,2.0,-9158
28.84332382895029,13,2.0,-10499
28.84395103304232,14,7.0,-10507
28.844598159425736,13,1.0,-10709
28.84524707952594,15,2.0,-8979
28.84698217144883,13,4.0,-10544
28.848442608496292,5,1.0,0
28.84859366679165,13,2.0,-10628
28.848837392947903,15,1.0,-9230
28.84893980391011,15,6.0,-9058
28.84896385929686,13,6.0,-10692
28.849748647279547,17,4.0,-8492
28.85278410770147,13,5.0,-10502
28.85372174679691,13,5.0,-10512
28.855177446726568,15,6.0,-9442
28.856954140596063,15,5.0,-9436
28.857615545484645,15,4.0,-9134
28.857615545484645,17,4.0,-9134
28.859095114690643,15,20.0,-9116
28.86084845135268,13,1.0,-10682
28.861341273162513,17,1.0,-7538
28.86227902336066,15,4.0,-8916
28.862739012516318,15,1.0,-8974
28.863979309797166,17,1.0,-5889
28.864403461377965,15,5.0,-9198
28.865451972929684,15,1.0,-9232
28.865993717203832,14,1.0,-10584
28.866659641163576,15,4.0,-9266
28.868149961990078,15,2.0,-9001
28.868613939910443,17,9.0,-3826
28.86904840838944,14,1.0,-10469
28.869471858608076,15,9.0,-9146
28.870392987590726,17,9.0,-7031
28.87051672125364,7,3.0,7702
28.871537649539718,13,6.0,-10618
28.873143496818567,17,43.0,-6980
28.873773904951214,17,2.0,-5184
28.87509720348388,13,2.0,-10626
28.875202018246846,5,4.0,0
28.875619312976774,16,9.0,2411
28.877333879872516,5,2.0,0
28.8779166302721,15,1.0,-8928
28.880812228685123,13,1.0,-10646
28.880940366053665,16,8.0,1372
28.881177986323937,5,1.0,0
28.882368190024888,15,2.0,-9237
28.882378192948693,16,12.0,5613
28.884778700686628,15,2.0,-9607
28.88523345795083,15,1.0,-9227
28.885709830938506,17,8.0,-6834
28.88578109471937,15,1.0,-9178
28.886393335673368,15,2.0,-9576
28.88734830833172,15,11.0,-9459
28.88772544533618,14,43.0,-10717
28.88801116358907,15,1.0,-9415
28.888130925868197,15,2.0,-9120
28.889674788842967,13,4.0,-10550
28.889722018727095,15,6.0,-9298
28.8901955571262,15,6.0,-9549
28.890700336843224,13,1.0,-10631
28.89162887407056,13,2.0,-10461
28.892290846443863,15,3.0,-9024
28.892946693181326,15,2.0,-9144
28.89347480789515,13,1.0,-10664
28.89358223609575,5,1.0,0
28.894367030387826,6,4.0,7713
28.894449270916155,7,2.0,7689
28.895018480418432,15,2.0,-9113
28.897023361432186,13,5.0,-10566
28.897425155841788,17,6.0,-7384
28.89748865029865,15,2.0,-9167
28.900753211985297,13,1.0,-10698
28.90095491434678,15,6.0,-8958
28.901035885245033,15,1.0,-9248
28.90169558548135,17,2.0,-7993
28.901914436916584,15,6.0,-8982
28.902205901743372,13,6.0,-10604
28.90237205410008,14,3.0,-10601
28.903260582965675,13,5.0,-10593
28.904118491548353,13,2.0,-10567
28.904977162966542,15,10.0,-8956
28.904977162966542,17,10.0,-8956
28.906462205548827,15,1.0,-9418
28.90654957509193,13,1.0,-10518
28.906931870981982,13,12.0,-10579
28.90719890753968,17,7.0,-6812
28.909939326885258,5,4.0,0
28.911094166427038,14,1.0,-10687
28.911787626449968,17,1.0,-7496
28.913357860969874,16,4.0,3934
28.91459478216261,15,3.0,-8921
28.915182879787704,13,2.0,-10656
28.918109913094984,17,1.0,-8452
28.920134226171594,17,17.0,-7643
28.920267949286167,15,3.0,-8988
28.920506959628312,17,1.0,-434
28.922608524528044,13,1.0,-10592
28.922693574376606,5,3.0,0
28.922823871710207,15,2.0,-9012
28.924344413856392,15,2.0,-9121
28.927359996002508,17,10.0,-828
28.928769992654164,15,5.0,-9280
28.929287498492332,16,5.0,2991
28.93037463690783,13,8.0,-10619
28.930517157379068,15,2.0,-9367
28.93184115596198,15,2.0,-9105
28.932870974843993,15,1.0,-9503
28.9333484740721,14,2.0,-10503
28.934098062436263,15,3.0,-9627
28.93741410136552,15,1.0,-9202
28.937776685734917,17,5.0,-7363
28.939499001161423,14,2.0,-10455
28.939717325840203,16,4.0,3785
28.940318402596525,13,1.0,-10547
28.940714540122183,15,1.0,-9234
28.94112763373922,13,1.0,-10458
28.942212273913363,15,14.0,-9087
28.943615478539233,15,3.0,-9406
28.94365800958981,15,1.0,-9081
28.94404346664835,15,3.0,-9228
28.94572860126669,5,1.0,0
28.94620983513767,14,6.0,-10594
28.94744985294937,15,3.0,-9155
28.9478099436101,113,52.0,-10705
28.94850287420748,15,1.0,-8989
28.94916499212318,13,1.0,-10641
28.952769791366368,14,2.0,-10728
28.953855111652594,17,1.0,-7187
28.955231394556737,15,6.0,-9179
28.955364769098804,17,1.0,-6495
28.958183482194425,17,2.0,-3163
28.9594294001547,15,5.0,-9177
28.95946272702618,15,25.0,-9023
28.960883629927988,13,1.0,-10643
28.962257217291448,13,1.0,-10487
28.962555067112984,15,8.0,-8966
28.96308924198241,17,2.0,-1682
28.964218600504307,14,1.0,-10724
28.96583264930349,14,5.0,-10648
28.96618653285559,15,15.0,-9319
28.966459595548933,15,1.0,-8920
28.96718673700759,15,2.0,-9508
28.96728595058556,14,3.0,-10669
28.967435858862693,13,2.0,-10565
28.97074171777441,17,8.0,-7904
28.97192638443251,17,1.0,-2909
28.972551823067107,5,3.0,0
28.976422878255367,14,3.0,-10605
28.97944253539382,15,1.0,-9097
28.979905587871425,15,3.0,-9285
28.980362357932393,14,1.0,-10611
28.980754084604033,13,1.0,-10475
28.981864895481422,5,1.0,0
28.98218076881063,14,1.0,-10589
28.982444325973347,13,3.0,-10447
28.984303337429658,15,2.0,-9141
28.984303337429658,17,2.0,-9141
28.985283013982492,14,1.0,-10484
28.985654042818517,15,4.0,-8951
28.98658414935325,15,6.0,-9226
28.987062759836324,17,8.0,-7218
28.987832657220896,13,1.0,-10639
28.98855680643375,17,2.0,-7034
28.99006102328557,15,3.0,-9239
28.99016562234697,13,1.0,-10596
28.991014525648282,17,1.0,-6445
28.99217099487704,13,5.0,-10620
28.992386786026493,15,2.0,-9000
28.992909778904895,15,1.0,-9264
28.993537227523472,15,1.0,-9210
28.993752308456724,17,1.0,-6900
28.99382318195792,17,1.0,-6216
28.994002737636624,15,1.0,-9127
28.99404800833205,5,5.0,0
28.99530210801562,15,1.0,-9389
28.996980959119263,15,6.0,-9104
28.99820137047334,15,1.0,-9011
28.99913518512426,16,8.0,4383
29.00221069776282,15,2.0,-9419
29.00245642782227,13,2.0,-10839
29.00286648998665,15,1.0,-9681
29.003602878501447,14,5.0,-10746
29.003680479152198,15,1.0,-9512
29.00457713785526,15,3.0,-9644
29.005359823657773,13,2.0,-10934
29.006357697906104,15,2.0,-9422
29.00636864138351,15,2.0,-9517
29.00636864138351,17,2.0,-9517
29.006684184918143,15,4.0,-9438
29.00840051896509,15,4.0,-9635
29.009488019933716,9,3.0,7684
29.0106902900919,16,1.0,4018
29.011001830821314,13,2.0,-10966
29.011808821816174,5,1.0,0
29.012888246907455,13,6.0,-11022
29.014326189449708,17,2.0,-5077
29.015116790135416,13,1.0,-10826
29.015926455146115,13,1.0,-10961
29.016704568658632,7,8.0,7671
29.01887961349488,15,1.0,-9655
29.02084034863416,13,1.0,-10888
29.022832064498516,15,4.0,-9333
29.02314270420051,16,6.0,7100
29.023291767850697,14,3.0,-10939
29.02366039571796,13,1.0,-10954
29.024038560637898,16,7.0,3204
29.024714890261368,15,1.0,-9604
29.02688091031495,13,3.0,-10834
29.029231836077276,13,3.0,-10946
29.02970493455593,17,7.0,-6584
29.030445015471017,15,2.0,-9486
29.031787133398673,13,5.0,-10967
29.032149305108796,13,3.0,-10845
29.032282453835272,15,1.0,-9650
29.03529617753744,15,1.0,-9646
29.03648144762312,16,6.0,5068
29.03880956242151,15,1.0,-9695
29.03924202573798,113,50.0,-10823
29.04153162447935,13,3.0,-10786
29.041551275518394,15,4.0,-9525
29.042164794237625,15,1.0,-9630
29.043493933705005,15,1.0,-9816
29.044835848135808,13,1.0,-10915
29.04487757659373,15,2.0,-9461
29.045596160115746,15,6.0,-10078
29.049137983888468,14,2.0,-10778
29.049233677926114,16,26.0,6349
29.049483938615392,13,1.0,-10985
29.04962382112773,5,3.0,0
29.05057010246032,17,2.0,-1369
29.050739561211092,5,10.0,0
29.050796956919434,5,1.0,0
29.051364584305766,15,1.0,-9717
29.051695704397265,15,2.0,-9628
29.051858562750645,15,3.0,-9394
29.052449598504776,15,1.0,-9454
29.052482228635466,15,1.0,-9513
29.05306618842281,14,2.0,-10882
29.053407683855585,5,4.0,0
29.0544508139516,5,1.0,0
29.056859565725873,15,1.0,-9473
29.056859565725873,17,1.0,-9473
29.057570647621894,15,1.0,-9952
29.058016702780627,13,1.0,-10923
29.059519884872717,5,10.0,0
29.061924036060116,15,1.0,-9729
29.063164337548383,17,58.0,-3548
29.063740614162732,16,6.0,2287
29.06436073180121,5,3.0,0
29.064389058913058,17,1.0,-6177
29.064946678867663,5,2.0,0
29.065070552377772,13,2.0,-10770
29.065467754623278,15,1.0,-9529
29.067709150627216,13,1.0,-10980
29.06810052260813,5,2.0,0
29.06822666057842,15,3.0,-10016
29.072083003208967,16,6.0,6254
29.074123907308604,15,1.0,-9346
29.07414205359034,13,7.0,-10900
29.074280472247995,15,1.0,-9822
29.07802776896741,16,1.0,5988
29.08001286289542,15,4.0,-9689
29.081790609295638,16,15.0,2193
29.081885610409007,5,2.0,0
29.08206963953031,15,7.0,-9408
29.082282706780532,5,1.0,0
29.082360209897782,15,13.0,-9609
29.083492893947703,15,9.0,-9445
29.083566320549334,5,36.0,0
29.084741018814064,15,5.0,-9716
29.087909721166124,13,56.0,-10886
29.088483623217584,13,1.0,-10913
29.088913472445682,15,1.0,-10115
29.08923176873516,14,1.0,-10898
29.09021647605913,15,1.0,-9653
29.090655165367647,15,3.0,-9667
29.090844742141922,13,2.0,-10903
29.09126484362329,14,1.0,-10862
29.091300247434837,13,1.0,-10771
29.091360708973724,13,9.0,-11024
29.09167262433053,15,1.0,-9429
29.093708955280793,16,2.0,7678
29.09501006819468,5,1.0,0
29.096378941253587,15,2.0,-9351
29.097642749320944,5,3.0,0
29.101452418870554,15,5.0,-9377
29.10335186414316,16,1.0,4033
29.103366369171056,15,1.0,-9368
29.104547663759,15,3.0,-9693
29.10560381061612,15,1.0,-9864
29.106029257020914,15,2.0,-9439
29.107193044424815,7,12.0,7700
29.10883907578712,15,1.0,-9772
29.10970383511631,13,17.0,-11025
29.11133213596811,15,1.0,-9631
29.111465307395065,5,1.0,0
29.111898510167368,14,4.0,-10810
29.11349772955595,15,1.0,-9970
29.11540289466288,17,5.0,-3516
29.119001804395825,5,8.0,0
29.12103810984417,15,3.0,-9684
29.12129268793943,13,1.0,-10930
29.12355421150362,15,2.0,-10083
29.123826974543224,15,1.0,-9440
29.125583458593056,15,3.0,-9602
29.12663738351603,5,42.0,0
29.128162723168447,5,3.0,0
29.128851870628026,5,6.0,0
29.129372587252874,13,1.0,-10797
29.12956650390859,15,1.0,-9527
29.130089798051973,13,4.0,-11017
29.131289085312993,16,1.0,6517
29.131923470328932,15,3.0,-9545
29.132232367082025,14,5.0,-10807
29.132670069440323,16,3.0,4624
29.133417164712597,17,4.0,-6232
29.13367698767875,17,5.0,-3403
29.135437901727297,5,5.0,0
29.13546982257922,5,2.0,0
29.135846672458833,15,4.0,-9685
29.136890182857975,15,2.0,-9355
29.137792776932507,13,1.0,-10811
29.140522728867357,15,1.0,-9434
29.141505331634832,15,2.0,-9515
29.14227398398914,14,4.0,-11019
29.143293261190532,17,2.0,-3229
29.146536087728688,15,1.0,-10037
29.14676960394486,15,4.0,-9397
29.14736300883623,15,2.0,-9563
29.148670066504376,5,2.0,0
29.150577963689344,15,1.0,-9369
29.151342472709867,15,9.0,-9492
29.152176167860727,15,3.0,-9339
29.153891130903077,5,4.0,0
29.15452507326959,15,2.0,-9357
29.155026346039246,15,2.0,-9489
29.155777893967876,15,7.0,-9599
29.155841170016252,15,3.0,-9632
29.158549395532873,15,2.0,-9534
29.1592161339296,15,1.0,-9575
29.15975435329652,5,6.0,0
29.16056361982608,17,12.0,-2795
29.161004421502724,5,3.0,0
29.161305432747447,14,2.0,-11021
29.16134779928188,15,1.0,-9688
29.16169916819871,17,1.0,-7426
29.16223107591144,15,1.0,-9507
29.167042756368236,15,6.0,-9458
29.168585257796963,16,1.0,6705
29.169240071298297,15,1.0,-9453
29.16990494935725,13,3.0,-10803
29.171382128389855,5,3.0,0
29.17393802839655,15,2.0,-9568
29.174499986498144,15,2.0,-9712
29.175714711461126,113,47.0,-10880
29.17683199764999,17,3.0,-1126
29.176900089028152,15,5.0,-9622
29.17882404689983,13,1.0,-11020
29.17981830422195,17,3.0,-8234
29.179878927278473,15,2.0,-9348
29.181430100639016,15,3.0,-9618
29.183120277315798,15,1.0,-9487
29.183140261566642,15,6.0,-9991
29.183504231408705,5,2.0,0
29.183893750421603,15,1.0,-10024
29.18529482633609,16,1.0,2509
29.185341951159742,15,1.0,-9670
29.185363334939392,15,4.0,-9736
29.185363334939392,17,4.0,-9736
29.186015256562214,5,21.0,0
29.186288527231433,16,60.0,1549
29.18751724649409,15,2.0,-9335
29.187789617321954,13,2.0,-10774
29.1899883721815,15,17.0,-9476
29.19009728240441,16,23.0,6129
29.190975346092685,16,3.0,2676
29.191331471777318,5,3.0,0
29.191823188334894,13,1.0,-10734
29.19191303102113,15,8.0,-9565
29.19231972890185,15,1.0,-9392
29.196818037432017,16,3.0,3582
29.197945686862262,16,13.0,2077
29.198140251233685,14,1.0,-10976
29.201195140183493,17,1.0,-2352
29.201280154868087,15,3.0,-9495
29.201288494875254,13,5.0,-10909
29.20256030334364,15,1.0,-9407
29.20443391034604,13,3.0,-11023
29.204841525913785,15,21.0,-9471
29.205533526323986,13,1.0,-10752
29.20576336929526,14,3.0,-10784
29.20773825712042,17,3.0,-3531
29.208921540397704,15,1.0,-9504
29.20899297995274,15,3.0,-9594
29.209972328606312,5,5.0,0
29.212613566942004,13,7.0,-10857
29.212940228558143,5,3.0,0
29.214077525695387,5,3.0,0
29.21481085739744,15,2.0,-9463
29.21630617972101,15,3.0,-9606
29.217093333109144,5,13.0,0
29.217993111262768,14,1.0,-10757
29.218178066838025,15,1.0,-9524
29.21927356531215,17,1.0,-5573
29.221870745796895,16,1.0,4300
29.22661039849222,15,1.0,-9391
29.227043156058624,16,2.0,7304
29.229291949945026,5,4.0,0
29.229845977445585,15,1.0,-9669
29.23015839496429,17,1.0,-4678
29.230870169060932,5,2.0,0
29.231059042613204,15,1.0,-9452
29.23138217359147,14,2.0,-10919
29.2316199622383,5,4.0,0
29.232968994492996,5,14.0,0
29.233171115917074,17,1.0,-5378
29.233766024746643,13,6.0,-10931
29.234966949112376,13,1.0,-10824
29.236722299031594,16,2.0,5853
29.24302393092953,15,3.0,-9516
29.24517675809661,13,3.0,-10979
29.24592881742709,15,2.0,-9625
29.249339037954037,15,2.0,-10013
29.249570102476223,5,5.0,0
29.249585103912025,15,3.0,-9649
29.25025079856245,15,2.0,-9449
29.251018184258005,15,2.0,-9561
29.252877217498032,14,4.0,-10868
29.256890268096615,13,1.0,-11010
29.258138746941917,5,2.0,0
29.260804180211313,14,1.0,-10773
29.261621450574875,13,1.0,-10870
29.262332314432072,15,5.0,-9661
29.262420216573485,17,1.0,-5882
29.262427175763104,15,1.0,-9388
29.262525696620404,15,4.0,-9898
29.26263928313286,15,2.0,-9341
29.263872617476157,13,2.0,-10955
29.264268371603563,14,3.0,-10921
29.265479253570756,13,2.0,-10763
29.266128101018193,5,2.0,0
29.26860250699606,13,6.0,-10902
29.26893965324855,15,4.0,-9623
29.26899737094046,17,6.0,-9038
29.270460803786467,13,5.0,-11018
29.272024302602585,5,6.0,0
29.272133877625595,15,1.0,-9687
29.27238682289169,15,3.0,-9598
29.272695175938022,13,1.0,-10887
29.272718678195965,15,2.0,-9798
29.273021733733845,13,2.0,-10844
29.273357467237403,15,1.0,-9614
29.274579455386082,15,3.0,-9562
29.275477194819018,13,3.0,-10840
29.275550144609735,16,3.0,191
29.27647047697357,15,2.0,-9384
29.277660391245654,13,1.0,-10925
29.278309173500926,15,1.0,-9559
29.278723760995405,17,2.0,-1376
29.27994306259397,5,1.0,0
29.284026178810137,15,1.0,-9697
29.284440960128737,14,3.0,-10802
29.28471175529001,13,1.0,-10885
29.284716710100334,13,1.0,-10853
29.28495595374592,16,53.0,1482
29.28502282527504,13,1.0,-10775
29.28649455172003,5,1.0,0
29.28738195975229,15,1.0,-9447
29.289760070260108,14,3.0,-10864
29.290391765103628,17,6.0,-5274
29.291077967311615,15,1.0,-9361
29.292496425863156,15,2.0,-9616
29.293889723621522,15,1.0,-9380
29.295870544878206,14,3.0,-10884
29.297309347269938,16,49.0,3322
29.297689994720816,16,1.0,3087
29.297753969466346,15,2.0,-9427
29.297988910069314,13,3.0,-10973
29.298252927069278,13,9.0,-11005
29.29896433806655,15,5.0,-9964
29.299121138002814,16,56.0,1378
29.300307884996098,5,6.0,0
29.300848552021083,14,2.0,-10799
29.301787136708015,15,1.0,-9374
29.3050936734651,15,1.0,-9986
29.306150325514345,15,6.0,-9460
29.306269574580373,15,1.0,-9472
29.306855482155516,17,5.0,-4299
29.308140300415644,15,1.0,-9668
29.308140300415644,17,1.0,-9668
29.30906347818528,5,2.0,0
29.312660578155644,15,1.0,-9948
29.313996808975347,15,3.0,-10030
29.314008774210375,13,2.0,-10781
29.314542629469493,13,1.0,-10932
29.31477699940962,7,2.0,7703
29.3166661008137,5,10.0,0
29.317315396037323,15,1.0,-10104
29.319761817462577,15,1.0,-10072
29.32055908591311,13,4.0,-10871
29.322187923727583,1,1.0,7718
29.32383091535487,10,5.0,7704
29.324078444739335,5,2.0,0
29.32426792887397,15,3.0,-9686
29.32762609139807,14,1.0,-10791
29.32887234156557,13,1.0,-10829
29.328960442911733,15,9.0,-9501
29.330437066285096,14,3.0,-10814
29.33046191135168,13,3.0,-10789
29.33131473680601,6,1.0,7718
29.332406293374824,14,2.0,-10994
29.333133399627865,13,1.0,-10971
29.333363696394695,5,4.0,0
29.33444665139154,14,1.0,-10892
29.334844861476043,17,12.0,-5790
29.335363860224522,13,1.0,-10899
29.335460224456494,15,1.0,-9379
29.33830918371833,17,3.0,-1597
29.339531012001476,5,4.0,0
29.34067888775347,15,2.0,-9383
29.340883698955473,15,6.0,-9683
29.341717288243267,13,1.0,-10760
29.342621276822353,15,5.0,-9714
29.343134106440118,16,8.0,7582
29.34864631304812,15,2.0,-9499
29.349359486297928,15,1.0,-9865
29.349668639444637,11,2.0,7697
29.351587185480117,14,3.0,-10846
29.35217950949237,13,21.0,-10796
29.352246139225105,5,2.0,0
29.35261569886135,13,1.0,-10944
29.35289302984361,15,3.0,-9550
29.352991587334017,15,1.0,-9896
29.353601941369792,5,2.0,0
29.353693327407395,5,1.0,0
29.354061583779707,17,3.0,-8931
29.356952122234826,15,1.0,-10069
29.35779406185688,16,1.0,2916
29.359539443535184,15,2.0,-9720
29.361003335472866,7,3.0,7712
29.361254189382947,5,3.0,0
29.36178751725331,13,1.0,-11009
29.36313169679673,5,4.0,0
29.36366901126943,13,1.0,-10904
29.364560674748187,5,2.0,0
29.366620425141505,17,1.0,-5345
29.366723215191556,13,5.0,-10816
29.366850277546092,13,1.0,-10841
29.36783085072382,16,3.0,1619
29.367867829493324,5,1.0,0
29.36990112295735,14,8.0,-10929
29.37028149201159,16,39.0,6944
29.370771206340628,13,1.0,-10812
29.37089333364455,15,1.0,-9519
29.371973111804483,15,4.0,-9836
29.37241917626438,5,1.0,0
29.375051719109745,13,1.0,-10949
29.37707702839552,5,15.0,0
29.379535035916845,5,2.0,0
29.37969817645373,13,2.0,-10856
29.380695066831244,16,3.0,6064
29.381060353800624,15,1.0,-9596
29.38147680160101,13,4.0,-10790
29.381668686900106,15,1.0,-9409
29.382937043346942,14,5.0,-10831
29.38387639196643,15,8.0,-9643
29.384182117897396,5,3.0,0
29.386660672977353,13,1.0,-10957
29.38741338514784,13,3.0,-10993
29.387930125138002,17,6.0,-7198
29.388264839582096,17,5.0,-8612
29.38844037706638,13,17.0,-10912
29.388716135109636,15,2.0,-9372
29.388716135109636,17,2.0,-9372
29.389024201549738,13,1.0,-10975
29.390038787506843,15,2.0,-9552
29.392661224295548,13,2.0,-10835
29.39274280256825,15,1.0,-9435
29.393332183395668,14,9.0,-10969
29.393458523989487,17,2.0,-5457
29.393484697931246,5,8.0,0
29.39474041943266,15,10.0,-9502
29.395888902396724,17,2.0,-62
29.39698516900646,5,3.0,0
29.398845242045038,15,11.0,-9588
29.39920791174748,5,4.0,0
29.401001871976685,15,1.0,-9493
29.403530514197435,15,1.0,-9587
29.405816785504165,10,33.0,7717
29.406187146636853,17,3.0,-2901
29.406577684430303,15,3.0,-10040
29.406630432770427,14,4.0,-10999
29.407266656253018,15,9.0,-10014
29.40781863658269,15,1.0,-10138
29.408069272832467,13,1.0,-10855
29.408732473778795,15,19.0,-9334
29.410381512799898,13,16.0,-10787
29.410769159668654,13,1.0,-10764
29.412759896469847,5,2.0,0
29.41406788278331,15,1.0,-9396
29.415397517922358,15,1.0,-9973
29.415536377545447,113,53.0,-11015
29.416343479521196,5,2.0,0
29.416881247550588,13,3.0,-10858
29.419124066761803,15,1.0,-9364
29.420120426805955,15,4.0,-9951
29.421438370865978,5,1.0,0
29.422185653458033,5,16.0,0
29.42338494675745,1,3.0,7719
29.4250378065184,13,1.0,-10828
29.425569556384986,15,1.0,-9849
29.426591750704183,17,19.0,-3508
29.427955275131087,17,7.0,-4379
29.42925331231157,15,3.0,-9479
29.429372243272454,15,2.0,-9711
29.42948255502853,14,3.0,-10942
29.429675907748937,15,1.0,-9666
29.43084834425314,5,3.0,0
29.43155490503256,5,4.0,0
29.431959681137894,15,3.0,-9362
29.432306628750148,5,5.0,0
29.43309961256109,15,5.0,-9611
29.4406739084084,17,1.0,-8715
29.44237722649293,15,53.0,-9324
29.442469934234893,5,1.0,0
29.445638903879654,16,2.0,2330
29.447216147655304,13,1.0,-10865
29.44766176844773,15,1.0,-9591
29.448300737825516,16,1.0,1972
29.4494893233936,13,2.0,-10749
29.45704245484641,15,1.0,-9672
29.458927801825787,15,4.0,-9564
29.459410781044838,3,13.0,7720
29.461249417056305,14,2.0,-10768
29.461386551814694,15,2.0,-9962
29.461625314942438,13,3.0,-10806
29.462265213951,13,1.0,-10928
29.4626221904631,5,4.0,0
29.46282586508518,13,8.0,-10945
29.463304326439072,5,1.0,0
29.463720497186085,15,3.0,-9997
29.464012888822836,16,4.0,5512
29.46419631834251,15,13.0,-9813
29.4665512913243,15,1.0,-9707
29.46658386229181,15,9.0,-9485
29.46809514843463,5,1.0,0
29.46884051765168,5,1.0,0
29.468851548245105,15,1.0,-10005
29.468896382962118,5,2.0,0
29.468899062292717,17,1.0,-8663
29.469330715989624,15,1.0,-9413
29.469548292947543,17,36.0,-7478
29.470197207788065,15,2.0,-9518
29.4704994370314,15,2.0,-9912
29.470698109216304,17,15.0,-5261
29.472052599369846,5,4.0,0
29.472233584371377,5,1.0,0
29.47349180766207,5,3.0,0
29.475124857686247,14,60.0,-10981
29.478642558445333,14,1.0,-10827
29.479009972885695,15,3.0,-9751
29.479531225148335,13,1.0,-10968
29.481831559670344,15,3.0,-9713
29.481831559670344,17,3.0,-9713
29.483184379299892,15,3.0,-9366
29.483220495633603,15,1.0,-9699
29.485854220160142,14,2.0,-10739
29.486687753973243,15,2.0,-9410
29.48800473825881,14,1.0,-10736
29.488269874440196,17,1.0,-4736
29.488973108403137,13,11.0,-10972
29.489293068779467,13,1.0,-11001
29.489610940738274,15,4.0,-9356
29.490684074681205,15,2.0,-9582
29.49128269601043,15,2.0,-9482
29.49176022125144,15,10.0,-9692
29.49176523449133,15,1.0,-9617
29.492095367518026,15,1.0,-9352
29.4921191140434,14,4.0,-10782
29.49468768077544,13,1.0,-10833
29.495068024333126,15,2.0,-9329
29.498367053782047,17,1.0,-7041
29.49851615800835,15,50.0,-9577
29.500511035653943,13,1.0,-10741
29.50095276468663,113,57.0,-10992
29.501327854754678,5,2.0,0
29.50263542912901,15,1.0,-9914
29.50389091811519,15,6.0,-9584
29.505440156440095,15,5.0,-9902
29.50621993372709,15,6.0,-9665
29.5065130781992,15,4.0,-10050
29.50682139751749,17,1.0,-5840
29.50783988684346,15,12.0,-9884
29.508314891208677,13,3.0,-10861
29.51049464328804,15,3.0,-9657
29.510705038872224,14,4.0,-10838
29.512492868779127,17,5.0,-3107
29.51359628445239,15,1.0,-9571
29.51490702219232,15,6.0,-9634
29.51694215084811,17,5.0,-2771
29.51711642269313,15,1.0,-9757
29.517274429736418,17,3.0,-7116
29.518068669140018,15,6.0,-9946
29.51883204376663,17,2.0,-4863
29.51899393681068,17,2.0,-4222
29.5190254984928,15,1.0,-9620
29.520177045943694,16,6.0,4238
29.52094798840085,14,4.0,-10970
29.521868541347835,14,19.0,-10997
29.522862715430144,15,3.0,-9523
29.52431318621991,15,6.0,-9645
29.524838925508053,14,4.0,-10742
29.52498965472698,13,1.0,-10938
29.525793715405968,5,4.0,0
29.52617311959561,13,5.0,-10978
29.527211790603403,15,4.0,-9987
29.52768747315635,15,3.0,-9807
29.52786371215531,5,1.0,0
29.528728035016876,13,3.0,-10988
29.52877584149887,15,2.0,-9994
29.52952266492593,17,1.0,-6719
29.53025747868561,13,1.0,-10869
29.531043413677725,15,3.0,-10080
29.531168436559224,15,1.0,-10108
29.531310787758517,15,1.0,-9494
29.53297728006526,15,1.0,-9548
29.53496530253382,15,5.0,-10051
29.535885646459356,13,10.0,-10767
29.53897282075831,16,3.0,1544
29.53901754060073,15,1.0,-9570
29.53977695310571,15,2.0,-9652
29.540571798684976,13,3.0,-10800
29.541283989563528,15,1.0,-9754
29.541654547052758,15,2.0,-9682
29.543999014904635,17,2.0,-2936
29.544949163438687,16,7.0,7055
29.545231635604782,15,1.0,-9412
29.54530520800737,15,3.0,-9696
29.545523973656795,14,2.0,-10737
29.545598855389514,13,1.0,-10987
29.545632737551006,13,1.0,-10990
29.54646201381101,15,1.0,-9700
29.546696971413777,15,1.0,-9488
29.54680784017012,13,1.0,-10758
29.54683650125439,15,1.0,-9983
29.547234702035787,13,2.0,-10859
29.54741128437488,15,2.0,-9416
29.548628392838275,15,7.0,-9526
29.550130958330865,5,1.0,0
29.550139281468315,14,9.0,-10922
29.55018600973842,14,1.0,-10733
29.552100269858666,15,1.0,-9833
29.552655171844158,17,1.0,-6968
29.552784825330615,15,1.0,-9691
29.556382877259658,5,4.0,0
29.557030863940454,5,4.0,0
29.558461339542898,13,3.0,-10895
29.559117594808615,5,2.0,0
29.561145337225245,16,2.0,6105
29.561169186592196,16,22.0,2009
29.56143101987273,15,1.0,-10022
29.562714374709344,15,5.0,-9378
29.562714374709344,17,5.0,-9378
29.564787539838612,16,3.0,3348
29.56516034567105,113,30.0,-10756
29.565160721643764,15,2.0,-9522
29.567609189470566,15,1.0,-9426
29.568400277292298,13,6.0,-10780
29.569510925882696,13,1.0,-10872
29.569807863913063,15,3.0,-10033
29.569822907006163,13,1.0,-10750
29.569843832640686,15,2.0,-9752
29.570457069096573,15,5.0,-9390
29.570645392498463,13,3.0,-10950
29.570908166693332,15,5.0,-9375
29.571408225443744,15,2.0,-9342
29.571968085552427,13,1.0,-10875
29.57274570988264,14,2.0,-10817
29.57362889958936,15,1.0,-9395
29.57420008128521,13,2.0,-11002
29.5742574349213,15,3.0,-9373
29.57559317783509,15,1.0,-9370
29.57635471651424,15,2.0,-9431
29.576755966440775,13,6.0,-10755
29.577990249484962,17,1.0,-5505
29.581392823352527,17,5.0,-5007
29.58155325319555,15,2.0,-9871
29.581596172755685,13,2.0,-10795
29.581954192978962,15,4.0,-9441
29.582704840046613,13,1.0,-10867
29.582862447864002,15,3.0,-9860
29.58437677865253,16,13.0,5000
29.585434169253006,15,2.0,-9624
29.586172214420593,15,4.0,-9943
29.58641137070609,17,2.0,-5764
29.58766759670025,16,2.0,3584
29.58789400820201,15,3.0,-10066
29.589249360998085,13,11.0,-10794
29.592151138913945,15,1.0,-9760
29.59228786874596,15,2.0,-9414
29.593062331161548,15,10.0,-10061
29.594494796693045,15,1.0,-9539
29.595779276455893,14,1.0,-10779
29.596403981609345,16,2.0,4928
29.598269344229077,5,2.0,0
29.599389950998713,15,4.0,-9558
29.599668805586425,16,2.0,6489
29.600134513582137,15,1.0,-9432
29.60015603203002,13,1.0,-10852
29.600160539404484,5,1.0,0
29.602945953117114,15,5.0,-9690
29.60298803679675,15,3.0,-10023
29.603361182100265,15,1.0,-9567
29.603463583590525,13,3.0,-10821
29.60482086226311,15,4.0,-9481
29.6077527965281,15,1.0,-9376
29.60818540945896,16,5.0,2934
29.609163524312905,15,2.0,-9343
29.609163524312905,17,2.0,-9343
29.60916554670818,15,1.0,-9648
29.60998262784328,5,8.0,0
29.610138356085766,17,5.0,-8719
29.610418491803088,5,16.0,0
29.610503332652378,5,4.0,0
29.61341934868337,15,4.0,-9730
29.61473664853482,15,1.0,-9658
29.61702383245393,15,4.0,-9498
29.619044636505787,15,1.0,-9425
29.619056743672253,15,1.0,-9663
29.620054992588642,13,1.0,-10772
29.62270616316756,14,4.0,-10933
29.62282455014491,13,1.0,-10996
29.623264348546385,5,3.0,0
29.623268609742226,15,3.0,-9535
29.62389874312798,16,6.0,4632
29.62442260665806,13,1.0,-10998
29.6278139837574,5,3.0,0
29.630563645455773,15,50.0,-9420
29.631850723162433,15,3.0,-9769
29.631987332889423,14,2.0,-10783
29.632083387913205,17,1.0,-2112
29.632857625908116,15,2.0,-9586
29.632857625908116,17,2.0,-9586
29.632882929731753,15,2.0,-9641
29.63330902135826,15,2.0,-9640
29.63354581870253,17,3.0,-5581
29.635215562832645,14,1.0,-10873
29.636214667658923,15,2.0,-9538
29.63709656026701,17,2.0,-2717
29.638404351382245,15,3.0,-9933
29.638567586835528,15,1.0,-10010
29.640364354936004,13,3.0,-10819
29.64047336403103,15,2.0,-9600
29.641510587955125,14,2.0,-10769
29.64266482475586,13,2.0,-10740
29.643245728842473,15,1.0,-9767
29.64476105294183,16,4.0,3677
29.645478494973226,17,22.0,-3353
29.646872403819632,13,3.0,-11000
29.648718121793117,15,8.0,-9557
29.648933300883208,17,4.0,-6082
29.650217139851982,15,3.0,-9483
29.650333322711816,17,1.0,-3754
29.651299085619197,113,45.0,-10766
29.653971512117327,17,1.0,-4252
29.656929304543922,15,1.0,-10102
29.657175229703732,15,4.0,-10128
29.657408051241184,13,1.0,-10765
29.657621421376827,16,21.0,1643
29.657833453807996,5,2.0,0
29.658372221133703,5,3.0,0
29.658498256493743,13,3.0,-11011
29.65856549511247,17,2.0,-6829
29.65915841354741,5,3.0,0
29.660572670058276,13,6.0,-10927
29.66066266378273,13,9.0,-10926
29.661329424476524,15,1.0,-9612
29.662216500578758,17,1.0,-383
29.66240929585212,15,5.0,-9462
29.663305267813087,14,6.0,-10910
29.663910913233618,14,2.0,-10860
29.66618205558899,17,4.0,-8616
29.666528052136023,13,16.0,-10943
29.666742254033867,5,2.0,0
29.66717403811334,16,6.0,5798
29.667412789757915,15,10.0,-9911
29.667793744444047,13,2.0,-11003
29.668606171332737,13,1.0,-10952
29.668998751216716,16,17.0,1510
29.669029051555913,15,16.0,-9637
29.669029051555913,17,16.0,-9637
29.672511455219638,14,8.0,-10744
29.677070840658804,15,2.0,-9701
29.677590875206846,17,2.0,-4413
29.678539140957746,15,1.0,-10032
29.678578917203314,15,3.0,-9605
29.681947230348126,13,2.0,-10889
29.682208244030093,16,10.0,6101
29.682300176854504,15,1.0,-9480
29.68254540359638,13,2.0,-10951
29.68269808252599,15,3.0,-9331
29.68534130950481,13,40.0,-10753
29.685451492009612,17,4.0,-301
29.689301311548167,14,4.0,-10894
29.68998800357796,15,9.0,-9505
29.690151432563574,7,6.0,7605
29.690848945599715,15,1.0,-9553
29.69108496131547,17,2.0,-7672
29.692257994622402,13,1.0,-10974
29.692627211113887,14,1.0,-10917
29.693777125701224,14,3.0,-10830
29.693781917692675,15,1.0,-9639
29.69645460628946,13,1.0,-10995
29.701323177755615,15,10.0,-9917
29.701328882642212,13,4.0,-10897
29.70192298771,5,7.0,0
29.703476117466593,14,6.0,-10822
29.704895011913568,13,1.0,-10918
29.70579113160817,15,2.0,-9551
29.706074521633564,17,2.0,-5652
29.706230565246113,10,2.0,7714
29.706387203296465,17,2.0,-6611
29.707288618045226,15,46.0,-9698
29.708260444322555,15,4.0,-10047
29.711342446569354,15,20.0,-9574
29.712504166901866,16,1.0,5336
29.71266104705715,13,5.0,-10948
29.713156080337974,14,21.0,-10804
29.713311365596354,15,4.0,-9999
29.71372476184934,15,7.0,-9835
29.714358627815567,15,1.0,-9354
29.714389316676193,13,42.0,-10935
29.714490549711382,5,6.0,0
29.714988155369007,13,15.0,-10959
29.71520029164774,16,4.0,7561
29.71638071531047,15,2.0,-9756
29.717551914437674,5,7.0,0
29.71793702617568,15,1.0,-10063
29.71862436465713,5,2.0,0
29.71875955277365,14,2.0,-10851
29.71999754395602,15,13.0,-9654
29.720384702666227,15,1.0,-9543
29.720665623178867,15,1.0,-9629
29.72103495713592,14,3.0,-10984
29.724390049639794,5,1.0,0
29.724730028984993,5,2.0,0
29.724775212956548,15,1.0,-9404
29.725093927619884,13,1.0,-10854
29.72553761252739,13,1.0,-10820
29.727031558421984,14,2.0,-10842
29.73005015751939,17,14.0,-5384
29.730060050396258,17,1.0,-1185
29.73023507466215,15,1.0,-9477
29.73160816774719,15,2.0,-9484
29.732389501614154,13,2.0,-10883
29.733795746012735,14,6.0,-10960
29.737067880430264,13,1.0,-10793
29.73762713964662,113,60.0,-10916
29.73893559857312,5,6.0,0
29.739062021422267,15,3.0,-9465
29.73980496595529,13,2.0,-10777
29.74098105625783,17,8.0,-3748
29.741212264602158,17,1.0,-6925
29.742911208695975,15,4.0,-9433
29.743131517359444,13,1.0,-10914
29.74420230831043,15,4.0,-9593
29.74559694619993,13,1.0,-10732
29.745710295750616,15,5.0,-9715
29.74775248578953,14,4.0,-10986
29.74854212963301,17,1.0,-4600
29.749675534485306,17,1.0,-6453
29.750206306629728,13,19.0,-10908
29.750818689447648,15,2.0,-9928
29.75104377907824,15,2.0,-9400
29.75299347274878,14,4.0,-10848
29.75334182653292,15,1.0,-9490
29.753494166665615,15,7.0,-9417
29.754493096688364,13,1.0,-10809
29.755550330538323,15,1.0,-9403
29.75589607723172,13,5.0,-10863
29.756436476225915,15,3.0,-9360
29.75721638283135,13,2.0,-10776
29.757493588009922,15,3.0,-9660
29.75835048685238,14,1.0,-10965
29.759153900511905,15,1.0,-9826
29.759153900511905,17,1.0,-9826
29.75990975086733,16,6.0,4546
29.760602738950777,15,6.0,-9365
29.76130173774965,13,1.0,-10879
29.76230132259899,15,1.0,-9963
29.762466487774887,15,3.0,-9326
29.765175860231018,15,1.0,-9831
29.767404869907793,13,2.0,-10940
29.769816022030835,5,3.0,0
29.772325919978964,15,8.0,-9673
29.772837333262192,17,2.0,-5546
29.77372543889516,15,9.0,-9937
29.77390176516398,15,2.0,-9385
29.774357472329108,14,3.0,-10745
29.774852929622373,15,7.0,-9777
29.77752804433131,15,2.0,-9731
29.778000758594168,5,2.0,0
29.778594735666804,14,3.0,-10751
29.77878166425169,15,2.0,-9590
29.77885605400607,15,9.0,-10076
29.779040084977513,17,1.0,-6010
29.781971029580454,15,2.0,-9710
29.782059579993717,15,3.0,-9344
29.78313736302291,15,6.0,-10086
29.783459738679547,17,2.0,-5298
29.784218156769683,13,1.0,-10785
29.78618933702284,5,6.0,0
29.791747008566634,15,6.0,-9848
29.79296904308875,15,3.0,-9829
29.793497628080242,15,1.0,-9979
29.7952235363349,15,2.0,-9724
29.795583273395714,13,2.0,-10920
29.795833534309303,9,4.0,7698
29.79595967418752,13,4.0,-10788
29.796491859306027,13,2.0,-10936
29.797424659299644,5,2.0,0
29.797441711744632,15,1.0,-9359
29.799000677445235,15,1.0,-9708
29.800407041614157,13,5.0,-10792
29.800544934324627,17,2.0,-8132
29.801365437392345,15,1.0,-9443
29.801403536105575,13,1.0,-10878
29.8014459578577,14,3.0,-10866
29.80161250514147,14,1.0,-10798
29.80175998004607,15,4.0,-9944
29.802960986976665,15,1.0,-10064
29.803447578370772,15,3.0,-9569
29.80426377518999,14,2.0,-10989
29.807055579562476,14,19.0,-10735
29.807898888204544,15,1.0,-9478
29.807972246756602,13,4.0,-10747
29.80834132667421,16,1.0,5902
29.809022457846247,16,2.0,4754
29.80907822820072,15,2.0,-9679
29.809836827467894,5,2.0,0
29.81056799043635,15,9.0,-9978
29.81071570257539,13,1.0,-10937
29.81148423234682,15,9.0,-9353
29.811616487205043,14,4.0,-10850
29.811688296222055,14,3.0,-10964
29.81316032819215,15,1.0,-9727
29.815033766125104,15,7.0,-10004
29.815685842138834,17,1.0,-278
29.817648629805486,5,1.0,0
29.819430666267436,5,4.0,0
29.821666745312953,17,1.0,-3724
29.822009026252015,17,2.0,-5829
29.823648275686516,15,2.0,-9825
29.824048316077576,13,1.0,-11004
29.824363525719715,15,20.0,-9581
29.82453694258478,16,12.0,6417
29.82504847743043,15,3.0,-9980
29.82593397298582,13,3.0,-10890
29.82652848858246,5,3.0,0
29.82680009193671,15,2.0,-9467
29.827425087930173,17,4.0,-5972
29.8275214700829,17,1.0,-8144
29.82759042810984,15,2.0,-9393
29.828618314374534,16,54.0,959
29.82949407152117,11,2.0,7692
29.830326051398995,14,2.0,-10815
29.830461322485252,13,1.0,-10907
29.830674034565753,13,2.0,-10874
29.831049488284723,17,2.0,-5977
29.83172171594342,17,1.0,-4053
29.83205137730045,17,3.0,-4035
29.83237490903278,15,5.0,-9956
29.834204343236333,5,1.0,0
29.835676053468255,16,1.0,5163
29.837128569236423,17,4.0,-6644
29.83870279234819,16,2.0,6599
29.83895058861973,17,5.0,-8495
29.838960130581388,5,2.0,0
29.839097461037653,15,1.0,-9340
29.839835565410446,5,1.0,0
29.84083503869187,17,1.0,-8477
29.8421850256563,15,3.0,-9411
29.846746887364922,5,3.0,0
29.84731238188144,14,3.0,-10754
29.847495662619895,13,1.0,-10962
29.848738003222593,16,2.0,5377
29.848893614793052,5,33.0,0
29.851743465578352,14,6.0,-10983
29.85254793014688,17,1.0,-6153
29.852907374808034,15,3.0,-9358
29.854374929054906,5,1.0,0
29.854739296912957,13,1.0,-10825
29.855805594208235,17,3.0,-6067
29.855971508484533,15,4.0,-9491
29.856813312266997,13,3.0,-10891
29.857497131523342,13,2.0,-10905
29.861086448668683,15,1.0,-9401
29.861650916360933,17,2.0,-7392
29.86343968209176,13,1.0,-10805
29.863471118742986,15,2.0,-9450
29.86517251874111,15,9.0,-9451
29.865310003299115,17,3.0,-3673
29.86589678461622,5,1.0,0
29.867713707782244,5,6.0,0
29.86885429848854,14,3.0,-10836
29.869502489839853,5,3.0,0
29.87097978173631,17,3.0,-4359
29.871791356839644,13,1.0,-10761
29.87270942208294,5,5.0,0
29.872765111853507,15,1.0,-9659
29.876316857018278,16,2.0,7395
29.878620671222723,13,5.0,-11012
29.87939354740789,113,48.0,-10963
29.879778934943104,13,12.0,-10881
29.88008820043153,5,11.0,0
29.881166603532947,14,1.0,-10813
29.881544407330257,15,3.0,-9834
29.882379021490333,5,5.0,0
29.882882708243496,15,3.0,-9863
29.8837577710595,15,1.0,-9350
29.884019928527405,15,1.0,-9444
29.885134229925107,113,58.0,-10982
29.88547743715195,13,1.0,-10953
29.886406739070186,17,9.0,-7417
29.886461199677147,13,6.0,-10958
29.887572996652196,16,2.0,1886
29.888331458286395,17,5.0,-4052
29.88851635424195,14,2.0,-10808
29.88904079547467,14,1.0,-10877
29.8890775384639,17,3.0,-7662
29.889575214370925,15,2.0,-9532
29.889724637281276,15,4.0,-9988
29.890063121402562,5,3.0,0
29.89028387376956,16,3.0,3760
29.890470266673653,15,2.0,-10122
29.891448137725348,14,1.0,-11014
29.8926542089404,5,2.0,0
29.892946693181326,17,2.0,-9144
29.893227637360532,15,2.0,-9589
29.893257423175637,15,3.0,-9642
29.894777347709358,15,2.0,-9671
29.8952478674557,5,3.0,0
29.895859838820826,15,5.0,-9363
29.897078525484286,15,2.0,-9674
29.89730026757862,15,7.0,-9347
29.897431690409135,15,2.0,-9423
29.89985696598778,17,1.0,-7684
29.900008609450804,14,2.0,-10991
29.90071135395566,14,4.0,-11016
29.902460242100247,15,2.0,-9844
29.9027687021198,15,5.0,-9455
29.903056645641833,5,2.0,0
29.904433688506504,17,2.0,-3648
29.904809991806083,17,2.0,-5140
29.9050745916676,17,1.0,-7053
29.90591823800222,17,4.0,-5521
29.907030815547643,14,4.0,-10947
29.90737818550487,17,2.0,-8000
29.908182032942534,15,3.0,-9597
29.908274031134937,17,6.0,-8746
29.908724179262425,13,1.0,-10906
29.908999275140687,15,12.0,-10000
29.90938782359847,13,1.0,-10941
29.91009766635953,15,1.0,-9890
29.911280712725777,7,7.0,7710
29.91138149809008,17,3.0,-2635
29.91148825381259,15,2.0,-9566
29.911580210852858,15,3.0,-10092
29.914338532639185,17,1.0,-5368
29.91508911443529,15,4.0,-9531
29.91537385255939,15,19.0,-9656
29.915962667757842,15,2.0,-9387
29.91624067943387,15,2.0,-9583
29.9171497707263,5,2.0,0
29.917817026977794,17,1.0,-7365
29.917862505530024,15,13.0,-9381
29.918064619073775,5,1.0,0
29.918231537686896,5,5.0,0
29.91949928038269,15,1.0,-9719
29.919569530016037,5,3.0,0
29.92102564173546,15,1.0,-9544
29.92102564173546,17,1.0,-9544
29.921503423306696,17,11.0,-4327
29.921753264334264,15,3.0,-9847
29.92227618129516,15,6.0,-9327
29.924445003328373,15,1.0,-9705
29.925127350979785,16,11.0,2344
29.92569476415291,15,1.0,-9740
29.92667878600503,15,8.0,-9474
29.926859490132436,14,1.0,-10748
29.928225501753445,17,1.0,-5421
29.928428347946355,15,1.0,-9530
29.92854554201523,17,1.0,-8372
29.93001797344562,15,4.0,-9732
29.93001797344562,17,4.0,-9732
29.930309251469268,17,5.0,-6555
29.93053483986214,15,5.0,-10058
29.93058854662532,17,4.0,-1945
29.93096890249296,15,3.0,-9680
29.93172030036634,14,6.0,-11006
29.93263369901952,17,1.0,-6416
29.93602389866604,13,7.0,-10849
29.937718090451657,17,30.0,-1566
29.938600925855805,15,1.0,-9704
29.939186999937686,13,1.0,-11008
29.940388281288477,17,4.0,-5756
29.940456220355102,13,1.0,-10901
29.941699361209448,14,1.0,-10743
29.94364068347554,15,4.0,-9542
29.943890986021366,13,20.0,-10911
29.94437734592549,15,8.0,-9905
29.945896937519286,5,2.0,0
29.94615704223304,17,2.0,-2587
29.94639897123622,15,26.0,-9497
29.947544692987226,7,4.0,7713
29.947710558970236,17,2.0,-3760
29.9480357595601,15,2.0,-9889
29.949087983948154,13,1.0,-10977
29.94929454977587,17,1.0,-643
29.94992740844339,17,1.0,-8026
29.950843709503722,13,1.0,-10924
29.9510143509421,5,4.0,0
29.951014954076225,15,4.0,-9610
29.951638310186684,17,2.0,-6302
29.95243649157966,15,2.0,-9386
29.95329472787329,17,3.0,-6157
29.954874295343426,15,2.0,-9579
29.955508663018815,13,1.0,-10876
29.955997441213725,15,2.0,-9330
29.95679877316682,14,4.0,-10893
29.957993097411155,15,11.0,-9678
29.96087892678385,13,3.0,-10738
29.961373832547316,15,3.0,-9706
29.961607109426367,15,2.0,-9540
29.96175759915858,5,1.0,0
29.962048534013757,15,3.0,-9636
29.962625853481974,15,32.0,-9885
29.962683595009135,15,42.0,-9867
29.963688801035378,14,9.0,-10762
29.964371432336055,17,1.0,-7781
29.965309174287416,15,2.0,-10028
29.965430982588757,14,2.0,-10759
29.96696970244921,15,5.0,-9470
29.967306615367168,17,3.0,-6235
29.967722302765743,13,1.0,-11013
29.96775550497566,16,7.0,3439
29.96840704922312,5,8.0,0
29.968551254250464,15,2.0,-9638
29.970956182195923,14,2.0,-10843
29.972233720413957,5,3.0,0
29.972289247273675,15,47.0,-9572
29.973425178096548,5,9.0,0
29.97437669030484,13,2.0,-10832
29.977257875352798,14,13.0,-10818
29.979409090624028,13,1.0,-10801
29.980296392686185,5,8.0,0
29.980309936247238,14,3.0,-10956
29.982819853383635,15,1.0,-9694
29.984886218978446,15,7.0,-9500
29.985420590824983,5,3.0,0
29.985465504244694,15,5.0,-9908
29.986432006350082,15,1.0,-9511
29.986468645435874,13,3.0,-10896
29.986504987152987,15,4.0,-9918
29.986521530486165,14,4.0,-10847
29.987745317032125,15,13.0,-9546
29.988589277074606,15,2.0,-9592
29.98865514057432,17,1.0,-6320
29.988972855115485,15,2.0,-9580
29.990539812461495,15,2.0,-9722
29.99206430630055,5,4.0,0
29.992241991349715,13,1.0,-11007
29.99265932070525,15,1.0,-9520
29.99424796512845,15,1.0,-9464
29.99741853822133,17,2.0,-2645
29.997989180845824,15,5.0,-9337
29.998261388423632,13,5.0,-10837
29.998521409370984,15,1.0,-9601
29.998875964203112,15,1.0,-9345
29.999222275926645,17,2.0,-2234
30.001302609275132,15,11.0,-10015
30.00334501511885,15,2.0,-9919
30.005899206645047,14,1.0,-11037
30.006201903478456,15,1.0,-9897
30.008206753930363,5,42.0,0
30.008719461929665,13,2.0,-11134
30.009113566200938,5,5.0,0
30.009524245272214,15,3.0,-10256
30.009524245272214,17,3.0,-10256
30.010700623385187,15,6.0,-10085
30.011114699885248,15,2.0,-9984
30.011904379953275,13,1.0,-11200
30.013654268863373,5,1.0,0
30.014498401726627,15,1.0,-10162
30.0166065534168,15,1.0,-10243
30.019102830865936,15,6.0,-10207
30.019217111610313,14,17.0,-11074
30.01994715569857,5,2.0,0
30.020496159171547,5,2.0,0
30.021950287828435,15,3.0,-9753
30.022823251041455,15,6.0,-9998
30.02288381511277,5,3.0,0
30.024585906608745,15,1.0,-10150
30.02652698201604,15,2.0,-10406
30.0269578697754,13,3.0,-11231
30.028529257709504,5,5.0,0
30.029283649707107,15,2.0,-10425
30.029699341338695,5,1.0,0
30.03009631944435,5,7.0,0
30.033836871886887,13,10.0,-11149
30.033963823742837,15,5.0,-10044
30.03414542457711,13,1.0,-11157
30.034727091824852,13,37.0,-11279
30.034732408031182,15,26.0,-10420
30.034891315520735,15,3.0,-10011
30.035620380603692,13,2.0,-11179
30.0358499299104,15,5.0,-9842
30.040311200466576,15,3.0,-10062
30.042029521551722,15,1.0,-10341
30.042313781331263,13,2.0,-11262
30.042582242922258,15,1.0,-10090
30.043147387971704,15,1.0,-9789
30.04410156290437,15,3.0,-9782
30.04410156290437,17,3.0,-9782
30.045075157264623,15,6.0,-10046
30.04669960302697,16,2.0,5300
30.04740670293183,17,2.0,-2037
30.04862420531031,13,3.0,-11266
30.04903061206435,5,1.0,0
30.049843956758565,15,2.0,-9922
30.049861800034314,15,6.0,-10002
30.050173182547045,13,1.0,-11301
30.050375019810744,15,37.0,-9977
30.050893493062464,5,2.0,0
30.050956428926767,15,4.0,-9996
30.051816783275655,15,8.0,-10188
30.052402138747976,15,6.0,-9786
30.054498958385505,13,3.0,-11084
30.055597194579654,15,1.0,-9958
30.057463880981565,14,1.0,-11275
30.058478684874757,15,2.0,-9981
30.06136358899251,15,1.0,-9823
30.063360615586095,14,11.0,-11137
30.064887171187205,16,4.0,5152
30.064978402086478,5,3.0,0
30.065718144287402,13,5.0,-11042
30.066815992149195,15,5.0,-10118
30.06721782298225,15,2.0,-9993
30.068783501860413,14,3.0,-11138
30.06995891281491,17,1.0,-7516
30.07082798934184,13,8.0,-11183
30.071030121956206,5,3.0,0
30.071494664678834,5,1.0,0
30.074230967703706,14,9.0,-11166
30.074483784188978,15,1.0,-10199
30.075220269798457,13,1.0,-11103
30.076021376841823,15,3.0,-10071
30.076415832213822,5,4.0,0
30.07652032429796,13,41.0,-11169
30.077125341067298,13,1.0,-11291
30.07734628198134,15,42.0,-9783
30.077668164756,15,1.0,-10106
30.080770564979055,16,5.0,5434
30.081200739657177,14,39.0,-11311
30.08718072664744,13,3.0,-11302
30.087790124072658,5,3.0,0
30.090353653887185,14,2.0,-11077
30.090897746229892,14,4.0,-11250
30.092662271325544,13,5.0,-11234
30.09270651215308,5,7.0,0
30.09292127013694,17,2.0,-1681
30.093280158925808,16,3.0,5581
30.094103845160056,13,2.0,-11078
30.09424847677255,15,1.0,-10301
30.09515343419383,14,4.0,-11144
30.09944365688392,13,2.0,-11036
30.099795270151287,10,13.0,7720
30.100386184938163,15,2.0,-10120
30.100824145125728,17,2.0,-6720
30.104363762185564,5,7.0,0
30.104767013135422,15,1.0,-10287
30.10557373393263,15,1.0,-9936
30.10575374016263,15,1.0,-10398
30.10675416969197,15,2.0,-9872
30.108485080377314,15,1.0,-10284
30.1097750030345,14,22.0,-11267
30.111490889206475,15,1.0,-10057
30.112225403947598,14,2.0,-11085
30.113859411594298,13,2.0,-11229
30.114668643099463,13,25.0,-11204
30.1147081879465,15,3.0,-10384
30.11527095023264,16,2.0,2531
30.11576245421317,13,7.0,-11098
30.117481699303895,14,1.0,-11253
30.11840283417234,15,3.0,-9966
30.119086440025622,15,2.0,-9738
30.121278910910917,15,1.0,-9955
30.121278910910917,17,1.0,-9955
30.121882776435534,13,2.0,-11068
30.122715288324134,14,5.0,-11097
30.123544113818667,16,1.0,6634
30.12404564071651,13,9.0,-11172
30.12408815383358,17,36.0,-8171
30.12482283435294,15,4.0,-9961
30.12522773697488,15,1.0,-10343
30.12792126383315,13,18.0,-11213
30.12845692901583,5,1.0,0
30.129266552336464,15,2.0,-10248
30.12987152796763,13,2.0,-11059
30.132472189332276,5,2.0,0
30.13366564487719,15,1.0,-10399
30.13383350397866,15,2.0,-10385
30.13405712989227,15,3.0,-9771
30.13505044527909,5,4.0,0
30.13520188651378,15,5.0,-9873
30.13658559068182,14,7.0,-11093
30.136896009953183,15,2.0,-9876
30.137864784798463,15,1.0,-9920
30.137892725495778,14,3.0,-11146
30.13828850576474,15,1.0,-10113
30.138487206193535,5,3.0,0
30.139521770000975,17,5.0,-3400
30.14187141032107,15,5.0,-10110
30.143814070020465,17,16.0,-8683
30.145074418142467,13,3.0,-11159
30.151036622528764,15,1.0,-10316
30.15158315173265,5,3.0,0
30.156178578027284,15,2.0,-10111
30.156809962794227,17,6.0,-1788
30.156823372885707,5,4.0,0
30.15841557648368,15,52.0,-9837
30.16050333526787,15,7.0,-9778
30.162221431451687,15,1.0,-10235
30.16342506113204,15,3.0,-9940
30.16342506113204,17,3.0,-9940
30.16436387340864,13,3.0,-11314
30.164607079403027,5,11.0,0
30.16573071361641,15,1.0,-9899
30.166526395603274,5,4.0,0
30.17062179921208,13,1.0,-11153
30.17154034679716,14,2.0,-11292
30.17188497119776,13,9.0,-11318
30.17197481588611,15,1.0,-10291
30.17395266290044,17,3.0,-6178
30.176232689837466,13,2.0,-11168
30.17738851107645,15,6.0,-10017
30.18081904570998,15,1.0,-10020
30.180945535794386,15,1.0,-10434
30.181204724141452,13,5.0,-11197
30.181898414938914,15,1.0,-9901
30.182518769052283,14,3.0,-11185
30.182855024511063,5,1.0,0
30.183848208961873,15,2.0,-9870
30.18462065915232,14,3.0,-11165
30.1848044899386,15,3.0,-10262
30.190648486887373,15,6.0,-10091
30.190771073275023,17,2.0,-3340
30.191228778623227,15,10.0,-9821
30.192794998551744,14,1.0,-11082
30.193271413738366,13,1.0,-11273
30.195388925425814,15,2.0,-9764
30.19586454815297,15,1.0,-9857
30.195891977133748,15,3.0,-10158
30.196049895345865,5,4.0,0
30.196190931860027,13,13.0,-11095
30.196195293317565,17,1.0,-1057
30.197840543994825,15,2.0,-10334
30.19840216529217,15,1.0,-9799
30.201529658799476,15,2.0,-10228
30.202777886310525,15,1.0,-10036
30.20334214985147,17,1.0,-4475
30.204638485790955,5,5.0,0
30.205094540298763,13,14.0,-11143
30.206385428664195,15,1.0,-10098
30.20687662467736,14,1.0,-11087
30.207006277924183,15,13.0,-10132
30.207258187272544,17,24.0,-9185
30.20732545922568,15,1.0,-9974
30.20732545922568,17,1.0,-9974
30.20797169428848,5,9.0,0
30.211019065818924,15,1.0,-9803
30.214177602226588,5,3.0,0
30.217415426562525,14,2.0,-11047
30.217682258189665,5,1.0,0
30.218460731931867,13,5.0,-11248
30.218613007471465,5,3.0,0
30.218794429834144,5,2.0,0
30.220156040553043,15,1.0,-10053
30.220949665658686,15,2.0,-10216
30.22160538121512,13,1.0,-11099
30.22235473030847,15,2.0,-9992
30.22265712489241,15,3.0,-10419
30.223513322100082,15,1.0,-10337
30.223692053000185,5,16.0,0
30.22374641030867,15,1.0,-10227
30.22382698051255,17,1.0,-4569
30.225728250881147,16,34.0,1409
30.227239310556257,17,5.0,-4939
30.22733287726622,15,6.0,-9815
30.22903175327554,15,7.0,-9957
30.229082127219044,16,2.0,2533
30.229352559218256,16,15.0,6791
30.229955987247973,13,1.0,-11181
30.23010068446812,14,2.0,-11073
30.230380324186253,13,1.0,-11286
30.230444259360034,17,5.0,-1357
30.231162146579212,17,1.0,-453
30.233192082121334,15,14.0,-10087
30.233274055724845,13,1.0,-11207
30.234205011917336,15,14.0,-10026
30.234307469432412,15,1.0,-10217
30.234324247725134,5,4.0,0
30.236025937194533,14,1.0,-11081
30.236489790142326,14,3.0,-11027
30.236764521164446,15,1.0,-9743
30.237136303902936,13,1.0,-11112
30.237350884287164,13,3.0,-11223
30.238556885671706,15,1.0,-10088
30.23926449884648,16,1.0,6781
30.23969128430116,15,6.0,-9795
30.24130409666137,15,1.0,-10274
30.24276771006103,14,8.0,-11251
30.243136961762644,13,8.0,-11316
30.243525980601543,13,3.0,-11260
30.243652314366745,5,1.0,0
30.24637359634484,13,2.0,-11299
30.246430004167237,15,1.0,-10327
30.246733525318813,16,1.0,4180
30.24675389597134,15,2.0,-10267
30.249451761733827,15,1.0,-10089
30.25051750090172,5,3.0,0
30.250567084156266,5,2.0,0
30.250580906802615,13,6.0,-11152
30.251702807832213,15,1.0,-9793
30.251702807832213,17,1.0,-9793
30.252649458178535,15,2.0,-9808
30.254319073883863,5,9.0,0
30.256514725394865,15,2.0,-10401
30.256602599079553,15,3.0,-9858
30.257199545890302,15,2.0,-10394
30.2575200713579,15,1.0,-10179
30.259489129006642,5,1.0,0
30.260950431142945,14,1.0,-11123
30.2616828136535,15,3.0,-10328
30.262744790834574,13,1.0,-11202
30.26365391426583,15,1.0,-10402
30.264444029005936,5,2.0,0
30.265030018712814,15,2.0,-9800
30.265030018712814,17,2.0,-9800
30.267306190654097,17,12.0,-1074
30.26827483240958,13,2.0,-11121
30.27099593777072,15,4.0,-10100
30.272157894350677,13,6.0,-11288
30.27282585035357,5,5.0,0
30.273085799757542,14,3.0,-11265
30.273413043400456,17,1.0,-3998
30.274438054946238,5,2.0,0
30.27459521422665,15,5.0,-9888
30.275334999718027,15,3.0,-10038
30.275334999718027,17,3.0,-10038
30.275905546439713,15,4.0,-9925
30.276809058137765,5,7.0,0
30.2780874060577,15,1.0,-9923
30.278643642377396,17,1.0,-7800
30.278887665964977,5,1.0,0
30.27916132926956,15,5.0,-10254
30.279413727027098,17,2.0,-3684
30.28010325840702,15,2.0,-10006
30.280804377483534,15,1.0,-10081
30.281096030871424,13,2.0,-11033
30.282175900389653,14,3.0,-11096
30.284216557148376,15,2.0,-9801
30.285100928574217,14,6.0,-11241
30.28617843516649,17,6.0,-7810
30.289039167138935,14,4.0,-11255
30.289772463985308,17,10.0,-25
30.290615445328374,14,4.0,-11057
30.292014683198634,15,1.0,-9930
30.292195650631363,16,53.0,1325
30.292969265196113,5,3.0,0
30.295145576920195,13,5.0,-11210
30.29718988190813,13,8.0,-11133
30.297245357972905,15,3.0,-9947
30.298666332608498,5,3.0,0
30.299832869610434,13,1.0,-11065
30.300066532229824,17,5.0,-9547
30.301308172365005,5,3.0,0
30.30153106442092,15,3.0,-9852
30.30153106442092,17,3.0,-9852
30.302297768537546,15,7.0,-9924
30.302788869982937,15,3.0,-9762
30.303844668156376,14,8.0,-11156
30.307055737575748,5,3.0,0
30.30769478801716,113,49.0,-11232
30.308632505177492,15,14.0,-9735
30.309170948206596,13,3.0,-11195
30.310749359334356,16,1.0,6423
30.311053707899237,15,3.0,-10365
30.311166585569982,15,2.0,-10140
30.314423194737373,15,1.0,-10339
30.316503257468828,13,21.0,-11230
30.31693209393843,15,2.0,-9839
30.318980552115374,17,60.0,-7543
30.3207172122816,14,4.0,-11247
30.32109885965268,15,1.0,-10265
30.321930421410254,15,2.0,-9989
30.32603230700233,15,2.0,-10252
30.329573653043525,13,1.0,-11032
30.331000784186767,5,1.0,0
30.331563013372758,15,3.0,-9845
30.33198392675858,5,4.0,0
30.331996438611704,14,4.0,-11151
30.332338256079925,15,3.0,-9909
30.333002453092885,5,4.0,0
30.333925666870787,13,2.0,-11127
30.334941839299,16,6.0,5091
30.335277657573076,15,3.0,-10116
30.335774659484397,15,1.0,-9878
30.33981133588783,15,5.0,-10148
30.340198145233444,13,2.0,-11259
30.341017318677487,14,2.0,-11029
30.34289224757384,5,4.0,0
30.34316660134586,17,8.0,-4416
30.34578590142879,17,2.0,-3580
30.34621141605973,17,1.0,-6640
30.34759043178411,15,8.0,-10226
30.34932495342148,17,3.0,-4330
30.349379138950884,15,1.0,-10077
30.34966444490629,17,11.0,-8316
30.351204514923545,15,6.0,-9954
30.351476707626432,15,6.0,-10344
30.351476707626432,17,6.0,-10344
30.35211339620453,15,1.0,-10135
30.352530487371965,17,1.0,-1739
30.352748212524208,5,3.0,0
30.353514229132642,13,1.0,-11163
30.353963218905356,15,1.0,-10165
30.35497821123076,5,1.0,0
30.356191518059227,14,4.0,-11076
30.35826919144912,15,1.0,-10130
30.35946369767652,16,8.0,3338
30.359682477476817,15,1.0,-9907
30.359947259923235,15,2.0,-10187
30.36022412282301,13,1.0,-11089
30.361321474757556,15,28.0,-9959
30.361772479155803,15,3.0,-9784
30.362218095662293,15,3.0,-9779
30.366097236144526,15,1.0,-10395
30.36796711410025,15,3.0,-9846
30.369602222653317,17,2.0,-5832
30.37376714102161,14,6.0,-11186
30.374774656176577,17,1.0,-1312
30.37518332760082,15,14.0,-10156
30.37669204198636,14,1.0,-11188
30.37846114006678,15,7.0,-9811
30.379081843050756,15,14.0,-10167
30.379665322341374,15,2.0,-10277
30.380250769561545,15,3.0,-10196
30.38097157104641,17,8.0,-8214
30.38171663168884,15,3.0,-10319
30.382276076834902,13,3.0,-11117
30.382429706509875,15,2.0,-9763
30.383059049431726,15,4.0,-10074
30.38364026727555,13,38.0,-11315
30.384137450038022,17,8.0,-4978
30.38429164260059,113,30.0,-11290
30.384669063458563,5,1.0,0
30.38515845741383,5,7.0,0
30.385442233043534,5,2.0,0
30.386649275776566,15,2.0,-9755
30.388523392549082,15,2.0,-10201
30.38986846276065,15,2.0,-10308
30.390414152166265,17,2.0,-5044
30.390593037441555,5,3.0,0
30.39146878523898,15,5.0,-10174
30.39310225101425,15,2.0,-10241
30.393148728831246,13,1.0,-11261
30.393310169884362,15,2.0,-9903
30.395526861399023,5,1.0,0
30.397063938998,15,1.0,-9960
30.39843750915448,17,1.0,-7966
30.39907633232312,13,1.0,-11026
30.399318156809315,15,2.0,-10025
30.399437610889148,13,1.0,-11043
30.40075977902173,16,1.0,7127
30.40159497518409,15,1.0,-9790
30.40210807820416,16,27.0,1543
30.402298912387284,15,3.0,-10155
30.402298912387284,17,3.0,-10155
30.40301077606456,15,1.0,-10149
30.405711563524896,5,1.0,0
30.40801209465517,15,5.0,-10387
30.410898699831552,5,1.0,0
30.416181885226266,15,1.0,-9840
30.417264494023073,16,1.0,6709
30.417829083748337,13,1.0,-11222
30.417910831122597,16,6.0,1307
30.418539499528734,15,2.0,-9971
30.418963529873395,15,2.0,-10141
30.419650276088255,15,2.0,-10068
30.420887166934516,15,7.0,-10094
30.42118433218783,5,3.0,0
30.424713001882683,13,1.0,-11155
30.425814822187665,13,2.0,-11028
30.426048728914434,15,6.0,-9838
30.427049898843272,15,3.0,-10312
30.427379508727977,14,2.0,-11135
30.427969236297685,15,3.0,-10355
30.42861990219431,15,2.0,-10195
30.429157759955697,15,1.0,-9982
30.4294952954192,14,9.0,-11225
30.429748886644344,15,4.0,-10214
30.430298765605677,15,3.0,-9850
30.430683239072966,11,2.0,7709
30.43245754835018,15,17.0,-10391
30.433288260631205,17,2.0,-5497
30.43403714016767,13,2.0,-11053
30.435181919040517,17,5.0,-4776
30.43669823721744,5,1.0,0
30.436783321273083,15,1.0,-10048
30.43694689562786,13,6.0,-11132
30.437164878934563,15,1.0,-10388
30.4398494853087,15,1.0,-9851
30.43996877418942,14,4.0,-11178
30.440068281376536,15,13.0,-10380
30.44038419658508,15,16.0,-9785
30.44084668836453,17,1.0,-2020
30.44198577573973,15,3.0,-10222
30.444836596973985,15,1.0,-10340
30.447085090851957,15,2.0,-10003
30.44893154742543,15,7.0,-9805
30.44902485739245,15,1.0,-9895
30.449604997131875,5,4.0,0
30.45094640660185,15,8.0,-9776
30.451043255424445,13,1.0,-11277
30.451113407131185,13,2.0,-11205
30.451228614482982,16,12.0,5971
30.451639166451354,5,6.0,0
30.4518420480554,5,1.0,0
30.452971777916368,13,3.0,-11154
30.453114115196357,15,6.0,-10427
30.454237355610978,14,60.0,-11278
30.454624717812116,5,2.0,0
30.455828465313065,14,4.0,-11310
30.45727552376498,13,3.0,-11198
30.45784934517321,15,7.0,-10134
30.45845928461755,13,7.0,-11060
30.4597706851848,13,2.0,-11220
30.45986129203543,14,2.0,-11203
30.4606863030483,15,2.0,-10119
30.46123685344331,15,3.0,-10099
30.462908683746768,17,4.0,-8960
30.46333012274229,15,2.0,-10345
30.46370119610706,15,3.0,-10323
30.464352307200617,113,47.0,-11062
30.46496658158002,14,1.0,-11094
30.466424324308637,11,2.0,7714
30.4665512913243,17,1.0,-9707
30.467104906659074,15,2.0,-9741
30.46740219522268,15,5.0,-9746
30.467550491905588,13,2.0,-11104
30.46998035983356,5,2.0,0
30.470088792604663,13,1.0,-11271
30.472071189409384,15,3.0,-9869
30.473265874089535,15,1.0,-10346
30.474857998476292,14,3.0,-11105
30.475352609273482,17,4.0,-7557
30.476680360675502,14,11.0,-11070
30.477544175366592,5,1.0,0
30.477991061937477,15,1.0,-9759
30.479399957718815,13,18.0,-11066
30.480239400493204,5,3.0,0
30.480591056649136,14,4.0,-11111
30.481282588937923,15,1.0,-10280
30.481665423144776,14,2.0,-11139
30.4836867056078,13,1.0,-11091
30.483837444589682,15,1.0,-10411
30.484599883213722,13,4.0,-11161
30.485519007656766,15,4.0,-10039
30.48590771691752,15,1.0,-9781
30.487022264419057,16,2.0,5339
30.48777288668968,15,5.0,-9745
30.48843700406906,13,3.0,-11274
30.490957414694748,5,3.0,0
30.491560835570475,15,1.0,-9802
30.493221744311068,15,6.0,-10247
30.493572852192262,13,2.0,-11177
30.494511999028695,15,29.0,-9953
30.495841208901222,13,1.0,-11141
30.495871638144212,5,27.0,0
30.496197839442427,13,1.0,-11199
30.49730538007993,15,3.0,-9824
30.49764509544681,15,7.0,-10019
30.49782947346309,15,18.0,-10426
30.499162314841644,15,4.0,-10176
30.499423819518583,17,3.0,-1797
30.499906589087036,15,4.0,-9744
30.500107766777123,15,1.0,-9820
30.500524028141438,17,2.0,-1477
30.502878433432134,15,22.0,-10185
30.505441834121783,13,33.0,-11072
30.5055484631021,15,5.0,-9774
30.505566757498222,15,11.0,-9967
30.50573159242866,5,2.0,0
30.506082142631886,5,2.0,0
30.50801427750311,15,2.0,-10079
30.50846258855524,13,1.0,-11064
30.50907116201821,15,1.0,-9830
30.510444996636092,15,1.0,-9921
30.512501318165548,13,4.0,-11309
30.51359628445239,17,1.0,-9571
30.513934156564556,14,1.0,-11264
30.514178981760725,15,4.0,-9931
30.514246157874847,5,5.0,0
30.51476494348339,15,4.0,-10172
30.515278432544182,7,2.0,7708
30.515637154569227,13,1.0,-11118
30.51849102751751,15,6.0,-10294
30.519207540237378,13,8.0,-11129
30.52095248287152,13,1.0,-11268
30.521016950414456,13,1.0,-11145
30.52230189990634,17,1.0,-6233
30.523367112095524,15,1.0,-9859
30.523878227441614,15,1.0,-10219
30.524635568039717,15,4.0,-10295
30.524831731857905,15,7.0,-9945
30.525285954599788,15,7.0,-9792
30.525762673788904,17,27.0,-5606
30.527295179404888,15,2.0,-9791
30.52756081964026,15,3.0,-9856
30.528291961144795,14,5.0,-11063
30.52950246456151,16,1.0,5030
30.532083542998265,13,1.0,-11280
30.532359550186122,16,2.0,5875
30.53249027080278,17,9.0,-5056
30.533242941852357,13,1.0,-11108
30.53386725912555,15,7.0,-10084
30.535210476786006,13,2.0,-11067
30.5410930154465,5,6.0,0
30.543099999864616,15,2.0,-9893
30.54366529564807,13,6.0,-11092
30.544369377708847,15,8.0,-10001
30.545311993543294,13,6.0,-11131
30.546756531691546,13,6.0,-11307
30.5512568254896,15,2.0,-10389
30.5512568254896,17,2.0,-10389
30.553526903970006,11,33.0,7717
30.555074172295978,13,1.0,-11182
30.555492975600576,15,3.0,-9906
30.55564471698743,13,1.0,-11128
30.555776325603343,13,4.0,-11245
30.55683215379081,14,1.0,-11102
30.559681547121368,17,4.0,-7750
30.559846372663674,13,5.0,-11319
30.560992232571078,15,1.0,-10296
30.561256880914307,15,1.0,-10123
30.56218424195788,15,2.0,-9985
30.563023780980878,5,3.0,0
30.563742264652323,5,2.0,0
30.563815829083104,13,5.0,-11208
30.564455617179142,14,3.0,-11214
30.565346567968838,16,3.0,4666
30.56660002062979,15,4.0,-10209
30.567452358503598,15,8.0,-9882
30.567733901459334,15,2.0,-10131
30.56784184792381,15,1.0,-10397
30.56839129683868,15,4.0,-10230
30.56839129683868,17,4.0,-10230
30.569020190441655,15,7.0,-10364
30.56904906117694,17,8.0,-7820
30.56962181404927,13,3.0,-11058
30.56971612081269,15,6.0,-10189
30.57144934281434,16,5.0,965
30.572477821681495,14,2.0,-11148
30.573891066853047,15,1.0,-10206
30.575296412067907,14,4.0,-11110
30.57541432137279,13,1.0,-11236
30.57550243657108,14,3.0,-11051
30.576622521548824,15,3.0,-9841
30.578891461121398,5,2.0,0
30.57893550618596,17,1.0,-149
30.5790808953822,15,2.0,-10049
30.579726848897565,5,2.0,0
30.58000639575282,15,7.0,-10436
30.581838028182993,15,2.0,-10073
30.582547635967636,13,6.0,-11297
30.58286764315851,15,9.0,-9787
30.583152237170417,15,1.0,-10435
30.583678209079363,13,3.0,-11056
30.584261510341282,17,6.0,-3659
30.584578310033216,17,10.0,-869
30.5847954935894,15,3.0,-9758
30.586009276899443,17,1.0,-6043
30.586379502508358,17,1.0,-8086
30.592444772823793,13,2.0,-11190
30.593813905694244,13,4.0,-11114
30.594049329702806,13,2.0,-11039
30.595790964386804,15,3.0,-10213
30.597934116843565,13,1.0,-11237
30.602751286050847,15,1.0,-9935
30.6049264178947,13,5.0,-11160
30.6053174241516,15,6.0,-9880
30.605945376177523,15,3.0,-10197
30.60605075623312,17,5.0,-4419
30.606542266685256,14,1.0,-11244
30.607636697865548,15,1.0,-10203
30.60821386521838,16,8.0,2677
30.611433880077925,17,2.0,-2707
30.612647003669803,5,4.0,0
30.612657938284528,15,1.0,-9770
30.6130444321039,15,4.0,-10325
30.6130444321039,17,4.0,-10325
30.61341941069365,15,2.0,-9827
30.61436386854687,5,4.0,0
30.6150007967389,5,1.0,0
30.61516453638375,5,3.0,0
30.615195267440928,13,2.0,-11184
30.61805349980625,15,1.0,-10306
30.619071181634833,15,1.0,-10403
30.61974878134796,15,6.0,-9972
30.620412720283333,15,21.0,-10404
30.621102665704132,5,3.0,0
30.62282913787256,15,1.0,-9968
30.6239353294078,15,14.0,-10139
30.626458690163396,14,1.0,-11293
30.626535369116066,15,1.0,-10031
30.62713427347641,14,7.0,-11119
30.628061511593994,15,3.0,-10127
30.629437871861835,13,2.0,-11124
30.631758981226405,5,4.0,0
30.632165994865954,15,2.0,-10408
30.632165994865954,17,2.0,-10408
30.632419396451084,15,3.0,-10383
30.633001137940386,15,1.0,-10416
30.633189085515873,14,1.0,-11187
30.633258761575316,5,3.0,0
30.63435325043159,17,10.0,-7992
30.634869964482917,15,1.0,-10302
30.637544430459343,16,3.0,2125
30.63759870836018,13,54.0,-11211
30.638782203037213,15,2.0,-10109
30.6388402986309,14,1.0,-11242
30.639346436443336,13,9.0,-11041
30.640137245966617,15,2.0,-10202
30.641426738552315,15,1.0,-9934
30.64150879571094,13,1.0,-11120
30.641616384594897,15,5.0,-9883
30.643189826008832,15,15.0,-9969
30.6475943016903,13,5.0,-11158
30.65078662303462,15,4.0,-10137
30.653787373164754,13,1.0,-11189
30.655535139972322,13,3.0,-11079
30.655604044811135,15,6.0,-9976
30.65576120900586,15,1.0,-10103
30.655926915716176,14,4.0,-11038
30.65630627242453,13,3.0,-11276
30.657919651994195,16,2.0,5037
30.659115867069286,15,2.0,-9866
30.66128393958776,10,6.0,7716
30.66180768104276,5,4.0,0
30.66209282361627,13,12.0,-11224
30.662190966124744,5,2.0,0
30.66486967314632,13,1.0,-11296
30.66603509966609,15,2.0,-9814
30.667045278312365,13,1.0,-11269
30.66763110353468,5,2.0,0
30.668519269899853,5,57.0,0
30.670646671152515,5,1.0,0
30.67248911237131,17,1.0,-7023
30.672699047081284,15,3.0,-9742
30.672790861915267,14,3.0,-11256
30.67311918032949,15,2.0,-10352
30.6732636602648,15,3.0,-10082
30.677262598426463,15,6.0,-9817
30.678956380024893,15,1.0,-10377
30.679119840853144,15,4.0,-10107
30.680357803546958,5,2.0,0
30.681905446318687,17,1.0,-2320
30.682303584533106,15,5.0,-9868
30.682360911139185,15,1.0,-10223
30.682610023930064,13,3.0,-11192
30.682722898093477,15,5.0,-9862
30.683379312528558,5,42.0,0
30.68467618089638,15,2.0,-10145
30.684733798435932,13,1.0,-11034
30.688094882002915,5,2.0,0
30.689082452445184,5,2.0,0
30.68923664101883,15,2.0,-10348
30.689278505130346,15,2.0,-10381
30.689303635664277,17,15.0,-6285
30.689843947668685,14,8.0,-11298
30.6904935458702,15,6.0,-9910
30.69108890972226,15,3.0,-9995
30.69260413425459,15,2.0,-9881
30.692613462142653,5,7.0,0
30.692622853371002,15,4.0,-9794
30.69366056995902,13,2.0,-11285
30.693987198425216,113,58.0,-11240
30.69435654509435,13,1.0,-11180
30.694589218010616,13,2.0,-11031
30.694856670617174,15,3.0,-9765
30.694869477854226,15,1.0,-10194
30.69653170314999,15,14.0,-9828
30.697598785521755,5,2.0,0
30.69812915602089,15,1.0,-10101
30.70044695357478,15,3.0,-9915
30.700534607607402,15,2.0,-10173
30.703107439349257,13,6.0,-11238
30.70370670630333,14,10.0,-11219
30.70559477908356,13,3.0,-11107
30.708437830218774,17,12.0,-5993
30.71091919342497,15,3.0,-10360
30.711866087535157,15,1.0,-10144
30.71299415352068,15,1.0,-9929
30.713536937694254,15,1.0,-10359
30.713866695965212,17,1.0,-8344
30.71575728654289,14,10.0,-11075
30.71577100872635,15,13.0,-10124
30.715780189935213,5,7.0,0
30.715896862981374,14,1.0,-11045
30.716214930653134,15,1.0,-10021
30.719037049520853,15,1.0,-9916
30.720123480978984,17,1.0,-3246
30.720441331757545,113,54.0,-11191
30.720742991847995,15,3.0,-10142
30.722293340197698,17,7.0,-4551
30.722681527063276,5,2.0,0
30.724272258879736,16,3.0,4084
30.724446755008298,14,1.0,-11140
30.72523931055526,17,1.0,-5998
30.7254144874133,5,3.0,0
30.728191986772217,13,7.0,-11054
30.72898497316238,14,5.0,-11083
30.72903194816658,17,1.0,-5942
30.72924660870671,15,1.0,-10271
30.73173347341671,17,1.0,-4755
30.73246531213074,15,1.0,-9749
30.733897884461474,13,11.0,-11116
30.73466884817681,17,1.0,-8363
30.735336107097464,5,3.0,0
30.73683451268122,13,1.0,-11046
30.73718798371691,5,2.0,0
30.740401891200126,14,2.0,-11201
30.740474580167604,15,8.0,-9932
30.74266885357861,15,9.0,-10279
30.743564198954108,17,31.0,-6676
30.74484469499134,15,2.0,-9891
30.74539288104319,14,2.0,-11162
30.746257832771636,14,2.0,-11246
30.7464790423272,13,1.0,-11088
30.74858849421127,15,2.0,-10153
30.75088898368092,15,1.0,-9797
30.752165467949258,15,1.0,-9854
30.753255383493364,14,1.0,-11193
30.75374722060794,14,6.0,-11170
30.753759788266883,17,5.0,-2197
30.756971878121774,15,1.0,-9832
30.75937882979636,15,1.0,-9892
30.759535223308397,5,2.0,0
30.760020894377178,15,5.0,-10396
30.76077925225043,5,1.0,0
30.761773911738622,17,1.0,-3224
30.76317564305044,15,3.0,-10042
30.763731243490877,15,49.0,-10034
30.7651267414859,14,4.0,-11312
30.765438543061286,17,1.0,-3850
30.766160234972975,13,4.0,-11254
30.766752391903566,17,2.0,-5833
30.76736937187398,13,3.0,-11035
30.769130877465933,15,1.0,-9812
30.76937163889418,17,1.0,-5796
30.769950102180353,5,13.0,0
30.771480776412133,16,3.0,3397
30.773952593992878,15,7.0,-10059
30.77507062858525,15,9.0,-9768
30.77567212922393,13,1.0,-11304
30.77601337214951,15,4.0,-9775
30.77789967052586,13,5.0,-11283
30.778418382295396,17,2.0,-6567
30.778464893974636,13,5.0,-11130
30.778470628365874,113,40.0,-11289
30.779280122061618,15,11.0,-9788
30.77930090126891,17,3.0,-3978
30.77993583836079,13,1.0,-11305
30.78269290149453,15,1.0,-10029
30.783278299034546,5,1.0,0
30.78537302178272,14,3.0,-11167
30.785983690816845,15,1.0,-9761
30.786546032201954,5,2.0,0
30.78764390996966,16,2.0,4220
30.787702834307936,17,1.0,-6202
30.789260002568234,5,1.0,0
30.79052264459299,15,2.0,-10261
30.79074749118292,15,3.0,-10070
30.79074749118292,17,3.0,-10070
30.79207845074231,14,2.0,-11221
30.793805514976885,15,2.0,-9861
30.79384842114618,15,4.0,-10095
30.79403824690355,15,2.0,-9796
30.79403824690355,17,2.0,-9796
30.79481180101919,5,1.0,0
30.795090924139775,13,2.0,-11243
30.795433642734167,17,2.0,-3135
30.797171870309782,17,4.0,-6366
30.799826401404214,15,1.0,-9938
30.80062552646612,14,4.0,-11308
30.801047337659583,17,3.0,-7869
30.80166360373121,15,1.0,-10430
30.80184561830893,15,3.0,-10245
30.801946260365376,13,1.0,-11055
30.802053954985983,14,4.0,-11257
30.803340403311186,17,5.0,-6461
30.803624548847107,15,12.0,-10054
30.803733151160184,13,1.0,-11313
30.80550250183083,17,4.0,-3182
30.805666358482807,15,3.0,-10105
30.8057168687149,13,1.0,-11044
30.80703331724723,13,3.0,-11206
30.808071102885258,15,1.0,-9877
30.810222235969693,13,9.0,-11061
30.811012795934893,15,3.0,-10007
30.811020187128698,15,2.0,-9734
30.811020187128698,17,2.0,-9734
30.81120828047405,15,5.0,-9990
30.811673609490107,13,2.0,-11109
30.811949814241135,15,1.0,-10143
30.812528220808098,5,1.0,0
30.81324276323158,15,4.0,-9780
30.813483479813417,15,5.0,-10278
30.814009035929672,13,4.0,-11125
30.815088483335213,13,2.0,-11040
30.816059603495788,14,11.0,-11287
30.81634403433786,15,2.0,-10415
30.817148745585893,13,1.0,-11174
30.81739386874382,17,4.0,-6634
30.81758140959138,15,2.0,-10043
30.81851755477578,17,3.0,-944
30.818948474157217,15,1.0,-9949
30.81991429038486,13,3.0,-11090
30.820828883606154,11,5.0,7704
30.823011873295997,17,3.0,-3879
30.82513320136742,15,7.0,-10112
30.825293968512963,15,4.0,-9950
30.825858424682377,15,5.0,-9773
30.82810139236578,14,8.0,-11294
30.82818235879989,13,6.0,-11270
30.832085791651387,14,1.0,-11282
30.832455465851243,15,1.0,-10055
30.832885770364637,15,1.0,-10075
30.833470797973604,5,3.0,0
30.833996603324138,17,1.0,-6663
30.834974043861717,13,1.0,-11071
30.836897481309578,5,7.0,0
30.837504875622976,17,3.0,-5362
30.8386125561311,15,15.0,-10126
30.8407227830292,14,4.0,-11142
30.841491664960312,15,1.0,-10093
30.843162172458264,17,3.0,-1826
30.843284985234597,17,1.0,-6474
30.84408849647836,14,10.0,-11317
30.84410182155551,13,1.0,-11239
30.84446605706686,15,1.0,-10114
30.84596560598009,13,11.0,-11209
30.84738157696629,5,3.0,0
30.847548795010113,13,1.0,-11306
30.848240286034883,15,2.0,-9747
30.849474247098616,15,4.0,-10251
30.85009193809473,13,1.0,-11050
30.850337016329398,14,1.0,-11176
30.851213729896344,15,3.0,-10335
30.851947208165182,17,1.0,-8445
30.85332424884397,15,1.0,-10008
30.853701204286914,15,6.0,-9874
30.854015083326235,5,1.0,0
30.856712492912216,15,1.0,-10166
30.857059697404967,5,1.0,0
30.857834101612934,15,2.0,-10361
30.858044369000893,17,12.0,-5272
30.85882810409782,14,1.0,-11113
30.859584246106458,5,6.0,0
30.85959595370466,13,1.0,-11263
30.86034084025542,5,2.0,0
30.862674603710087,15,1.0,-10065
30.86382448918987,15,8.0,-10027
30.86382448918987,17,8.0,-10027
30.864554579884935,14,4.0,-11300
30.866423907873216,13,1.0,-11048
30.8665550386065,13,1.0,-11227
30.866626452228726,14,4.0,-11212
30.867690822541725,15,4.0,-10177
30.867711988689205,13,1.0,-11218
30.86890929184508,15,2.0,-9926
30.869562154636494,17,7.0,-6986
30.869850084488217,15,54.0,-10117
30.87163294213085,13,1.0,-11115
30.872499750111476,5,2.0,0
30.87308843606655,5,1.0,0
30.873587832420057,15,2.0,-10060
30.87460432249295,15,2.0,-9879
30.877437344288523,15,4.0,-9853
30.877467063472896,13,1.0,-11175
30.87800856430416,15,1.0,-9819
30.87825530240432,16,7.0,6145
30.878390729433065,15,6.0,-10133
30.87847540199362,17,1.0,-4212
30.88264025229383,15,6.0,-9843
30.883250770024752,14,10.0,-11228
30.885018331530507,15,2.0,-10363
30.885336980881466,15,2.0,-9739
30.885789669591,16,5.0,6917
30.88717304331538,5,4.0,0
30.887349630392272,15,1.0,-10275
30.88748977376246,15,2.0,-10129
30.888448648188827,13,5.0,-11136
30.889239976616285,5,7.0,0
30.890527700360405,15,23.0,-9927
30.89380939750083,15,1.0,-10215
30.896114450170245,15,1.0,-9941
30.896511092523202,15,1.0,-9887
30.900161631611113,15,4.0,-9894
30.900976666768496,14,5.0,-11106
30.90098312703399,15,1.0,-9875
30.904589809136,14,2.0,-11100
30.904899567880566,13,13.0,-11233
30.90671027772704,13,2.0,-11249
30.90699381193927,14,3.0,-11252
30.90738720241953,14,3.0,-11126
30.908169241798042,17,1.0,-5476
30.908797594411457,5,5.0,0
30.91132445984948,17,1.0,-7138
30.913583184096428,17,5.0,-6704
30.913872223505752,5,7.0,0
30.914269646406648,15,3.0,-10052
30.914943548464173,17,1.0,-8327
30.915012060118542,15,10.0,-10097
30.917854193559375,15,2.0,-10257
30.918843867752525,13,11.0,-11284
30.91949928038269,17,1.0,-9719
30.92031160539862,15,2.0,-10198
30.920437506309607,17,2.0,-6854
30.92080748885616,13,7.0,-11052
30.9228098212727,15,2.0,-9804
30.923309337341053,15,3.0,-10041
30.923619497292567,14,2.0,-11226
30.92458928022841,14,1.0,-11101
30.924997940452126,15,1.0,-9886
30.925823402967488,15,1.0,-10409
30.926548534153063,5,10.0,0
30.927534292123532,14,6.0,-11196
30.927939043274346,15,5.0,-10009
30.92800653890239,17,56.0,-6526
30.928071674436147,5,1.0,0
30.928791607587108,15,1.0,-10414
30.930517157379068,17,2.0,-9367
30.934229799777043,15,6.0,-9750
30.934871836150087,5,5.0,0
30.936025823792512,13,1.0,-11281
30.936717455120164,15,1.0,-10234
30.937562611675975,5,1.0,0
30.93820621780957,13,3.0,-11069
30.9389230025276,13,2.0,-11080
30.940269185036925,15,3.0,-9965
30.940337149393365,13,1.0,-11194
30.94385151992539,7,1.0,7718
30.94402523642891,15,2.0,-10121
30.946459387637145,15,4.0,-9810
30.94800525881717,13,3.0,-11171
30.948021545928057,17,2.0,-6280
30.948237371202126,15,2.0,-9806
30.948454319497653,17,1.0,-7189
30.949897796539425,13,2.0,-11164
30.949917200301467,14,3.0,-11272
30.950167520331476,15,1.0,-10374
30.950401392190294,15,4.0,-9939
30.9505128869714,15,2.0,-9975
30.950575806238934,15,2.0,-9809
30.950937907113563,5,2.0,0
30.951404258065985,17,2.0,-6346
30.951765993602322,5,4.0,0
30.952823113365657,15,3.0,-10159
30.953651164287024,15,5.0,-10018
30.954846734296304,13,1.0,-11049
30.955510320287033,13,6.0,-11217
30.955633336610234,15,2.0,-9913
30.959508300395488,14,4.0,-11235
30.959745005455726,15,2.0,-10317
30.959745005455726,17,2.0,-10317
30.96017246030739,13,2.0,-11215
30.960421144873806,15,15.0,-10273
30.961405084882145,5,4.0,0
30.961470871658577,17,2.0,-7767
30.962280290769687,15,21.0,-9748
30.96519422147014,14,2.0,-11122
30.96734900899218,5,2.0,0
30.967616683969858,14,4.0,-11216
30.967892884344963,15,46.0,-9942
30.972650285077222,15,1.0,-10045
30.974303244824505,13,1.0,-11147
30.975139973966506,17,1.0,-8800
30.976658292016708,15,1.0,-10204
30.97864033011976,15,5.0,-10147
30.979713072652093,13,9.0,-11150
30.980146855370265,15,4.0,-10067
30.980238446965203,13,1.0,-11173
30.980472064780685,13,2.0,-11295
30.98162103728933,16,1.0,5713
30.983093722085645,5,2.0,0
30.984533953397044,13,2.0,-11086
30.984537950626844,16,8.0,7569
30.98469576416015,16,16.0,542
30.985118750334944,17,11.0,-8300
30.9859379415923,15,5.0,-9900
30.986269835962993,16,8.0,7673
30.986644239216357,15,1.0,-10035
30.987416159161867,15,3.0,-10169
30.989307023972295,15,3.0,-10266
30.989358283748828,17,4.0,-1515
30.98942754240868,17,2.0,-7589
30.989605020839864,17,1.0,-8454
30.990092386975082,15,7.0,-10125
30.990092386975082,17,7.0,-10125
30.992269720807272,15,1.0,-10423
30.992769670790523,15,28.0,-10405
30.992842880671635,17,2.0,-8241
30.996922418106113,5,3.0,0
30.9975136118107,14,5.0,-11303
30.997608973427006,15,2.0,-10012
30.99805543381687,5,1.0,0
30.998885269476176,113,50.0,-11258
30.999901531033448,14,1.0,-11030
31.000689050525324,17,2.0,-7254
31.001453749215518,15,1.0,-10368
31.005105705595543,13,1.0,-11440
31.006890061333284,5,8.0,0
31.012138098609938,16,4.0,6993
31.013463211034573,13,2.0,-11404
31.017131764265315,16,1.0,5345
31.017816154277583,15,4.0,-10644
31.018016550557356,15,2.0,-10232
31.018793221995708,15,1.0,-10492
31.019234435949702,15,1.0,-10681
31.02343244784894,15,2.0,-10457
31.024970906026184,17,53.0,-8929
31.026377024303713,15,3.0,-10161
31.02652698201604,17,2.0,-10406
31.029555592445746,15,2.0,-10702
31.029673139985466,13,1.0,-11416
31.030209741066404,15,5.0,-10178
31.031615427749912,15,4.0,-10373
31.035398729729973,5,1.0,0
31.03645686087353,15,6.0,-10670
31.038751043828615,15,1.0,-10504
31.0406322249468,15,1.0,-10531
31.041292444084082,15,6.0,-10259
31.04136115687152,15,1.0,-10342
31.042891334324732,14,20.0,-11365
31.04545833235438,15,2.0,-10534
31.0472050803595,15,2.0,-10572
31.050484729689366,5,1.0,0
31.051430518022656,15,1.0,-10269
31.05172869108137,16,49.0,3684
31.052220455060787,14,1.0,-11349
31.056260368851266,16,1.0,4384
31.057295324944995,15,1.0,-10313
31.057572481871848,15,3.0,-10494
31.05779074849008,15,6.0,-10422
31.05812279154772,13,2.0,-11340
31.059885319925478,5,2.0,0
31.06071729258417,16,42.0,2003
31.061164498153563,13,2.0,-11411
31.06136358899251,17,1.0,-9823
31.06240146338944,13,27.0,-11405
31.063386231313743,13,1.0,-11445
31.066146459230836,13,1.0,-11431
31.06869200170505,14,3.0,-11435
31.0687408907347,14,4.0,-11352
31.071447175160806,16,3.0,6620
31.071880487991216,17,2.0,-2383
31.072670373607398,17,1.0,-6649
31.07280639715856,113,47.0,-11362
31.078700388329395,5,3.0,0
31.081182765763007,15,2.0,-10268
31.083733693036145,14,2.0,-11438
31.08401648887111,15,5.0,-10370
31.084522880038993,13,15.0,-11443
31.08478567442303,15,2.0,-10300
31.08494022003447,5,3.0,0
31.087731645809548,6,2.0,7711
31.09060438600241,14,5.0,-11427
31.093545814239903,14,2.0,-11423
31.09442489902259,16,1.0,4863
31.094770307847508,17,15.0,-8551
31.09643095573437,15,2.0,-10448
31.09720618109753,15,5.0,-10621
31.098777979659076,13,31.0,-11367
31.099571370653962,15,2.0,-10351
31.10023109059769,5,2.0,0
31.101504756386454,15,21.0,-10182
31.102050185325144,15,3.0,-10281
31.10524148009711,15,1.0,-10244
31.10814583227752,13,8.0,-11373
31.10855967710348,15,1.0,-10623
31.10855967710348,17,1.0,-10623
31.110760542348235,15,4.0,-10515
31.115950304526958,15,2.0,-10240
31.120952796517923,17,1.0,-4174
31.122152218240057,5,4.0,0
31.12296077178049,14,3.0,-11398
31.127522749335103,17,1.0,-6686
31.128467174741864,16,35.0,4885
31.12911564775885,15,3.0,-10152
31.129797424423252,15,1.0,-10412
31.130408841591098,17,2.0,-7165
31.130780565353795,13,3.0,-11325
31.13089079311804,15,4.0,-10603
31.132683828627986,5,3.0,0
31.136904014337073,17,3.0,-3255
31.137807967244175,15,2.0,-10418
31.139930139552874,5,1.0,0
31.1401610935845,15,1.0,-10562
31.140490898456097,14,6.0,-11354
31.14134406230306,13,2.0,-11357
31.14164022500604,15,2.0,-10180
31.143043562747334,15,1.0,-10407
31.143197367026563,16,4.0,5877
31.144809489346734,15,2.0,-10498
31.14698683033666,16,4.0,2243
31.147286049348857,15,6.0,-10282
31.14920725682663,5,2.0,0
31.1543814540471,7,1.0,7693
31.15474820580396,14,1.0,-11350
31.155927131251957,15,1.0,-10543
31.156675175330943,17,4.0,-2850
31.15857525315101,14,2.0,-11413
31.1592161339296,17,1.0,-9575
31.161638400592267,17,2.0,-3368
31.163021557619672,14,3.0,-11400
31.163333744724273,15,1.0,-10629
31.163463551975287,15,6.0,-10486
31.16515859878298,13,1.0,-11322
31.165599810771727,14,1.0,-11368
31.17136280744929,15,4.0,-10489
31.171842655250504,5,6.0,0
31.172835486711328,13,1.0,-11334
31.172872280543665,15,2.0,-10554
31.17548403776418,15,2.0,-10326
31.175869564516425,15,1.0,-10431
31.17830590243804,16,1.0,6587
31.17900228617414,15,6.0,-10336
31.179205650630323,5,3.0,0
31.18219477670315,5,1.0,0
31.18968428381749,15,4.0,-10292
31.191167063032818,5,2.0,0
31.193263876242003,13,1.0,-11321
31.198076388252524,14,1.0,-11338
31.199146513370135,17,2.0,-1879
31.199896285824174,5,3.0,0
31.200073412773033,13,3.0,-11420
31.204338787643163,15,10.0,-10725
31.206364908497136,15,2.0,-10640
31.207960715574185,17,1.0,-6706
31.21155597100135,5,1.0,0
31.216500200686447,13,2.0,-11429
31.216677551545242,16,13.0,164
31.21769431783276,13,4.0,-11327
31.21844753746855,5,1.0,0
31.219767303625893,17,1.0,-195
31.221115912756243,5,2.0,0
31.22323991498295,16,1.0,5496
31.224617518073547,15,31.0,-10413
31.225468330714634,13,1.0,-11384
31.225925210957563,5,1.0,0
31.22722915343155,17,2.0,-9321
31.230918447968723,15,2.0,-10661
31.232311799113667,13,2.0,-11422
31.235092646568273,5,1.0,0
31.23819391843179,13,2.0,-11328
31.23861265138101,15,8.0,-10608
31.23861265138101,17,8.0,-10608
31.238663739790095,17,2.0,-1676
31.23900019727015,17,3.0,-4653
31.239969106347953,5,2.0,0
31.24087308977273,15,2.0,-10642
31.241939829445005,15,12.0,-10665
31.244701814876795,5,1.0,0
31.245733691167782,5,1.0,0
31.245838689981206,15,8.0,-10283
31.246004136876234,15,6.0,-10625
31.24708489350818,17,1.0,-14
31.24712958944379,14,3.0,-11339
31.248665186493884,14,3.0,-11454
31.25569682974803,5,2.0,0
31.25784901824195,15,2.0,-10480
31.260296863345683,5,4.0,0
31.26135481559726,15,1.0,-10205
31.263387104099248,5,1.0,0
31.26960357459426,15,3.0,-10164
31.270464126662734,15,3.0,-10697
31.271005830145306,15,3.0,-10311
31.2789011149693,5,6.0,0
31.279072581023776,13,1.0,-11432
31.281623275169935,14,1.0,-11392
31.282695524047416,14,4.0,-11428
31.283343093958422,16,6.0,3227
31.28612733598526,15,1.0,-10536
31.287106796114735,15,2.0,-10175
31.288192015421945,15,2.0,-10160
31.288369019050396,5,2.0,0
31.293625659008583,15,1.0,-10437
31.29557949631532,16,8.0,1392
31.295853317058615,15,4.0,-10186
31.301591275038128,15,1.0,-10238
31.302990136477,16,1.0,4114
31.303594885379823,13,2.0,-11433
31.305168793706567,15,1.0,-10276
31.306387758360415,13,1.0,-11430
31.30748046892724,15,3.0,-10347
31.307781974636487,14,2.0,-11344
31.311150092189276,15,4.0,-10535
31.312213981370427,5,3.0,0
31.312271268625548,15,1.0,-10541
31.312305509752733,5,4.0,0
31.314179655283482,15,4.0,-10556
31.31490880459048,15,1.0,-10586
31.316247573096405,15,1.0,-10688
31.318188659332165,16,2.0,4365
31.31842013465295,15,6.0,-10424
31.31990245612447,15,1.0,-10715
31.32119711309286,13,3.0,-11393
31.322744110364095,14,3.0,-11442
31.322881545776998,5,2.0,0
31.32565420992721,16,7.0,6547
31.32746935286546,5,1.0,0
31.330109067957807,16,3.0,6200
31.33138701041771,14,2.0,-11403
31.334058330830413,5,1.0,0
31.337059434827943,15,1.0,-10633
31.337059434827943,17,1.0,-10633
31.338307946023242,16,2.0,4504
31.338918113244404,5,1.0,0
31.339671747016727,5,1.0,0
31.349885333034234,16,2.0,6356
31.35215759383928,15,3.0,-10508
31.352954901214744,15,3.0,-10460
31.355801635421592,16,2.0,7579
31.358960687123396,5,3.0,0
31.36029697328369,15,3.0,-10691
31.367139443881165,15,3.0,-10386
31.36758907530509,16,1.0,3912
31.369622653630255,5,2.0,0
31.371228329045774,15,3.0,-10429
31.372419884995594,5,2.0,0
31.376560968873914,15,4.0,-10595
31.377816151553787,15,2.0,-10183
31.378969029247756,15,57.0,-10410
31.387463506767062,5,3.0,0
31.38819336067653,15,3.0,-10400
31.39162236479175,17,1.0,-4825
31.393502978737025,5,4.0,0
31.394312553931815,13,3.0,-11407
31.396324361912704,16,1.0,2425
31.398294555323645,15,1.0,-10575
31.399910742584602,5,23.0,0
31.400315782866528,15,20.0,-10224
31.40660577874291,15,2.0,-10369
31.407718435298154,14,1.0,-11439
31.413552826655877,5,5.0,0
31.419124066761803,17,1.0,-9364
31.42007777950714,10,2.0,7706
31.420103288206647,15,2.0,-10538
31.42016459170319,15,1.0,-10421
31.421000270287358,17,2.0,-4830
31.42262408843887,13,1.0,-11390
31.42429914199986,15,4.0,-10615
31.42592520719083,15,2.0,-10372
31.426148932953637,17,3.0,-6760
31.427256973229227,17,1.0,-6434
31.428652210973798,17,2.0,-7734
31.428927379717397,15,2.0,-10540
31.429550356192276,5,3.0,0
31.431204931468685,5,4.0,0
31.432950543846143,5,4.0,0
31.43734431700769,15,7.0,-10146
31.437802543885436,5,1.0,0
31.438860329551556,15,2.0,-10250
31.44102938564106,16,6.0,1434
31.44146426863543,13,1.0,-11359
31.441520600090954,15,3.0,-10673
31.442605513958764,5,2.0,0
31.44397496135995,15,1.0,-10517
31.4442106555759,13,2.0,-11389
31.44494977603968,5,6.0,0
31.447237479889214,15,3.0,-10627
31.450707960260917,17,3.0,-3780
31.45097388580724,15,1.0,-10221
31.453941474064386,16,3.0,5281
31.455125999124395,13,1.0,-11380
31.45658348115461,15,2.0,-10432
31.457234588387564,5,2.0,0
31.458961668604854,5,4.0,0
31.45986129837001,5,3.0,0
31.461867256249903,15,2.0,-10657
31.463988818821935,5,10.0,0
31.46477774904382,5,6.0,0
31.471652231028354,15,1.0,-10655
31.472201451746873,5,10.0,0
31.47244879975673,17,1.0,-7292
31.4729124383245,16,26.0,2888
31.473998314783042,17,9.0,-7861
31.47660113444011,15,4.0,-10289
31.47674961826882,13,1.0,-11425
31.478579030651456,14,3.0,-11358
31.47907404816118,17,3.0,-2327
31.480161657826613,5,4.0,0
31.48519268376492,15,3.0,-10314
31.485197322861442,5,8.0,0
31.485270538359245,16,6.0,2535
31.48661540326079,5,1.0,0
31.48711629315094,17,11.0,-7782
31.488160067523445,15,5.0,-10442
31.48843817407052,15,1.0,-10445
31.488848416723624,15,2.0,-10501
31.491587475128707,17,1.0,-7323
31.4920884558439,15,4.0,-10440
31.496178644359567,15,2.0,-10693
31.496949907167494,5,6.0,0
31.497277181390544,14,2.0,-11330
31.499110888902543,14,56.0,-11355
31.501232132571023,14,4.0,-11415
31.501671516214046,17,5.0,-7680
31.50180301123991,15,1.0,-10293
31.50195274324582,15,2.0,-10212
31.50195875306483,15,1.0,-10379
31.502759248532865,5,3.0,0
31.503460514758572,5,4.0,0
31.503633200454818,17,2.0,-5949
31.50375839687804,17,4.0,-5622
31.506555372272214,14,9.0,-11395
31.508587098085663,15,1.0,-10520
31.50882871524065,17,3.0,-4347
31.509269624869983,17,5.0,-4098
31.509349948668568,15,1.0,-10249
31.509566560877417,15,2.0,-10459
31.511748072686977,15,1.0,-10532
31.511934728763816,15,2.0,-10635
31.512307782126566,15,2.0,-10357
31.51263516444691,15,2.0,-10542
31.515124412837647,15,2.0,-10624
31.516441508147576,17,2.0,-7065
31.516998872809026,15,2.0,-10466
31.51750675888705,15,6.0,-10371
31.518355581345617,13,2.0,-11410
31.52014794062482,15,4.0,-10695
31.52050806212965,5,1.0,0
31.521576917736418,5,2.0,0
31.5242979001694,5,4.0,0
31.52434262715809,15,12.0,-10260
31.52466275115018,17,5.0,-7893
31.52514996297218,16,1.0,5588
31.52676160763798,16,5.0,7636
31.529817321257728,16,6.0,7302
31.530993470958506,13,1.0,-11351
31.534864732680155,5,3.0,0
31.53884888011679,15,8.0,-10304
31.541347614368153,17,14.0,-6623
31.54252442094849,16,4.0,7187
31.546136392208886,14,2.0,-11369
31.546841188459787,13,57.0,-11324
31.546855722234298,15,3.0,-10706
31.547818466668403,16,9.0,6574
31.547878385943267,5,8.0,0
31.549959919367453,15,5.0,-10453
31.550143216142775,15,1.0,-10181
31.550581978998324,16,31.0,4132
31.55100779341896,15,1.0,-10353
31.554888842516608,17,3.0,-6933
31.55533769458304,14,3.0,-11419
31.559391690126795,16,2.0,3954
31.56061130494623,15,7.0,-10246
31.560719620987143,15,1.0,-10600
31.56370608498226,15,2.0,-10309
31.563724282224843,5,4.0,0
31.564243657031,15,24.0,-10452
31.564378711218275,13,1.0,-11342
31.566289929668095,13,6.0,-11366
31.567393453399124,5,1.0,0
31.56890863630451,5,2.0,0
31.57047667762024,13,2.0,-11447
31.570795843207147,5,3.0,0
31.57114464035451,5,1.0,0
31.571286416969826,15,2.0,-10157
31.572524556861612,14,2.0,-11356
31.573873718513017,15,4.0,-10168
31.575393406923563,17,3.0,-7679
31.575797805304806,15,7.0,-10358
31.578915162292844,16,1.0,5763
31.57918005925692,16,9.0,291
31.57989272587536,15,1.0,-10320
31.581035759792538,16,5.0,1257
31.584972652076345,17,3.0,-7534
31.591440436469867,13,2.0,-11408
31.591709519537382,17,4.0,-7032
31.5919191713433,16,10.0,3509
31.592580553611906,15,3.0,-10684
31.592856479701698,15,2.0,-10322
31.593680058617515,15,20.0,-10220
31.593951522714885,15,11.0,-10483
31.594138274992527,15,10.0,-10564
31.595349896153994,13,1.0,-11336
31.596397162704584,14,5.0,-11331
31.598902232254993,13,3.0,-11323
31.59942803047717,5,6.0,0
31.599878415711785,5,1.0,0
31.600677884546357,17,5.0,-7389
31.60089124231126,15,1.0,-10305
31.60169498544494,13,3.0,-11417
31.60479319212169,16,36.0,2064
31.607514991124866,15,1.0,-10686
31.6080316657364,5,3.0,0
31.608222954959384,15,1.0,-10307
31.60938710950569,17,6.0,-6606
31.613135460023038,5,2.0,0
31.614221183840904,15,2.0,-10286
31.61702383245393,17,4.0,-9498
31.618486269034094,15,15.0,-10170
31.619362465527786,15,14.0,-10439
31.619786930619,13,4.0,-11388
31.621426550264562,15,1.0,-10190
31.62151459904039,15,2.0,-10450
31.622430548108706,15,2.0,-10288
31.62402208647857,17,3.0,-6294
31.625662053597512,15,5.0,-10330
31.625765916180807,13,1.0,-11399
31.626428541938544,15,2.0,-10239
31.62684345400816,17,2.0,-7160
31.62685975903863,17,1.0,-733
31.628295387363174,14,4.0,-11452
31.628477809727613,5,1.0,0
31.629450245037948,15,3.0,-10467
31.63069330222639,14,5.0,-11382
31.630811637677063,15,5.0,-10210
31.6312198942355,15,2.0,-10704
31.63179879684926,15,2.0,-10672
31.63533561461889,13,8.0,-11348
31.635459224136277,14,5.0,-11341
31.635740736977773,15,2.0,-10444
31.638415771598726,15,4.0,-10237
31.63883198259291,15,3.0,-10367
31.63883198259291,17,3.0,-10367
31.642069071901442,17,2.0,-7117
31.64246542120431,5,1.0,0
31.643010632999456,13,4.0,-11374
31.64474457180055,15,1.0,-10285
31.64498259695095,16,2.0,6528
31.64499814520897,13,1.0,-11371
31.647740868019625,5,6.0,0
31.65010141463368,15,1.0,-10163
31.65100836141811,17,2.0,-802
31.654750625231454,17,9.0,-6444
31.65565641096003,15,1.0,-10390
31.65645694825036,13,3.0,-11333
31.658201764212336,15,3.0,-10191
31.658326338048134,15,3.0,-10349
31.660192167883864,17,1.0,-7259
31.661192901667086,17,1.0,-3376
31.6646335568896,13,2.0,-11446
31.665964889354722,15,2.0,-10315
31.66600619935048,15,1.0,-10270
31.666451403251617,13,1.0,-11412
31.667818980607922,13,1.0,-11421
31.66887093191015,15,5.0,-10208
31.66978541579531,17,3.0,-7997
31.671905250601757,15,6.0,-10479
31.672270160203414,5,4.0,0
31.672544166861304,17,4.0,-6830
31.67544327593942,16,3.0,7529
31.676658531967185,5,1.0,0
31.677281280532345,17,1.0,-5113
31.67810417941734,13,1.0,-11372
31.678970092180723,15,1.0,-10571
31.67910710101216,5,1.0,0
31.679547409888087,5,3.0,0
31.680675478700305,15,3.0,-10151
31.68295434174867,17,1.0,-3087
31.683084567071393,15,4.0,-10333
31.684023127873317,15,5.0,-10678
31.685120758916728,13,4.0,-11453
31.68756758188986,15,1.0,-10612
31.690853552183682,15,8.0,-10463
31.690984767343746,15,15.0,-10557
31.691799712918137,15,3.0,-10578
31.69260413425459,17,2.0,-9881
31.693288861085342,17,3.0,-6129
31.693896224650025,15,2.0,-10587
31.695298193048963,13,2.0,-11387
31.695833641180332,5,3.0,0
31.696013823377957,15,7.0,-10297
31.696797270690464,5,7.0,0
31.697640192123686,5,1.0,0
31.69855213609598,13,1.0,-11441
31.699727814182566,15,3.0,-10392
31.700193457638928,15,1.0,-10598
31.70217676540397,15,1.0,-10229
31.70232191443906,15,2.0,-10154
31.702322157473215,5,3.0,0
31.702336074367466,15,2.0,-10428
31.70318016931308,15,3.0,-10362
31.703741389098752,17,3.0,-5932
31.704590864876703,5,8.0,0
31.7089408449109,13,3.0,-11386
31.712831427695164,5,9.0,0
31.714166097707388,5,1.0,0
31.715676306942814,16,11.0,5852
31.717788983207207,15,1.0,-10699
31.721567943146024,15,3.0,-10299
31.72239277073781,5,5.0,0
31.722665986755153,15,6.0,-10488
31.724191924001566,15,1.0,-10264
31.725336946443903,15,1.0,-10417
31.72544942470663,13,1.0,-11396
31.726671120330735,15,2.0,-10242
31.728060449224163,15,2.0,-10482
31.72943793243379,15,3.0,-10716
31.729750134289958,15,29.0,-10443
31.73032169423564,13,3.0,-11448
31.730704451852034,10,45.0,7715
31.731430071649367,14,1.0,-11436
31.73217435761178,15,1.0,-10290
31.732306073415398,15,5.0,-10696
31.73334660871017,13,3.0,-11406
31.733351580131767,17,2.0,-3415
31.739916182688226,16,4.0,4263
31.7405510853053,5,4.0,0
31.74371457665959,17,1.0,-6345
31.74632452189165,15,1.0,-10607
31.747174103785376,1,2.0,7721
31.747255269631886,5,5.0,0
31.748143471129094,17,2.0,-8190
31.757437428334832,16,2.0,6280
31.757722793484405,15,6.0,-10376
31.758898990130305,15,8.0,-10491
31.75912653384156,13,1.0,-11337
31.759596346592783,5,3.0,0
31.764593233809567,15,1.0,-10527
31.767005393137737,15,2.0,-10500
31.768535382624318,13,3.0,-11424
31.769959978149508,13,14.0,-11353
31.774038972954575,13,2.0,-11363
31.774911841597334,5,2.0,0
31.775883793858608,13,3.0,-11364
31.77607324664773,16,1.0,6027
31.776478440143556,15,1.0,-10218
31.777253680474544,13,3.0,-11360
31.777277975957553,15,3.0,-10660
31.778459374454037,5,3.0,0
31.78099585792944,15,1.0,-10236
31.78109750832901,15,4.0,-10233
31.782340540459735,15,3.0,-10332
31.784678741441915,15,1.0,-10637
31.786227519794814,13,5.0,-11409
31.786351836127086,13,1.0,-11397
31.78680543269256,17,1.0,-6811
31.786976675429994,113,41.0,-11385
31.787438455890502,16,1.0,235
31.788734949962347,15,2.0,-10253
31.789011276299817,5,3.0,0
31.789191049965105,14,4.0,-11402
31.789565067240236,13,1.0,-11347
31.7909502726501,5,6.0,0
31.795104523647954,17,3.0,-6734
31.795967634268965,15,1.0,-10577
31.798528450096285,17,6.0,-4750
31.799651955656515,15,3.0,-10382
31.80059598003431,15,12.0,-10263
31.80105735091191,14,3.0,-11335
31.801262417991996,15,4.0,-10225
31.801791808095118,16,1.0,2806
31.805312990223413,15,1.0,-10393
31.805638886013618,15,1.0,-10318
31.807054269705876,17,1.0,-8399
31.807196179428093,17,2.0,-7980
31.807459910374902,14,1.0,-11320
31.81624432984763,15,2.0,-10718
31.819928091971324,15,13.0,-10549
31.819928091971324,17,13.0,-10549
31.82066136446359,17,3.0,-5414
31.82082004626058,15,1.0,-10685
31.822245894327096,17,3.0,-7655
31.82382787334947,13,2.0,-11326
31.823936378949284,5,5.0,0
31.824005653937572,15,2.0,-10329
31.824442935155663,17,1.0,-4479
31.825218559829707,15,2.0,-10321
31.828009549526445,13,1.0,-11346
31.828376543462614,15,1.0,-10602
31.829755681317046,16,1.0,5849
31.829998664267872,13,1.0,-11332
31.830600105854312,15,8.0,-10701
31.831482547405603,17,17.0,-8289
31.833042944060487,13,1.0,-11418
31.833319790068632,5,1.0,0
31.83550679855037,15,1.0,-10171
31.835853130776297,15,5.0,-10652
31.837731338375043,15,2.0,-10231
31.83917584763346,15,17.0,-10477
31.842306019819578,15,1.0,-10470
31.84606662730971,7,10.0,7707
31.85236128462268,5,2.0,0
31.853296000624045,17,1.0,-5099
31.85504201015187,15,5.0,-10331
31.855676122617588,17,3.0,-8164
31.85638749605615,14,2.0,-11401
31.85987441971969,15,5.0,-10366
31.86235238224281,15,3.0,-10350
31.86537237809425,15,2.0,-10667
31.86682805104564,15,1.0,-10438
31.86713475565665,15,2.0,-10200
31.867809601394338,17,16.0,-4882
31.869772778990598,17,2.0,-7826
31.873078356132645,3,52.0,7722
31.87596678545264,17,1.0,-1326
31.87767361198772,13,2.0,-11376
31.879364676960147,17,3.0,-5630
31.88049100765074,17,2.0,-1456
31.881193927116705,15,1.0,-10211
31.88287431903768,13,20.0,-11361
31.883323360933158,15,4.0,-10533
31.883444797081623,5,1.0,0
31.883943966945836,14,2.0,-11391
31.88837720990324,5,4.0,0
31.88852870280422,16,8.0,7614
31.889000674878346,15,6.0,-10585
31.889824357403963,15,1.0,-10338
31.890265733526054,5,1.0,0
31.893858784099418,113,50.0,-11394
31.896648072969278,13,2.0,-11450
31.898938981599706,14,4.0,-11377
31.900228664454,13,2.0,-11343
31.900450943872592,14,4.0,-11383
31.90049626914338,7,2.0,7705
31.901185580983544,16,2.0,5460
31.9021286963651,17,1.0,-7607
31.903283493591456,5,57.0,0
31.904268807712647,15,2.0,-10298
31.904663604297603,5,1.0,0
31.906462205548827,17,1.0,-9418
31.906738537499244,5,3.0,0
31.90773598506619,11,13.0,7720
31.909738570013552,15,2.0,-10303
31.91160751429494,17,4.0,-281
31.912824938469935,15,3.0,-10568
31.912881132555217,5,1.0,0
31.913338210825014,5,5.0,0
31.91470425365907,17,5.0,-5337
31.914813929262714,15,6.0,-10689
31.916397729465782,5,1.0,0
31.92191664891306,17,4.0,-2797
31.921946851244392,13,1.0,-11434
31.924090559006483,13,1.0,-11451
31.92845925026019,14,4.0,-11375
31.928474639040445,17,11.0,-3852
31.928621303625686,13,2.0,-11381
31.931298019449937,15,5.0,-10441
31.932948046330946,5,1.0,0
31.933039029674493,16,2.0,6650
31.934369504210057,16,1.0,7023
31.934634691137493,17,1.0,-8193
31.93817183586198,16,5.0,1864
31.938493918042376,15,5.0,-10378
31.939441524111395,15,4.0,-10192
31.93990183113031,13,2.0,-11379
31.940751206710203,13,2.0,-11437
31.941312531032906,5,5.0,0
31.94417486441696,17,1.0,-6743
31.945495669137514,15,7.0,-10680
31.94804349540802,17,24.0,-8820
31.948237371202126,17,2.0,-9806
31.94853860582235,15,8.0,-10255
31.94870830760577,15,3.0,-10354
31.94943471220048,13,3.0,-11345
31.949623569027352,17,1.0,-8263
31.950886543628073,13,3.0,-11444
31.95257201723204,15,1.0,-10703
31.954134054959187,16,4.0,6606
31.955075199264844,15,1.0,-10324
31.955848681701898,15,2.0,-10258
31.957092866507622,14,1.0,-11378
31.958293247823327,15,2.0,-10707
31.95978393825713,17,5.0,-5569
31.960080365554315,17,1.0,-4582
31.9602009231293,5,2.0,0
31.96111877572424,15,2.0,-10193
31.962385847265075,17,1.0,-7735
31.96510934946135,17,16.0,-7232
31.96678619136059,15,7.0,-10638
31.96832349626069,11,6.0,7716
31.9700458423177,15,3.0,-10375
31.971195481187483,15,4.0,-10519
31.974548546299097,16,17.0,5274
31.974996976662933,5,1.0,0
31.97530408676989,15,2.0,-10516
31.977089418469063,16,2.0,3315
31.97856086845365,15,9.0,-10647
31.9793683505073,13,20.0,-11426
31.980698412609062,17,2.0,-7058
31.982560179564754,14,4.0,-11329
31.983334021565415,17,8.0,-6490
31.985764812204927,5,2.0,0
31.9862284335129,15,2.0,-10184
31.98669010872729,14,2.0,-11414
31.98979745814027,15,1.0,-10551
31.99176854084701,16,3.0,5290
31.993312482174442,15,1.0,-10310
31.99419382731196,13,5.0,-11370
31.995070868068122,6,3.0,7719
31.99552974238366,15,1.0,-10674
31.995628090777263,13,2.0,-11449
31.99588050053166,16,8.0,3917
31.99714911067872,15,1.0,-10356
31.997286030927235,15,3.0,-10272
32.0027012949353,15,1.0,-10649
32.003082525481105,5,4.0,0
32.005369320213994,13,1.0,-11494
32.00699902036548,15,2.0,-10711
32.00719431638089,5,6.0,0
32.007642396614635,13,2.0,-11505
32.0076836678267,15,21.0,-10796
32.00853438408191,17,1.0,-7144
32.01239862131939,15,3.0,-10786
32.01321774372646,14,2.0,-11522
32.01444604323026,13,2.0,-11501
32.02064894010274,13,5.0,-11508
32.02282438846369,15,1.0,-10976
32.022901805671786,13,1.0,-11509
32.02585378745999,13,1.0,-11585
32.02595176914227,14,7.0,-11580
32.02877985310128,15,3.0,-10495
32.02913111478641,5,36.0,0
32.03009018611849,13,5.0,-11455
32.03121369875776,5,12.0,0
32.033438432317254,13,1.0,-11488
32.03781498557716,15,2.0,-10539
32.037882986017436,15,2.0,-10451
32.04070725153678,15,31.0,-10471
32.04286032473007,5,1.0,0
32.04301665826245,15,9.0,-11005
32.04418269339498,14,4.0,-11517
32.04589252633979,13,2.0,-11507
32.04842202520653,13,2.0,-11468
32.04911459395618,14,3.0,-11469
32.050847638892876,5,4.0,0
32.050984681521534,15,1.0,-10775
32.051100829994034,15,7.0,-10563
32.05234062968695,15,1.0,-10870
32.05276236361668,14,4.0,-11574
32.05830985731393,15,3.0,-10784
32.05963899664055,15,2.0,-10617
32.060337933191384,13,3.0,-11576
32.060617742790505,15,2.0,-10994
32.06097764096745,17,3.0,-4929
32.06247022336239,15,4.0,-10683
32.06416705545606,15,3.0,-10616
32.067848608300146,16,5.0,4559
32.06826197520333,15,2.0,-10481
32.071313069345074,5,4.0,0
32.071601974774076,5,1.0,0
32.07187530071704,13,3.0,-11490
32.072775084234834,15,1.0,-10887
32.077418576909416,15,3.0,-10789
32.077915194840706,15,1.0,-10949
32.07956219690569,15,2.0,-10856
32.079686753460024,5,1.0,0
32.07979000592071,15,7.0,-10645
32.080531585463056,15,1.0,-10677
32.08141795588482,13,1.0,-11472
32.08286449710083,15,17.0,-11025
32.08373806068136,14,2.0,-11498
32.08468736842967,15,1.0,-10888
32.08608533786883,14,13.0,-11499
32.08668765094916,15,1.0,-10757
32.08957883543394,17,3.0,-3836
32.09046569670704,17,1.0,-5834
32.090555999286124,17,2.0,-9633
32.09112257773894,15,6.0,-10618
32.09359516618531,5,3.0,0
32.09373091420717,5,2.0,0
32.093992165215525,17,2.0,-9163
32.09510462256513,5,1.0,0
32.09575015248709,13,2.0,-11578
32.09626526960209,5,2.0,0
32.09642490970139,13,1.0,-11484
32.097127743234566,16,6.0,6836
32.097231941821406,15,1.0,-10639
32.097831214233395,5,7.0,0
32.09814529563736,15,2.0,-10730
32.099386957842576,5,1.0,0
32.0996066112113,13,1.0,-11528
32.099975534386296,15,8.0,-10619
32.10020138314254,5,2.0,0
32.10056655939468,5,5.0,0
32.101382836584655,15,2.0,-10679
32.10300960374743,13,1.0,-11533
32.10534843961013,14,3.0,-11547
32.1054648393942,15,6.0,-10902
32.10555023072188,15,1.0,-10526
32.10640860631837,17,5.0,-1455
32.10807855009963,13,5.0,-11514
32.10855258028845,16,54.0,1245
32.10974037162127,15,2.0,-10839
32.10995209396958,15,2.0,-11021
32.11122043550817,5,1.0,0
32.11123236179069,14,12.0,-11581
32.11190518706707,15,3.0,-10845
32.112266857932084,16,32.0,4539
32.11232325646478,13,14.0,-11572
32.11284653278688,15,1.0,-10589
32.11298902102095,5,7.0,0
32.11595030452696,17,2.0,-10240
32.12281533372383,1,6.0,7723
32.1233208396199,5,4.0,0
32.12523722131187,15,5.0,-10746
32.12834849003521,15,4.0,-10719
32.129269580649876,15,2.0,-10493
32.12949713809233,15,2.0,-10763
32.12956650390859,17,1.0,-9527
32.13075050537126,16,16.0,7327
32.13586800477625,5,2.0,0
32.13751998456152,5,5.0,0
32.13786478479847,17,1.0,-9920
32.138280554555365,5,1.0,0
32.13889305871275,5,1.0,0
32.13933070269915,17,4.0,-777
32.13953682234307,15,13.0,-10581
32.13983045446911,15,1.0,-10812
32.14176739938026,13,2.0,-11570
32.146301276386986,15,1.0,-10687
32.146622206937735,15,3.0,-10669
32.14768157321925,16,1.0,6782
32.15627995814642,15,2.0,-10553
32.1576112060371,5,3.0,0
32.15888122167438,13,1.0,-11586
32.160813648498454,5,2.0,0
32.16115489106607,15,3.0,-10946
32.16283379402644,15,2.0,-10799
32.167234985007795,15,1.0,-10720
32.167411165695434,13,1.0,-11473
32.1743761858376,13,1.0,-11559
32.17515028667695,16,6.0,7198
32.17544643666732,5,7.0,0
32.176248831193234,5,3.0,0
32.1769411605361,15,11.0,-10509
32.178385233109225,15,3.0,-10476
32.181375523464595,17,2.0,-3311
32.185556700088476,15,1.0,-10646
32.18968061738628,15,2.0,-10882
32.189720063614075,5,2.0,0
32.19070747352652,14,1.0,-11476
32.19072304728509,15,4.0,-10473
32.19484088107079,5,2.0,0
32.19515495530583,15,2.0,-10955
32.19668410537819,16,2.0,2926
32.19745362465196,15,4.0,-10810
32.19862886954806,17,1.0,-7464
32.198758431323725,13,1.0,-11549
32.198873455760385,5,3.0,0
32.19901092986633,15,1.0,-10590
32.200533970739684,5,8.0,0
32.201594877798584,15,2.0,-10455
32.20162095568122,15,1.0,-10892
32.203586888291845,17,1.0,-3608
32.20815239818897,16,57.0,2612
32.209702228762936,14,2.0,-11535
32.21098329672893,14,4.0,-11456
32.21143791411248,15,3.0,-10939
32.21395333318682,4,35.0,7724
32.21516246659309,5,1.0,0
32.217375978891084,17,1.0,-3324
32.217518158737434,15,1.0,-11020
32.21781850047083,16,2.0,2864
32.21783568919905,14,1.0,-11495
32.217864805946306,17,1.0,-3974
32.21788388721209,13,6.0,-11471
32.218027088556994,5,1.0,0
32.21879879131269,15,9.0,-10599
32.22026783489433,15,2.0,-10529
32.221203020628984,5,6.0,0
32.22132281273571,15,4.0,-10570
32.2214934377765,1,11.0,7725
32.22170794041894,17,10.0,-5549
32.22572027313986,15,5.0,-11018
32.22595336847559,15,1.0,-10980
32.22697364617556,15,1.0,-10569
32.22842489307489,5,2.0,0
32.23154344665572,15,3.0,-10588
32.23413993876683,15,2.0,-10503
32.23480671759887,17,1.0,-77
32.23885894746796,17,1.0,-7223
32.2441760337454,15,2.0,-10499
32.247129741243945,15,1.0,-10724
32.249191464224474,15,1.0,-10726
32.249786491545365,13,1.0,-11539
32.25025461254777,13,1.0,-11503
32.25084494950478,17,15.0,-9560
32.25091513537371,14,6.0,-11555
32.2525449050387,15,12.0,-10579
32.25513859404647,15,2.0,-10934
32.25590523299096,13,5.0,-11546
32.2567109796059,17,1.0,-5080
32.2575200713579,17,1.0,-10179
32.257619629094066,5,2.0,0
32.25787426941237,15,3.0,-10636
32.25868262395881,5,4.0,0
32.259059548603844,15,1.0,-10862
32.259151552383216,15,43.0,-10717
32.26070278237642,14,4.0,-11540
32.261147947563124,14,2.0,-11544
32.26204653131771,15,2.0,-10708
32.26391550080152,17,1.0,-8337
32.26460287532685,16,4.0,6601
32.2649422256182,15,1.0,-10957
32.265481962875405,15,1.0,-10899
32.26603416467572,5,8.0,0
32.266068307128414,5,3.0,0
32.266580123031346,17,8.0,-8284
32.26682695272593,113,47.0,-11457
32.267113888771114,5,1.0,0
32.26765171231596,5,1.0,0
32.268492138967,15,1.0,-10474
32.2700034343266,15,1.0,-10458
32.27211280601127,15,4.0,-10550
32.27213072123836,5,2.0,0
32.27236952080037,15,5.0,-10512
32.27299547038582,17,2.0,-8413
32.27337068413646,13,1.0,-11561
32.27405859632407,14,2.0,-11475
32.27802651326051,15,2.0,-10628
32.27835881909151,17,1.0,-8997
32.27951798206313,5,4.0,0
32.280103258407024,17,2.0,-10006
32.281339368464806,17,1.0,-43
32.282494433772456,15,1.0,-10548
32.28420122683239,15,4.0,-10671
32.285368458544745,15,3.0,-10605
32.286133589217,15,1.0,-10558
32.286428768841745,15,1.0,-10904
32.28738193758648,15,2.0,-10567
32.2875833842393,15,1.0,-10456
32.2877619498386,14,3.0,-11487
32.28928902415469,17,6.0,-5054
32.290912868771876,13,3.0,-11460
32.29232017751155,15,1.0,-10547
32.292588220788275,16,32.0,4617
32.29295571896646,15,3.0,-10973
32.293417232242554,15,5.0,-10502
32.2940669032817,5,2.0,0
32.2944698642672,14,2.0,-11554
32.29473715739456,15,25.0,-10722
32.297402724408315,16,23.0,6112
32.298841983811364,5,3.0,0
32.299916450198914,5,1.0,0
32.30064070505035,5,5.0,0
32.30067804723967,13,3.0,-11543
32.3014566194248,13,2.0,-11541
32.30161481472829,17,9.0,-40
32.30441223877314,5,14.0,0
32.30521076635823,15,2.0,-10478
32.310379667468965,17,1.0,-6323
32.315717970378095,15,5.0,-10807
32.31831460941639,13,7.0,-11523
32.31847957307563,15,6.0,-10559
32.31946531384386,5,5.0,0
32.319984426967125,14,1.0,-11466
32.32005007813225,14,10.0,-11582
32.3202670777382,14,5.0,-11588
32.32042276599295,17,2.0,-3918
32.32266705348875,15,1.0,-10518
32.327071975498846,16,1.0,1635
32.32853503536189,14,1.0,-11492
32.33058686353527,15,8.0,-10929
32.331137084867905,16,3.0,7167
32.33128907340802,5,1.0,0
32.33333336202295,5,1.0,0
32.33575553959545,15,1.0,-10760
32.33682678274385,15,3.0,-10840
32.33713830079383,15,1.0,-10537
32.33844806843272,15,3.0,-10582
32.33959669371106,15,1.0,-10734
32.3398336687475,17,2.0,-337
32.34058297353214,15,7.0,-10900
32.34058988143695,15,3.0,-10884
32.3442786623213,15,2.0,-10505
32.34667361325599,16,2.0,6787
32.348300124922574,15,2.0,-10774
32.34839096013288,5,3.0,0
32.34875776451793,15,3.0,-10601
32.34875776451793,17,3.0,-10601
32.35421617993824,17,7.0,-7863
32.35507016733942,13,1.0,-11510
32.35707666980983,17,2.0,-1056
32.36215526984222,15,4.0,-10731
32.366827595462446,17,2.0,-1368
32.367895701020245,15,1.0,-10468
32.36969325608761,17,1.0,-2846
32.37105340007009,15,6.0,-10604
32.37138957363999,15,1.0,-10664
32.37142093214631,14,1.0,-11583
32.37399142111573,15,2.0,-10651
32.3751601654004,15,1.0,-10714
32.3751601654004,17,1.0,-10714
32.37820909283301,13,7.0,-11531
32.37926966809892,5,9.0,0
32.380649537910486,1,1.0,7726
32.38617605583318,15,1.0,-11009
32.39060268424045,17,2.0,-5737
32.39484964633269,15,1.0,-10826
32.39484964633269,17,1.0,-10826
32.397234527339116,10,52.0,7722
32.40627216895432,15,5.0,-10648
32.40690782762411,5,2.0,0
32.408212982861855,13,1.0,-11482
32.41031884174954,14,7.0,-11563
32.41692932882188,17,2.0,-8708
32.417418791770196,17,1.0,-2658
32.417488742590876,13,9.0,-11502
32.417500080474724,5,2.0,0
32.41782398597325,17,2.0,-4288
32.41922849537758,15,5.0,-10831
32.41962052247412,15,7.0,-10659
32.42046945703051,15,3.0,-10814
32.42048442957901,15,6.0,-10692
32.424725837193094,5,4.0,0
32.428021981225996,5,4.0,0
32.42974888664435,17,4.0,-10214
32.43029876560568,17,3.0,-9850
32.43112362538027,13,42.0,-11479
32.432958611537615,15,1.0,-10797
32.43349205707812,15,4.0,-10676
32.434509271122934,16,23.0,6251
32.43557657754525,15,1.0,-10631
32.43629263710119,5,4.0,0
32.439071454538336,5,3.0,0
32.44071326609869,17,5.0,-8328
32.441430657376294,5,4.0,0
32.44641784476466,5,2.0,0
32.447717173194846,17,3.0,-4160
32.4496860423293,5,2.0,0
32.453496343144835,14,3.0,-11519
32.45422706887965,16,1.0,6780
32.4548576680315,15,2.0,-10770
32.457609112743974,15,1.0,-10853
32.458285268231435,14,1.0,-11461
32.458317366779035,15,1.0,-10985
32.45930647838818,5,2.0,0
32.461414874395146,11,45.0,7715
32.46351197673273,15,3.0,-10846
32.46558146120711,14,8.0,-11512
32.46979669360024,15,4.0,-10496
32.47215205195503,17,4.0,-3168
32.47409730794173,13,1.0,-11575
32.474868058078044,17,2.0,-9014
32.476444844702854,17,1.0,-5100
32.47733188007877,17,5.0,-6792
32.477902786964414,15,1.0,-10666
32.479175553812546,15,2.0,-10781
32.47938387824065,15,2.0,-10626
32.47944536216593,15,1.0,-10524
32.48239908759782,13,1.0,-11513
32.482789337408036,15,1.0,-10597
32.482789337408036,17,1.0,-10597
32.48288458596355,15,10.0,-10721
32.48348211244293,15,1.0,-10712
32.48488063569042,15,2.0,-10778
32.486598156590816,13,7.0,-11538
32.48721054046386,15,1.0,-10630
32.488192816426555,15,1.0,-10611
32.48895672809418,15,24.0,-10663
32.48938065428677,15,1.0,-10668
32.489509637014095,15,1.0,-10653
32.4896162347726,5,1.0,0
32.489694951993776,17,3.0,-6886
32.49109727251694,15,3.0,-10510
32.491198915822515,15,1.0,-10961
32.49294323999224,16,13.0,4258
32.493158493142595,5,1.0,0
32.49587735712539,17,4.0,-7354
32.4959368653807,15,5.0,-10485
32.498843851766075,5,4.0,0
32.49986954741265,15,2.0,-10613
32.50289500960289,15,3.0,-10803
32.503700961642316,14,2.0,-11459
32.50423567495224,17,2.0,-5111
32.50572582138012,17,5.0,-3062
32.505962204788155,15,1.0,-10913
32.50912848609184,16,10.0,6698
32.50983846377646,17,3.0,-5798
32.510187258087356,15,17.0,-10609
32.510410687202224,17,53.0,-7907
32.514389469924936,15,7.0,-10857
32.515712270334376,15,4.0,-10790
32.51615383094706,14,3.0,-11467
32.521331396565536,15,1.0,-11010
32.52360337403479,17,1.0,-2442
32.52439594140572,15,1.0,-10511
32.52596250372641,15,1.0,-10954
32.52983512448139,15,1.0,-10930
32.53089221061427,17,2.0,-7108
32.53098155310141,15,56.0,-10886
32.53115027602111,5,4.0,0
32.534376476634606,15,1.0,-10971
32.536321233771154,15,6.0,-10931
32.540278192767246,15,1.0,-10583
32.540413783082194,17,5.0,-6718
32.54683524312422,5,3.0,0
32.546922320716085,15,6.0,-10723
32.547592618336374,15,1.0,-10709
32.54775681761353,17,2.0,-6772
32.548270906872204,15,4.0,-10523
32.55171765317691,17,2.0,-5516
32.55217261821051,14,1.0,-11536
32.55523447921186,17,7.0,-6226
32.55799984163207,15,1.0,-10484
32.561527536342574,17,2.0,-4480
32.56169398908994,13,2.0,-11520
32.56417536169024,5,4.0,0
32.56454251007853,17,2.0,-8007
32.565801176241024,17,1.0,-8179
32.567733901459334,17,2.0,-10131
32.56806315545511,14,4.0,-11564
32.56888176765278,13,7.0,-11496
32.569716120812686,17,6.0,-10189
32.57161820165118,16,1.0,3112
32.573133757243006,15,12.0,-10522
32.57352112525077,15,1.0,-10641
32.57749250723276,13,1.0,-11515
32.57926468610905,5,3.0,0
32.58071072393889,15,1.0,-10591
32.58150190654195,15,1.0,-10829
32.5893177843048,17,2.0,-5690
32.596054116083636,5,1.0,0
32.59618045801153,15,1.0,-10885
32.59693381060951,5,3.0,0
32.59705263719793,17,3.0,-8466
32.59805866718651,15,1.0,-10944
32.59852933209225,5,1.0,0
32.59985552049315,13,1.0,-11483
32.600280096650934,15,5.0,-10593
32.60323063588877,17,5.0,-7349
32.608491385505076,15,1.0,-10710
32.61109777266866,17,5.0,-5802
32.61253904729253,17,2.0,-2787
32.61291419057349,17,1.0,-5587
32.61665043534745,13,1.0,-11556
32.61766687622403,5,3.0,0
32.61781325269168,15,9.0,-11024
32.621063306683745,15,1.0,-10584
32.62141737500772,15,3.0,-10462
32.621650630641035,13,3.0,-11527
32.62264454659632,14,4.0,-11506
32.623248115124625,15,1.0,-10606
32.62439298156382,5,3.0,0
32.62683310712331,16,3.0,4866
32.627147096996296,15,1.0,-10555
32.630859090945286,15,3.0,-10545
32.63148637533596,15,1.0,-10465
32.6323350493992,15,3.0,-11023
32.632998398569626,5,4.0,0
32.63627595758742,15,1.0,-10682
32.63720306041539,15,5.0,-10620
32.63731687420842,15,5.0,-10561
32.63755702501973,13,8.0,-11558
32.63898047086641,15,2.0,-10650
32.64153434154987,5,42.0,0
32.6417863784671,5,3.0,0
32.64232932950522,14,8.0,-11481
32.64233598616375,15,1.0,-10841
32.64457221039688,15,7.0,-10507
32.64634861730425,17,1.0,-7760
32.64787968384894,17,1.0,-7221
32.64919978139717,14,1.0,-11565
32.6494858518456,5,5.0,0
32.65009027819779,15,2.0,-10662
32.65109835734554,5,2.0,0
32.65678004489567,13,3.0,-11462
32.65696983678639,5,1.0,0
32.65866936200329,15,1.0,-10475
32.66107742919861,5,1.0,0
32.66267419998796,15,4.0,-10871
32.6628230620557,15,5.0,-10566
32.663407397916714,4,5.0,7727
32.66443934385346,17,2.0,-2351
32.66671945816435,14,11.0,-11470
32.668639920187395,15,1.0,-10574
32.668654128776375,15,1.0,-10675
32.66887093191015,17,5.0,-10208
32.67180831623424,15,1.0,-10698
32.67325622488398,5,2.0,0
32.673601018779586,15,21.0,-10632
32.6740611570864,5,1.0,0
32.67532393967408,14,1.0,-11552
32.67617684961128,15,1.0,-10898
32.67650816037408,17,6.0,-4934
32.677342287299744,13,1.0,-11548
32.68002854026449,14,1.0,-11463
32.68122977009879,14,1.0,-11545
32.681315052058444,15,1.0,-10658
32.68160057375366,14,2.0,-11516
32.682446693306915,16,4.0,4485
32.68308456707139,17,4.0,-10333
32.68324767315301,17,6.0,-8641
32.683817236540804,15,5.0,-10909
32.68453125011213,14,2.0,-11500
32.68507994107866,15,2.0,-10919
32.68627275299666,17,1.0,-3765
32.68691679799319,14,5.0,-11521
32.69014134785325,15,1.0,-10694
32.690731986708144,13,6.0,-11532
32.69212215146311,16,24.0,1960
32.69221381066253,15,6.0,-10614
32.69283544440131,17,2.0,-7969
32.69414057610155,13,1.0,-11524
32.694343093091874,5,1.0,0
32.698415037914195,17,7.0,-7584
32.69976782746079,13,3.0,-11478
32.70096673327231,5,4.0,0
32.70262073927111,17,5.0,-5026
32.70420707394183,5,3.0,0
32.708822291554604,5,4.0,0
32.71219107752109,17,1.0,-6701
32.71322447091257,13,2.0,-11534
32.715202683117504,5,1.0,0
32.71617377127716,15,3.0,-10921
32.71999754395602,17,13.0,-9654
32.720644308767724,15,1.0,-10915
32.72157763642504,15,1.0,-10528
32.72162701241593,13,1.0,-11497
32.72252410723672,17,1.0,-8515
32.722584753826894,16,5.0,7051
32.72531491553973,15,2.0,-10472
32.72646802792656,5,3.0,0
32.726469761484644,15,4.0,-10868
32.72992708513947,5,2.0,0
32.731009314258436,13,4.0,-11511
32.73279778714175,17,3.0,-7845
32.73409780969735,15,2.0,-10565
32.73501197666262,5,9.0,0
32.736341775453525,17,12.0,-3723
32.73648799296298,17,2.0,-7780
32.7367427953545,17,1.0,-6662
32.739656077213084,15,1.0,-10791
32.74520986827733,14,2.0,-11486
32.750218861598334,5,18.0,0
32.75431776736983,15,1.0,-10932
32.756007401698355,14,3.0,-11465
32.75612785034073,5,3.0,0
32.757722793484405,17,6.0,-10376
32.75866620796774,13,1.0,-11489
32.75940896124231,15,1.0,-10923
32.759469673956254,15,3.0,-10506
32.76012653785801,15,3.0,-10514
32.76053715669967,13,1.0,-11566
32.761462709669985,5,2.0,0
32.761970620774555,13,1.0,-11567
32.76222618053204,13,4.0,-11560
32.76239765811387,5,7.0,0
32.76334146709784,5,3.0,0
32.7676488404769,15,1.0,-10610
32.76825207729618,5,4.0,0
32.76916583031932,14,22.0,-11464
32.77752251361274,17,6.0,-8194
32.778515844449984,15,4.0,-11019
32.78036360125557,17,3.0,-3805
32.78393200874631,13,1.0,-11542
32.78482765080154,15,4.0,-11017
32.78726539219408,15,2.0,-10560
32.788849295474904,5,2.0,0
32.7889034455266,17,2.0,-6115
32.790380339492394,5,2.0,0
32.7919712464015,15,2.0,-10656
32.79255485396306,15,1.0,-10592
32.79503127291681,5,3.0,0
32.79620540596082,15,4.0,-10544
32.79734474544884,15,1.0,-10713
32.80121620793882,13,7.0,-11553
32.80387253857938,13,1.0,-11529
32.80484222425845,5,6.0,0
32.80877863892213,7,2.0,7711
32.81075199383493,5,11.0,0
32.812167696650086,5,1.0,0
32.81383624960938,17,9.0,-7335
32.81714007634734,17,3.0,-8262
32.819663185036596,15,2.0,-10966
32.821507730905196,5,4.0,0
32.82360803689478,17,1.0,-4128
32.824287663837566,17,4.0,-8145
32.82601374682167,17,8.0,-6905
32.82652895868222,17,1.0,-7467
32.82834241599515,5,4.0,0
32.82865135511999,15,5.0,-10546
32.82951459362265,15,2.0,-10728
32.82951459362265,17,2.0,-10728
32.829843940516746,13,2.0,-11491
32.829963557424975,113,56.0,-11551
32.8328581872562,5,2.0,0
32.833679498112325,15,2.0,-10497
32.83508079072287,13,13.0,-11579
32.83565429055141,5,5.0,0
32.84042772939284,15,1.0,-10643
32.84239337034891,5,5.0,0
32.84358826537884,16,5.0,7098
32.84883099220023,15,2.0,-10449
32.848841784785066,16,7.0,7402
32.84896490117073,16,4.0,3049
32.851988051421515,15,3.0,-10802
32.853114021149544,13,3.0,-11474
32.85331472603944,13,2.0,-11458
32.85395258980867,17,3.0,-7255
32.85598153173731,13,1.0,-11504
32.85615261072653,15,4.0,-10490
32.85615261072653,17,4.0,-10490
32.85689188063598,15,5.0,-10816
32.85715890042762,15,1.0,-10576
32.85753865222121,5,2.0,0
32.85785585661229,17,1.0,-8325
32.85892583947396,15,3.0,-10993
32.85916136714691,16,3.0,4681
32.85999359171454,17,1.0,-7346
32.861753573193575,15,2.0,-10727
32.864252075768036,17,3.0,-7790
32.86465738411297,16,19.0,4089
32.866810656777346,16,1.0,7130
32.86925374882325,15,1.0,-10469
32.86989914043512,17,2.0,-5835
32.88215382195059,15,2.0,-10903
32.882538061033635,14,2.0,-11537
32.886015869715266,17,1.0,-6910
32.8861170082089,13,8.0,-11584
32.88915023269748,15,1.0,-10634
32.89181573930104,17,10.0,-7889
32.89272363470536,17,8.0,-8176
32.89357460102632,15,3.0,-10622
32.89472447853364,14,1.0,-11562
32.89554436085526,15,2.0,-10454
32.897250800202166,5,2.0,0
32.89908486816011,5,2.0,0
32.89918978091614,13,3.0,-11571
32.901089383472154,5,1.0,0
32.90185325404248,17,1.0,-3660
32.90238729178903,15,3.0,-10979
32.905395097176054,16,5.0,4704
32.90558601476843,15,3.0,-10834
32.90884003219938,17,1.0,-1139
32.91146471574061,15,6.0,-10594
32.91189282847042,14,1.0,-11573
32.91191263590396,15,4.0,-10580
32.91259718815613,14,2.0,-11480
32.913174071494744,15,2.0,-10552
32.91595407142207,14,4.0,-11525
32.916871273515625,15,6.0,-11022
32.91692131946361,15,3.0,-10864
32.91721892238566,15,1.0,-10596
32.917604593345054,15,1.0,-10925
32.91988176495436,15,5.0,-10464
32.92526263878422,15,1.0,-10773
32.92754919506878,17,1.0,-8122
32.92822263871325,13,5.0,-11485
32.93841894423651,15,9.0,-10700
32.94003739020934,17,8.0,-8215
32.94140890790124,15,7.0,-10521
32.94522682900693,15,5.0,-10967
32.947263376843125,14,1.0,-11493
32.94771589918298,16,2.0,3601
32.949227437749954,5,3.0,0
32.952092509833065,16,4.0,4753
32.95432315957777,10,35.0,7724
32.95469053783266,15,1.0,-10771
32.95595674869383,13,1.0,-11526
32.955997441213725,17,2.0,-9330
32.95698029355403,15,2.0,-10654
32.958303114339664,5,1.0,0
32.95856108560609,14,3.0,-11568
32.96054178938277,15,1.0,-10811
32.96062635884992,15,22.0,-10513
32.96125842027243,15,1.0,-10487
32.96372119021342,15,1.0,-10752
32.96441299946747,17,4.0,-5397
32.965467639034614,17,2.0,-8351
32.96680584438387,17,1.0,-8249
32.96926170446149,5,2.0,0
32.9708548644753,14,2.0,-11577
32.97096926290442,13,1.0,-11530
32.97163467506405,15,2.0,-10573
32.97207004601701,15,2.0,-10844
32.973375591518504,5,3.0,0
32.974483024839365,15,2.0,-10461
32.97540508375642,13,7.0,-11587
32.97559808703165,13,1.0,-11518
32.978026087720735,17,2.0,-6799
32.97812362427422,17,2.0,-8440
32.97929488857906,17,4.0,-6593
32.98063636412267,13,8.0,-11557
32.98142240075757,13,6.0,-11569
32.98195157429823,13,1.0,-11550
32.98204364644199,15,1.0,-10530
32.984676239451595,14,2.0,-11477
32.9858872412588,15,1.0,-10824
32.98812644595172,15,3.0,-10447
32.989033077471376,5,3.0,0
32.9901489113953,17,3.0,-5299
32.99125896261721,13,1.0,-11589
32.99254815783125,17,4.0,-8569
32.996507991650745,17,3.0,-3064
32.99950371274567,15,6.0,-10446
33.0009411012022,15,1.0,-10974
33.00308735369395,13,2.0,-11611
33.00345634442379,15,3.0,-11314
33.00350193589144,13,2.0,-11652
33.00383466643911,13,5.0,-11659
33.005588259877115,17,2.0,-6675
33.00602996923609,16,3.0,6753
33.0065014709169,15,6.0,-11006
33.0071440157674,15,40.0,-10753
33.007478898289285,17,1.0,-4937
33.00758155076187,17,1.0,-6700
33.007646028455284,15,1.0,-10917
33.00927680870443,5,2.0,0
33.017502424169344,15,11.0,-10794
33.01882114334288,16,2.0,6377
33.01955748297184,13,4.0,-11623
33.019997934536086,15,2.0,-10777
33.02006249781456,5,1.0,0
33.02111752001268,5,3.0,0
33.02442176222433,13,1.0,-11698
33.025136572657054,15,1.0,-10813
33.025575053574855,5,1.0,0
33.02706551336573,15,1.0,-10855
33.027159818251164,5,3.0,0
33.02862055876111,5,4.0,0
33.03015347000722,15,3.0,-10819
33.03021517533313,5,1.0,0
33.03148892001148,13,5.0,-11699
33.03181811946034,16,5.0,6047
33.03182969957489,5,6.0,0
33.03191368425943,15,5.0,-11012
33.03200198037144,5,9.0,0
33.03875104382861,17,1.0,-10504
33.03968354725884,13,1.0,-11716
33.04100709225882,15,2.0,-10920
33.04163214085254,15,6.0,-10910
33.047609402937255,17,1.0,-1911
33.047834321868564,4,43.0,7728
33.05036921176909,13,3.0,-11604
33.0509207814549,15,1.0,-11103
33.05480695510814,15,2.0,-10851
33.056128280875754,13,2.0,-11660
33.05619779129324,16,2.0,2659
33.057918533087026,15,3.0,-10984
33.05938060249892,15,3.0,-10895
33.05952495641155,15,2.0,-11003
33.06139628926383,5,3.0,0
33.06156012229624,15,2.0,-11134
33.0622615426137,15,1.0,-10914
33.06927676518638,15,2.0,-10749
33.06936176402381,17,2.0,-9063
33.07092051451972,15,8.0,-11183
33.07153607597633,15,1.0,-10901
33.07289479833128,15,1.0,-10852
33.07495590906047,15,1.0,-10798
33.07535105936385,13,2.0,-11618
33.07741528791816,17,4.0,-8878
33.077558973260054,16,4.0,6886
33.078231134363904,17,17.0,-3346
33.07966642110078,15,5.0,-11197
33.08121348172232,16,1.0,6515
33.08169539315318,16,5.0,6115
33.08208938478917,5,1.0,0
33.08344309793254,13,2.0,-11629
33.086442375889575,13,1.0,-11667
33.08886628057277,15,1.0,-10975
33.08891347244568,17,1.0,-10115
33.09003767114758,15,37.0,-11279
33.09067170168009,16,4.0,6745
33.0917473349109,17,5.0,-5762
33.09239343473717,5,1.0,0
33.09528435939199,5,3.0,0
33.09783913365009,13,1.0,-11722
33.099071205368176,14,4.0,-11640
33.099095284254034,5,5.0,0
33.09955880126976,15,5.0,-11234
33.10076172153479,17,1.0,-9608
33.10383193069951,16,37.0,6638
33.10438457159832,17,6.0,-8120
33.106159572914464,5,6.0,0
33.110017428245,15,11.0,-10972
33.11334384731371,14,4.0,-11720
33.11432707259144,15,3.0,-10830
33.11490839945143,5,2.0,0
33.11739908745567,5,3.0,0
33.12033505367147,17,1.0,-4061
33.12039819466964,16,6.0,6642
33.12109810267068,5,2.0,0
33.12204843199623,13,2.0,-11681
33.127200795903065,17,6.0,-7936
33.134714130499155,17,1.0,-5816
33.13564937372153,17,1.0,-335
33.13750765681265,15,1.0,-10962
33.14369897751155,15,2.0,-11179
33.1443787729647,5,1.0,0
33.1476155286767,13,1.0,-11707
33.147896668428224,15,8.0,-11251
33.14801021289608,15,1.0,-10968
33.14802892258955,14,2.0,-11656
33.14890832230459,5,10.0,0
33.149143139997435,15,3.0,-10858
33.14986622731795,15,8.0,-11316
33.15434823065928,15,3.0,-10890
33.155520117725125,13,3.0,-11669
33.15635486392381,17,2.0,-8723
33.15791537199195,15,2.0,-10859
33.160793531441186,16,1.0,6440
33.163549383378474,15,2.0,-10889
33.16630250790135,15,3.0,-10891
33.16928125194673,5,1.0,0
33.16928716485569,13,3.0,-11709
33.16987997950916,15,11.0,-11137
33.17024955230006,14,4.0,-11598
33.17158880533974,15,2.0,-10783
33.17188986640131,15,3.0,-11223
33.173141484350104,14,4.0,-11639
33.173895775070285,15,2.0,-10737
33.17814262709375,17,7.0,-2261
33.18083519570072,16,46.0,4582
33.182229865085866,15,5.0,-10792
33.18278830610722,13,7.0,-11617
33.182896801404326,15,3.0,-11265
33.18297447091931,17,2.0,-7130
33.18500342729974,15,3.0,-10866
33.18534195115974,17,1.0,-9670
33.18664489088322,15,18.0,-11213
33.190723213558655,5,4.0,0
33.192343334545974,15,4.0,-10848
33.192677847512506,5,3.0,0
33.19339964115681,17,2.0,-3283
33.197712852660565,11,52.0,7722
33.19837445008571,13,2.0,-11677
33.201138880121,15,1.0,-10877
33.20237670564475,15,1.0,-10748
33.203760442621494,15,1.0,-10867
33.204383086686846,5,2.0,0
33.204899793373244,13,15.0,-11680
33.210993659054196,13,7.0,-11627
33.21111899374364,15,5.0,-10863
33.21360221405267,15,3.0,-11260
33.21519295565216,5,3.0,0
33.2173119939697,15,1.0,-11007
33.21756082325575,17,1.0,-8673
33.22080069415528,17,2.0,-2063
33.22094966565869,17,2.0,-10216
33.22097633097435,15,1.0,-10907
33.2223767564729,15,1.0,-10779
33.22309299499449,16,9.0,2770
33.22617097537697,17,1.0,-4188
33.23154545761673,13,2.0,-11638
33.2325694368626,13,11.0,-11634
33.232772190019176,14,8.0,-11711
33.232870939290194,5,2.0,0
33.23464660580654,14,3.0,-11597
33.2349018690875,15,8.0,-10744
33.23529117287037,15,42.0,-10935
33.237419813356894,13,4.0,-11632
33.23851433427823,17,2.0,-884
33.23930956151677,13,1.0,-11630
33.24117109876887,13,2.0,-11635
33.24476510369138,17,8.0,-9099
33.24679114979047,15,2.0,-10936
33.247736534850034,17,1.0,-5965
33.24959581587723,13,2.0,-11678
33.25072213736233,13,2.0,-11683
33.25389308047629,15,3.0,-10751
33.25401683605027,5,14.0,0
33.2543586113469,17,16.0,-7611
33.25455935140449,15,2.0,-11077
33.25629389934598,5,1.0,0
33.25841406163029,15,4.0,-10742
33.25998970469326,15,1.0,-11301
33.26089908078916,16,2.0,7226
33.26096643695055,16,34.0,7597
33.26123176248406,15,6.0,-11241
33.26327594288623,15,1.0,-10761
33.26665941997611,15,3.0,-11266
33.26977120409772,13,1.0,-11616
33.27030696585764,15,9.0,-10926
33.27801047845421,15,3.0,-10956
33.2782538348941,15,2.0,-10817
33.27927990173065,5,8.0,0
33.28028771098024,15,3.0,-11165
33.281516681789896,5,1.0,0
33.28267058313398,13,5.0,-11694
33.28472759175633,15,1.0,-11153
33.286787849150194,15,7.0,-10849
33.28820788684085,17,5.0,-5444
33.290152191542354,15,2.0,-11168
33.29673352704113,17,3.0,-7731
33.29877551529749,5,5.0,0
33.299608655136204,15,1.0,-10938
33.300537678459406,16,3.0,4605
33.301065458726704,5,5.0,0
33.30115701258263,16,1.0,4640
33.30139444705925,15,1.0,-11273
33.3055893596376,13,6.0,-11642
33.30688778895631,13,2.0,-11641
33.31195244698558,5,3.0,0
33.31297342539929,15,6.0,-10927
33.31356466001854,5,4.0,0
33.314313230358074,15,3.0,-10964
33.31539733732669,15,2.0,-11059
33.315815253654634,13,14.0,-11593
33.31779468005076,15,3.0,-11231
33.31903846141427,10,5.0,7727
33.32162151388862,13,3.0,-11714
33.32216656268902,17,15.0,-6048
33.32413807516427,5,8.0,0
33.32546448924034,13,2.0,-11615
33.32663295312984,15,2.0,-11085
33.3268199728891,5,3.0,0
33.3270002112198,15,2.0,-10815
33.32759780126363,15,3.0,-11000
33.32801072734117,15,2.0,-10874
33.33003888612111,15,9.0,-10762
33.332341511588346,5,1.0,0
33.33516150171014,5,3.0,0
33.335904382106406,15,1.0,-11004
33.341940413138666,13,2.0,-11703
33.342704432044464,17,2.0,-2336
33.34532105149026,5,1.0,0
33.34541560421315,15,4.0,-10847
33.34643223355975,15,1.0,-11112
33.349541526918394,15,17.0,-10912
33.350501959788105,15,6.0,-10958
33.35218353047941,17,6.0,-6400
33.355150248829645,5,1.0,0
33.3572917454727,15,2.0,-10832
33.358083724877446,17,5.0,-5760
33.35868046732384,15,21.0,-10804
33.36581056954234,13,2.0,-11637
33.36690870443514,15,19.0,-10908
33.36768199336285,17,13.0,-2826
33.373105790604235,13,20.0,-11643
33.3748577996399,13,2.0,-11646
33.37674053095716,15,7.0,-11098
33.37683018044492,15,1.0,-10828
33.37691298176802,5,3.0,0
33.38133196269929,13,1.0,-11628
33.38138826111286,113,53.0,-11704
33.38298189679005,15,1.0,-10736
33.38339736502897,13,4.0,-11706
33.38351524784653,16,16.0,1977
33.384587379955605,17,2.0,-8373
33.38473512287689,17,1.0,-579
33.385194989856544,15,1.0,-10998
33.38721783743752,17,4.0,-9119
33.38893607202943,16,39.0,2111
33.390441952891045,15,2.0,-10776
33.39058667237621,13,12.0,-11610
33.39301159433974,17,2.0,-4756
33.394167352660695,13,2.0,-11724
33.39466040493001,15,2.0,-10835
33.39946981513921,15,9.0,-11172
33.39946981513921,17,9.0,-11172
33.40345086276884,15,2.0,-11229
33.406653940669294,13,9.0,-11649
33.40821666895191,17,2.0,-4991
33.40858413305026,16,46.0,2204
33.409030009227045,5,1.0,0
33.40973603161622,15,2.0,-10951
33.413176395699,5,4.0,0
33.418168963919534,15,6.0,-10755
33.42069098094555,15,16.0,-10943
33.4213071830818,6,11.0,7725
33.42205484030598,13,2.0,-11602
33.42251785867191,15,41.0,-11169
33.424191856680324,13,7.0,-11603
33.42533896571831,17,1.0,-5902
33.42752916477921,5,3.0,0
33.427692520332556,16,3.0,4597
33.4277254149396,5,2.0,0
33.42799201712703,11,2.0,7706
33.429190948985955,15,4.0,-10747
33.43257918440642,15,1.0,-10805
33.433099612561094,17,5.0,-9611
33.43315176310533,17,1.0,-4564
33.43385396866041,15,2.0,-11068
33.43658331475471,15,6.0,-10983
33.44105380755769,14,3.0,-11723
33.445349787594544,15,2.0,-10883
33.44703921944978,16,2.0,7497
33.449154148960886,15,3.0,-11084
33.44971032958122,15,4.0,-10894
33.45006889290465,17,1.0,-4303
33.45681816001751,5,2.0,0
33.45700644088795,15,1.0,-10990
33.457225398191994,5,2.0,0
33.45758161813656,14,1.0,-11718
33.458906762029805,5,1.0,0
33.45906696551489,15,4.0,-10986
33.46207813338523,15,5.0,-11248
33.4622931766427,15,13.0,-11095
33.464212739258585,15,5.0,-11210
33.464234651619066,114,39.0,-11661
33.46544603517723,15,1.0,-10785
33.46759343523322,5,1.0,0
33.46791707352233,1,2.0,7729
33.469347890690386,14,7.0,-11612
33.469469588521655,15,1.0,-10987
33.469718011153375,13,3.0,-11647
33.47015582294524,15,3.0,-10821
33.47054479326001,15,1.0,-10995
33.471276743250776,13,4.0,-11710
33.472162543521364,15,3.0,-11159
33.47269867537667,17,1.0,-1290
33.47434733871615,15,5.0,-11042
33.47571621920729,15,1.0,-10758
33.47624478013981,15,2.0,-10991
33.476543376621365,3,5.0,7730
33.478371344073445,15,2.0,-11262
33.47839702910362,13,3.0,-11690
33.47859349702218,14,2.0,-11705
33.480421670349365,5,7.0,0
33.481264839818024,15,5.0,-10948
33.48186881388603,13,4.0,-11713
33.48550678178907,15,1.0,-10873
33.487573546854506,5,1.0,0
33.48820470543781,15,1.0,-11008
33.4924536159121,5,2.0,0
33.49368072960075,14,1.0,-11697
33.494630847530004,15,2.0,-11033
33.50021939111117,5,3.0,0
33.50125096250126,5,7.0,0
33.50130834237428,5,2.0,0
33.50213760715635,15,1.0,-10875
33.50351232523904,14,4.0,-11675
33.5039583895151,15,1.0,-10809
33.50432530108777,15,3.0,-10800
33.504724860595076,5,4.0,0
33.504897786626756,17,1.0,-5047
33.50524189143039,5,1.0,0
33.50589321681585,15,1.0,-10918
33.50638704270502,13,2.0,-11701
33.506401074109945,17,1.0,-6324
33.51101156825629,15,1.0,-10827
33.51312926080693,15,2.0,-11036
33.51340059291,17,5.0,-5901
33.51348265945963,15,4.0,-10782
33.514764943483385,17,4.0,-10172
33.515123035026654,15,1.0,-10820
33.517064250926374,5,1.0,0
33.519261976728636,14,6.0,-11719
33.520031459573666,14,2.0,-11687
33.52017205744502,15,6.0,-11152
33.52047896503967,5,6.0,0
33.52062975153979,5,1.0,0
33.52288044332448,5,4.0,0
33.52409259647967,13,1.0,-11686
33.52439594140572,17,1.0,-10511
33.52601350686615,13,8.0,-11608
33.52816341771582,17,2.0,-7437
33.529344139170036,5,2.0,0
33.530564068888566,15,3.0,-10738
33.53131232701273,15,1.0,-11202
33.53293841372508,15,15.0,-10959
33.53331708825939,15,2.0,-10860
33.53595488133978,15,1.0,-10924
33.53688744307295,5,8.0,0
33.53781811942869,5,4.0,0
33.53894228075731,15,1.0,-10741
33.53995080983236,17,1.0,-4511
33.544386930716016,13,1.0,-11665
33.54666796076463,17,2.0,-232
33.54959981491513,15,19.0,-10735
33.55160167014084,13,3.0,-11691
33.55518237852018,15,13.0,-10818
33.55716687778905,15,20.0,-10911
33.558805860934086,5,3.0,0
33.56507682911614,17,6.0,-8295
33.56530030234943,13,4.0,-11607
33.56680815353553,15,6.0,-10780
33.56870427912527,5,2.0,0
33.569021394396074,13,7.0,-11622
33.57028283814282,5,2.0,0
33.570868613599515,17,10.0,-7685
33.57183981506278,15,1.0,-10732
33.575245813763516,17,5.0,-5978
33.57680858829644,13,2.0,-11633
33.57722221476849,17,1.0,-7754
33.577993028326354,15,3.0,-10861
33.58014764428646,15,2.0,-11078
33.58047647268021,14,2.0,-11692
33.58131788525379,5,1.0,0
33.58141112272717,15,1.0,-10869
33.58168660459167,5,3.0,0
33.582862447864,17,3.0,-9860
33.5839704786356,15,12.0,-10881
33.58428310244521,13,10.0,-11654
33.58690865736317,5,3.0,0
33.59305422011707,14,2.0,-11671
33.59475389693485,17,1.0,-5960
33.595584133799306,5,1.0,0
33.59911847285416,5,4.0,0
33.599164170332394,15,1.0,-11001
33.59943931164944,15,2.0,-10905
33.59945771843902,5,3.0,0
33.60095314943006,13,1.0,-11648
33.602860077486305,15,1.0,-10801
33.605976660445606,13,8.0,-11702
33.607799660694205,15,1.0,-10977
33.608084230065046,16,4.0,7128
33.608982153794095,15,2.0,-10842
33.60941394476478,15,1.0,-11253
33.6120303673075,15,39.0,-11311
33.61701956611086,15,3.0,-10988
33.617649939489205,15,1.0,-11291
33.6201817445133,5,6.0,0
33.62374928209792,5,18.0,0
33.625413479492344,15,9.0,-11166
33.62549810309322,17,1.0,-9147
33.62655603973264,15,2.0,-10740
33.62655603973264,17,2.0,-10740
33.6266965571475,17,7.0,-5818
33.62745791926256,5,1.0,0
33.629225779899826,15,1.0,-10733
33.630270143243955,15,1.0,-11099
33.633559174415595,15,4.0,-10893
33.635737228544684,16,1.0,6414
33.63693592441266,15,1.0,-11286
33.637069292084526,6,2.0,7729
33.63776915156285,15,8.0,-11133
33.638847349335435,14,1.0,-11600
33.63925980920554,5,3.0,0
33.6402434003304,5,2.0,0
33.64040158488564,13,1.0,-11664
33.64182721209273,17,4.0,-4779
33.642877379220195,15,1.0,-10996
33.644950806796544,5,2.0,0
33.64687186854971,13,2.0,-11626
33.647040767931216,17,1.0,-9176
33.6486255690548,15,6.0,-10960
33.648718706282324,17,4.0,-7428
33.64901790740774,5,2.0,0
33.6490241975481,5,2.0,0
33.65165758310547,14,1.0,-11670
33.65401753994871,15,5.0,-10837
33.65401753994871,17,5.0,-10837
33.65585070775841,17,1.0,-837
33.657429413029476,5,3.0,0
33.658664248286236,17,4.0,-4090
33.659846965044665,14,50.0,-11624
33.660263099450354,16,1.0,7483
33.661250357939906,15,1.0,-10764
33.661646123591524,5,1.0,0
33.66171653864527,16,2.0,6864
33.66250724396439,13,1.0,-11676
33.66296436878031,16,1.0,6496
33.6645497629609,5,2.0,0
33.66796687539126,14,2.0,-11653
33.66872629915882,15,1.0,-10872
33.66915575236761,15,2.0,-10769
33.67002208638635,15,1.0,-10772
33.67002208638635,17,1.0,-10772
33.67014875813265,14,1.0,-11668
33.67269904708128,17,3.0,-9742
33.673231530186825,5,6.0,0
33.6733777964966,16,13.0,781
33.67736385618301,17,14.0,-5797
33.67750678531215,5,2.0,0
33.68217119781542,16,60.0,2983
33.684411320123594,14,3.0,-11631
33.68750148318942,14,2.0,-11655
33.68938470581489,17,5.0,-5814
33.692387353945044,15,1.0,-10937
33.69239691705863,13,1.0,-11599
33.692830588595555,17,1.0,-7208
33.693164663322605,5,4.0,0
33.694650280139115,15,6.0,-11288
33.69786598535448,15,3.0,-10836
33.69884196214084,15,10.0,-10767
33.70054975298223,15,1.0,-10952
33.70767347849191,5,2.0,0
33.70794597008885,15,1.0,-10928
33.70948235372643,6,1.0,7726
33.71186608753516,17,1.0,-10144
33.713061426921655,17,1.0,-4294
33.714019797150286,17,2.0,-293
33.714146625954044,15,3.0,-11011
33.714623690490086,14,4.0,-11662
33.71608369525121,15,16.0,-10787
33.716360093183866,15,2.0,-10843
33.71639497915304,17,7.0,-8302
33.716522388895186,16,7.0,3388
33.71689227925061,5,9.0,0
33.717672774559055,13,1.0,-11620
33.71795550045144,15,2.0,-11121
33.71936283176856,15,1.0,-10793
33.71960540345657,5,3.0,0
33.721743022852436,15,1.0,-11275
33.72246155272426,13,6.0,-11606
33.72423500636252,15,2.0,-10795
33.72810121394518,17,6.0,-8343
33.72825682415588,5,1.0,0
33.72952035342703,13,4.0,-11696
33.72954564198065,17,5.0,-3013
33.72976192870679,15,1.0,-10879
33.7300486992766,15,1.0,-11123
33.73191868680685,15,3.0,-11027
33.73278575960308,14,28.0,-11591
33.73438988989028,17,9.0,-7186
33.73666806947612,13,2.0,-11712
33.73788707318167,15,4.0,-10897
33.73825841106623,15,4.0,-11016
33.73931628650334,17,1.0,-7229
33.742117947195666,5,4.0,0
33.74226308118894,13,2.0,-11596
33.743287642087004,13,1.0,-11594
33.743326154594946,15,3.0,-10745
33.744202308310435,17,4.0,-9593
33.74578412771594,14,4.0,-11636
33.746134702770036,14,1.0,-11595
33.7468268348117,17,1.0,-2414
33.7476650108415,14,38.0,-11625
33.7482041507936,15,9.0,-11318
33.74981905123785,13,2.0,-11721
33.75392907737691,5,4.0,0
33.75471080307235,5,5.0,0
33.75525062773626,15,4.0,-10933
33.75574924610946,5,1.0,0
33.75684176858072,5,1.0,0
33.75817628226571,5,6.0,0
33.75967900422832,15,1.0,-11014
33.76022836790819,15,1.0,-11157
33.76209662381895,15,3.0,-10754
33.762135393511606,5,3.0,0
33.762301138157795,15,1.0,-10825
33.76360066665295,16,7.0,3402
33.76492310700936,15,1.0,-11200
33.76572270012922,13,11.0,-11619
33.7707539667012,17,1.0,-6608
33.770960294989955,5,3.0,0
33.77212035396657,13,3.0,-11651
33.773247886453575,15,1.0,-11207
33.77566779425241,17,2.0,-8613
33.77912645916897,15,17.0,-11074
33.78053698616538,15,4.0,-11057
33.78248316250414,15,1.0,-10750
33.78335063940092,5,10.0,0
33.785284942452314,17,3.0,-3677
33.78544218445792,15,9.0,-10969
33.78710022957515,15,2.0,-10989
33.79010728059741,15,6.0,-10822
33.79209409485658,17,1.0,-6817
33.793247090332244,5,4.0,0
33.79458177963004,13,3.0,-11590
33.7950552815052,15,4.0,-10999
33.79514371246675,13,2.0,-11673
33.797177768212805,13,2.0,-11672
33.79939066437477,17,2.0,-8643
33.800431904864716,15,3.0,-11146
33.803169542174494,14,3.0,-11682
33.80437313268469,17,1.0,-7450
33.804956001049426,5,1.0,0
33.80619698631922,13,1.0,-11693
33.80935427353917,17,1.0,-6063
33.809711002424656,15,1.0,-10906
33.81133661034062,15,2.0,-10940
33.81133661034062,17,2.0,-10940
33.8163858481627,13,1.0,-11663
33.817821663879265,16,2.0,591
33.818939680214164,5,4.0,0
33.82060350570913,17,2.0,-6867
33.82084243530842,13,1.0,-11609
33.822329391186734,15,2.0,-11073
33.823123290781524,15,3.0,-11138
33.82344725604526,5,4.0,0
33.823648275686516,17,2.0,-9825
33.82482272198906,15,5.0,-11097
33.82749700370056,15,10.0,-11149
33.828367727514035,17,4.0,-7286
33.8327725239735,17,1.0,-7470
33.833277452803124,15,4.0,-10788
33.83374670903346,14,14.0,-11684
33.835899734729615,5,20.0,0
33.83658549873631,17,5.0,-913
33.83750549718654,13,29.0,-11674
33.83777036552597,17,1.0,-3882
33.83805160021599,15,60.0,-10981
33.842077514500446,15,1.0,-10876
33.842765194695026,5,4.0,0
33.84520821094279,13,1.0,-11601
33.8456640216641,15,1.0,-11081
33.84754492943252,17,1.0,-6913
33.84788567844069,5,2.0,0
33.84924668150215,15,4.0,-11144
33.85063362369662,5,2.0,0
33.85070558607736,14,2.0,-11614
33.85221869908514,5,10.0,0
33.85319249499317,16,34.0,7353
33.85417554621019,15,4.0,-11255
33.85517744672657,17,6.0,-9442
33.85560050255139,15,1.0,-10833
33.85560050255139,17,1.0,-10833
33.857042483762825,17,17.0,-6763
33.8586228255909,15,1.0,-11013
33.860691047566476,15,7.0,-11093
33.860691047566476,17,7.0,-11093
33.861937566923736,15,2.0,-11299
33.86223790009665,13,2.0,-11695
33.86413447781197,5,1.0,0
33.86598393958807,5,1.0,0
33.867654671563145,13,1.0,-11657
33.86906324783664,17,1.0,-3893
33.872158939496856,15,3.0,-10950
33.876012166337745,15,1.0,-10953
33.876094957804156,14,3.0,-11644
33.878217329751536,17,1.0,-6902
33.87945779795166,15,9.0,-10922
33.88047656240602,5,3.0,0
33.881543822484275,15,2.0,-11292
33.883139399627865,15,3.0,-11185
33.88463225570611,13,1.0,-11685
33.886546268970726,15,4.0,-10838
33.88671974003963,15,3.0,-10806
33.88876556762729,15,1.0,-10878
33.88936061617513,13,2.0,-11688
33.88968581427038,5,1.0,0
33.890685960851904,15,1.0,-11181
33.89270599849724,15,3.0,-11096
33.8931399213819,15,5.0,-10978
33.8943568969529,16,2.0,6971
33.89452781295544,15,3.0,-11302
33.89846468333796,15,1.0,-10765
33.90044275607295,13,1.0,-11605
33.90426043018164,15,8.0,-10945
33.9051107958364,15,1.0,-10941
33.905116695091316,15,4.0,-10850
33.90577605610487,16,3.0,5308
33.90598717373012,15,4.0,-10947
33.90699853377637,5,1.0,0
33.90963141807404,15,14.0,-11143
33.91051008823608,15,2.0,-11047
33.913086853207766,5,1.0,0
33.91725358797341,15,1.0,-10865
33.91903444003472,17,5.0,-5676
33.919040058755556,1,1.0,7731
33.91959228482702,17,2.0,-7732
33.921476832081936,5,5.0,0
33.92563404097507,17,3.0,-8178
33.925870531464255,5,2.0,0
33.9259148634794,14,4.0,-11679
33.92630913410925,13,2.0,-11645
33.92655343722578,15,25.0,-11204
33.9296417151985,16,4.0,5473
33.93289333181839,17,1.0,-5868
33.933595027299965,5,1.0,0
33.93472131807813,17,6.0,-7967
33.935052613134395,4,11.0,7732
33.93646891333567,13,3.0,-11708
33.936950810905024,13,1.0,-11650
33.940204233355104,15,1.0,-11037
33.94189069040063,13,1.0,-11592
33.94365608317167,5,3.0,0
33.944738756240746,15,3.0,-10942
33.94707538152755,15,1.0,-10854
33.94719833280665,15,3.0,-10896
33.94870830760577,17,3.0,-10354
33.950400622005006,15,19.0,-10997
33.950909435812854,15,2.0,-10768
33.95247940934242,13,1.0,-11689
33.95316728279898,15,4.0,-11250
33.95337816284548,17,1.0,-8884
33.954325708140814,14,1.0,-11658
33.955937435789195,15,1.0,-11082
33.95815277879529,15,4.0,-10970
33.96149871402744,17,3.0,-7215
33.962418652070454,17,5.0,-4753
33.967335669626735,17,2.0,-6534
33.970123586847016,13,13.0,-11666
33.970967581361805,15,2.0,-10808
33.970967581361805,17,2.0,-10808
33.97715941745231,17,3.0,-1767
33.97929555720479,15,2.0,-11002
33.98047831735911,5,7.0,0
33.98155273825111,16,3.0,7080
33.98201268091185,17,5.0,-6131
33.98215583104937,13,1.0,-11717
33.982703757538815,13,3.0,-11621
33.98331554564746,15,2.0,-10739
33.98411805655529,15,22.0,-11267
33.98575528648549,17,5.0,-6516
33.9877860770928,13,15.0,-11700
33.98807751531165,13,7.0,-11613
33.993039278031915,5,4.0,0
33.993110036784536,14,1.0,-11715
33.995720849971924,15,1.0,-11087
33.99641518866634,15,2.0,-10759
33.99750393899163,5,4.0,0
33.99813731733855,15,1.0,-10743
33.9995945383272,15,1.0,-10965
34.003680479152194,17,1.0,-9512
34.00793153018732,14,5.0,-11756
34.008255988514065,14,2.0,-11841
34.013653477650074,17,6.0,-9253
34.01405374151212,14,1.0,-11792
34.017389115864496,15,1.0,-11431
34.017502424169344,17,11.0,-10794
34.01807253271886,15,9.0,-11061
34.021315643466565,5,5.0,0
34.02387774728118,5,4.0,0
34.02626040349827,15,2.0,-11122
34.02626040349827,17,2.0,-11122
34.026793302541904,17,2.0,-8339
34.027155464031196,17,3.0,-6773
34.029033322173014,15,1.0,-11384
34.029822005132004,113,51.0,-11763
34.02991707799728,15,2.0,-11215
34.03021921192135,5,1.0,0
34.03415033537243,15,2.0,-11285
34.03531747741603,15,1.0,-11188
34.03797714488119,15,1.0,-11305
34.03957111515497,15,11.0,-11287
34.040951721287314,16,8.0,3244
34.048076886506095,17,6.0,-7152
34.050021366605094,15,2.0,-11357
34.051613912031,15,1.0,-11044
34.051734658960214,17,3.0,-494
34.05224966780268,17,1.0,-4040
34.055076736322754,13,1.0,-11806
34.057437601134644,5,48.0,0
34.05856393872054,15,12.0,-11224
34.05856393872054,17,12.0,-11224
34.059207622400265,5,4.0,0
34.05993852879187,17,6.0,-915
34.061170513741686,17,2.0,-8382
34.06164168400247,15,2.0,-11080
34.063652269917526,5,1.0,0
34.06527851826693,5,2.0,0
34.06680544406649,15,1.0,-11244
34.06705623221321,5,2.0,0
34.06791375817275,16,5.0,5735
34.069449697536854,15,1.0,-11102
34.0706392037561,13,1.0,-11816
34.07072176188833,13,1.0,-11797
34.07090913917254,16,2.0,2412
34.07243848097727,17,1.0,-6871
34.072986401129725,15,1.0,-11242
34.07375798338424,15,1.0,-11351
34.07582616709349,15,4.0,-11076
34.07836865792138,13,1.0,-11833
34.07979000592071,17,7.0,-10645
34.08052120994451,3,37.0,7733
34.08637967842472,15,11.0,-11209
34.086772625706104,5,3.0,0
34.08705913539047,16,4.0,6765
34.089322543085274,15,2.0,-11259
34.09054304439932,17,1.0,-9111
34.090991822435655,15,5.0,-11427
34.090991822435655,17,5.0,-11427
34.09312264421398,17,3.0,-8368
34.093297520894644,5,2.0,0
34.09533734557931,17,3.0,-8794
34.09599244996429,5,2.0,0
34.09822863424883,5,6.0,0
34.101113146783774,5,1.0,0
34.10384985215074,17,1.0,-5220
34.10481121756223,15,1.0,-11145
34.10790929173732,5,2.0,0
34.10810932844724,15,1.0,-11306
34.10854639588688,5,20.0,0
34.11209976167863,15,5.0,-11319
34.1121110910196,17,2.0,-9301
34.1127011141172,5,6.0,0
34.11358097648706,17,5.0,-1695
34.115659698429674,13,2.0,-11814
34.11612895248745,13,1.0,-11859
34.117508199100094,15,1.0,-11239
34.11944280565882,16,3.0,3636
34.120015213419514,15,2.0,-11148
34.12031234374936,5,1.0,0
34.12093735659512,13,1.0,-11801
34.121910886399924,5,2.0,0
34.12311897149211,5,4.0,0
34.12364747537843,15,20.0,-11365
34.125968329530835,13,1.0,-11842
34.1262523211265,15,11.0,-11284
34.12691499757693,15,10.0,-11075
34.12794955773579,14,6.0,-11850
34.13023487182204,14,2.0,-11777
34.131374155838955,13,2.0,-11760
34.1338408943738,16,8.0,7484
34.133993560326246,15,1.0,-11032
34.13405197657127,17,1.0,-6212
34.13424826885553,5,2.0,0
34.135273031757514,15,31.0,-11367
34.136890182857975,17,2.0,-9355
34.13754475359666,13,1.0,-11757
34.14095281514257,13,5.0,-11754
34.14139032297783,15,6.0,-11132
34.142707143699404,15,2.0,-11369
34.14353704567591,13,2.0,-11838
34.144043509598006,15,4.0,-11312
34.14473873256624,5,5.0,0
34.146238078857294,15,4.0,-11309
34.147174950428685,15,1.0,-11425
34.147537570715016,15,3.0,-11192
34.14767449204251,15,3.0,-11079
34.148883874689545,14,4.0,-11795
34.151214309635634,15,1.0,-11271
34.15168364171122,15,4.0,-11247
34.154880777513924,5,1.0,0
34.15521623553815,5,4.0,0
34.15523065418391,5,1.0,0
34.15886059039562,13,1.0,-11832
34.15972297554095,13,1.0,-11800
34.16130112026715,15,60.0,-11278
34.16259932099515,15,1.0,-11313
34.16319404754605,5,1.0,0
34.16476659050156,13,2.0,-11831
34.16580921275887,15,1.0,-11416
34.16633759469683,5,1.0,0
34.16789734873353,5,4.0,0
34.16891316211373,15,1.0,-11269
34.169897061406935,13,1.0,-11788
34.171188062140686,14,14.0,-11734
34.18014769651659,15,7.0,-11054
34.182660021876686,5,4.0,0
34.18371792273828,17,1.0,-6355
34.185013686516115,15,2.0,-11028
34.18857328828488,15,1.0,-11046
34.1895261468259,15,18.0,-11066
34.1899184910341,5,6.0,0
34.194253799923,5,1.0,0
34.19566660063489,5,2.0,0
34.19588698753664,14,1.0,-11828
34.19974480411966,15,2.0,-11423
34.200593097129754,15,5.0,-11063
34.203330549771145,15,4.0,-11114
34.203385738939836,5,2.0,0
34.205358290273914,15,9.0,-11150
34.20812931022244,5,2.0,0
34.2083039082309,13,1.0,-11794
34.209835330597315,15,3.0,-11105
34.21188977447388,15,1.0,-11189
34.2162143100466,15,13.0,-11233
34.21697804460169,15,3.0,-11167
34.218185870251865,17,1.0,-7219
34.219968321260446,13,1.0,-11825
34.220242707897235,13,1.0,-11790
34.220955932662235,13,2.0,-11827
34.222053936125974,16,3.0,7102
34.22407474929632,15,3.0,-11107
34.22466995346605,13,1.0,-11843
34.22762839228787,13,4.0,-11780
34.229122324287395,15,7.0,-11119
34.22940512079212,5,4.0,0
34.229825936690105,15,3.0,-11419
34.231193881165,17,14.0,-2832
34.23155894960776,17,1.0,-1435
34.23540971215499,5,3.0,0
34.23711950913164,5,4.0,0
34.23810622396466,5,26.0,0
34.23908747866071,14,5.0,-11748
34.23914957669394,15,4.0,-11212
34.241939829445,17,12.0,-10665
34.242322273401385,17,1.0,-8549
34.24330730063811,16,4.0,3001
34.24355656339293,5,3.0,0
34.2487592023484,14,5.0,-11728
34.25143285909803,5,2.0,0
34.25168714131452,5,9.0,0
34.253190845691805,15,3.0,-11214
34.25352729323174,17,1.0,-4213
34.254278577065726,15,33.0,-11072
34.254278577065726,17,33.0,-11072
34.25584918612577,14,9.0,-11742
34.25834825319661,17,12.0,-7978
34.25886625094757,14,5.0,-11727
34.26166641320075,15,4.0,-11300
34.26411816261053,16,2.0,4919
34.26518059027024,13,1.0,-11746
34.26595427006917,17,15.0,-8871
34.266170930120246,17,2.0,-2101
34.26678501220032,15,3.0,-11407
34.26789394905713,15,5.0,-11083
34.26922053601116,17,6.0,-6026
34.27050323758046,13,1.0,-11740
34.27075004567897,17,2.0,-6790
34.27247986609337,5,1.0,0
34.27434577767678,5,2.0,0
34.27660050309653,17,2.0,-9247
34.277117944338336,5,23.0,0
34.28253755430879,15,2.0,-11104
34.28296662733459,15,8.0,-11294
34.28312537653202,15,2.0,-11433
34.28354257793489,13,1.0,-11745
34.284887612605544,15,5.0,-11106
34.28691138410777,1,3.0,7734
34.28778310706325,16,3.0,60
34.28793546275582,15,3.0,-11358
34.29395225224213,15,3.0,-11454
34.29648967822291,13,1.0,-11812
34.296865913152025,15,4.0,-11125
34.296865913152025,17,4.0,-11125
34.29984955405611,17,2.0,-5145
34.30251555199474,15,1.0,-11128
34.30335641264452,15,1.0,-11113
34.30384545122475,13,1.0,-11765
34.30542071576547,15,1.0,-11439
34.306315681263406,5,4.0,0
34.30645296018194,15,1.0,-11227
34.30911217854188,15,2.0,-11067
34.310855513991356,14,9.0,-11784
34.31093755421406,16,3.0,5675
34.31514063400003,13,21.0,-11849
34.315409110281436,17,1.0,-6236
34.316687046561746,14,5.0,-11845
34.31675659631743,14,2.0,-11755
34.3172878680111,15,1.0,-11237
34.317715469463906,15,3.0,-11198
34.319199645053224,5,2.0,0
34.32061149287994,5,4.0,0
34.32216222217714,5,4.0,0
34.324433159774095,5,7.0,0
34.326473265084985,17,4.0,-9143
34.327939779984256,14,1.0,-11747
34.328047664831324,16,6.0,5651
34.32834204181556,16,5.0,6141
34.32879093743205,15,4.0,-11161
34.330723819563865,14,2.0,-11764
34.33098899115075,5,2.0,0
34.33172143963265,15,1.0,-11199
34.33325860491627,15,4.0,-11245
34.33716580878962,15,4.0,-11254
34.337291732349094,5,1.0,0
34.34155955854344,13,1.0,-11810
34.34156923464272,15,4.0,-11415
34.34159984537712,5,1.0,0
34.34348781926121,5,7.0,0
34.344067320531416,5,2.0,0
34.34541560421315,17,4.0,-10847
34.34541931107281,14,4.0,-11857
34.34549995299182,15,1.0,-11263
34.34590588181662,15,1.0,-11268
34.348159934282414,15,6.0,-11307
34.34961181614768,13,2.0,-11749
34.35133818261288,11,35.0,7724
34.35156658749191,15,1.0,-11368
34.35275772807313,15,1.0,-11264
34.352893029843614,17,3.0,-9550
34.35292589836546,13,5.0,-11783
34.353086594575366,15,1.0,-11115
34.35434021768183,16,4.0,3363
34.35650689897829,15,1.0,-11091
34.35708761583632,13,4.0,-11732
34.35725096505069,13,8.0,-11840
34.35743255875888,15,1.0,-11141
34.35969535923075,15,1.0,-11140
34.360074868345954,17,21.0,-1803
34.36111603929291,15,3.0,-11274
34.36216342422599,14,3.0,-11773
34.36219613598005,17,1.0,-460
34.36680721136586,5,3.0,0
34.369313402343145,13,4.0,-11739
34.37072888749377,10,37.0,7733
34.37208682268929,17,5.0,-2031
34.37679802852733,5,4.0,0
34.37736339748829,15,1.0,-11089
34.37736339748829,17,1.0,-11089
34.37916486081468,15,1.0,-11194
34.381313327212304,15,4.0,-11151
34.382460313103934,14,2.0,-11759
34.383598121485804,5,2.0,0
34.38401784887671,5,4.0,0
34.38458257215037,15,1.0,-11155
34.388422625956224,15,4.0,-11142
34.388593118008416,15,2.0,-11205
34.390963146781594,5,2.0,0
34.39182241615789,15,4.0,-11428
34.39374042217477,17,2.0,-5905
34.39861567166611,15,4.0,-11038
34.39967678539182,13,1.0,-11847
34.40169961782186,5,6.0,0
34.40282278823258,15,1.0,-11043
34.40282278823258,17,1.0,-11043
34.41004913014055,14,3.0,-11750
34.41006562848478,5,2.0,0
34.41067614770992,16,1.0,2172
34.41134055901764,17,1.0,-3284
34.41154353769328,113,31.0,-11836
34.412144288819704,15,3.0,-11398
34.41261518820917,5,8.0,0
34.413017000344745,17,1.0,-6296
34.41305644055208,15,1.0,-11173
34.41522951863735,15,3.0,-11069
34.41653739884622,14,2.0,-11803
34.41870051204918,15,4.0,-11111
34.4187763020286,15,3.0,-11195
34.419682478148616,5,8.0,0
34.42179841675055,15,6.0,-11354
34.42286464369602,15,1.0,-11236
34.42389671490445,5,2.0,0
34.42514867186109,14,2.0,-11811
34.4264006900907,13,5.0,-11733
34.427177575777534,15,2.0,-11040
34.42831288701294,15,3.0,-11056
34.429679009853004,15,11.0,-11070
34.431380169300944,5,3.0,0
34.43209349597428,15,3.0,-11435
34.43400052486585,15,2.0,-11124
34.43491672730421,13,1.0,-11771
34.436045401897175,14,3.0,-11767
34.43757403066266,14,1.0,-11819
34.43811866912102,13,5.0,-11799
34.443018938188025,15,6.0,-11270
34.446759889374356,5,7.0,0
34.44709858966854,15,1.0,-11182
34.44897851320547,15,1.0,-11050
34.45050247439634,13,1.0,-11741
34.453348235553364,15,3.0,-11252
34.45405318840436,15,2.0,-11246
34.45508316202149,13,1.0,-11762
34.45549453983656,15,54.0,-11211
34.45638508641861,14,2.0,-11804
34.45759481093197,15,1.0,-11163
34.45834476685949,15,2.0,-11029
34.46122220503081,15,2.0,-11086
34.46251562715692,13,1.0,-11770
34.46429514623413,15,5.0,-11303
34.46644785823042,17,5.0,-4423
34.46834428900236,14,4.0,-11729
34.46863892126113,5,6.0,0
34.4688029717077,17,29.0,-8550
34.47173205388117,15,6.0,-11238
34.471832237816635,15,1.0,-11118
34.47506751062248,15,1.0,-11430
34.47507995813802,15,2.0,-11220
34.47561752539094,5,36.0,0
34.47696068575814,5,3.0,0
34.47779663468333,15,3.0,-11117
34.47826700923189,15,1.0,-11342
34.48460836372483,15,6.0,-11186
34.48502965755865,13,1.0,-11796
34.4880399572349,5,5.0,0
34.490909075941374,15,3.0,-11058
34.490909075941374,17,3.0,-11058
34.49285582710835,13,3.0,-11752
34.49686519102605,15,8.0,-11129
34.49742101715276,5,2.0,0
34.49992609588686,15,2.0,-11127
34.50502165748245,14,1.0,-11775
34.505701565988275,13,1.0,-11807
34.507135243482935,15,21.0,-11230
34.50831746613477,17,1.0,-466
34.50934994866857,17,1.0,-10249
34.5106362600713,13,2.0,-11738
34.510908325578335,5,1.0,0
34.51315767185407,5,2.0,0
34.51336457401749,17,1.0,-7455
34.513822835116166,15,1.0,-11026
34.51798595586965,15,7.0,-11052
34.51982362828459,5,4.0,0
34.5207046999204,14,2.0,-11822
34.52094528766904,15,1.0,-11293
34.52232307396336,5,1.0,0
34.52553297152761,15,2.0,-11184
34.52783774280251,17,11.0,-4311
34.53049827595519,13,1.0,-11817
34.53143778521696,15,8.0,-11156
34.53588812563534,13,25.0,-11776
34.535945103158674,5,1.0,0
34.53686947041711,15,2.0,-11422
34.537748720817795,5,7.0,0
34.54204535738498,14,1.0,-11808
34.542931974135534,15,1.0,-11176
34.54458740014533,15,1.0,-11392
34.547567966190265,5,6.0,0
34.55278482533062,17,1.0,-9691
34.55278903965304,15,6.0,-11297
34.554857165252166,15,1.0,-11088
34.55673056234519,15,1.0,-11282
34.55857366942915,15,1.0,-11281
34.56007029529706,17,1.0,-6231
34.56509345666203,17,24.0,-7591
34.56539521953946,6,2.0,7721
34.566122435078526,15,1.0,-11071
34.567315224569576,13,1.0,-11766
34.56778708454782,5,4.0,0
34.56969093330935,17,2.0,-8009
34.57024578759666,15,2.0,-11438
34.57052025109576,13,2.0,-11769
34.570581871420096,15,1.0,-11338
34.57167260992509,17,1.0,-8670
34.572561141908565,15,9.0,-11041
34.57436168488669,15,2.0,-11201
34.5756493462312,17,1.0,-4404
34.57672394400929,15,4.0,-11310
34.57685360638369,15,1.0,-11380
34.57734358819643,113,49.0,-11731
34.578037021975405,14,3.0,-11753
34.578570373876076,17,1.0,-7757
34.580360562961744,13,3.0,-11855
34.582489436681726,15,2.0,-11109
34.58260218660418,5,6.0,0
34.58668099322121,13,1.0,-11805
34.58788936293489,5,2.0,0
34.588228447873405,13,3.0,-11787
34.59292041306517,5,2.0,0
34.59412890207961,5,7.0,0
34.59887453550213,15,6.0,-11196
34.6015162985179,15,2.0,-11164
34.6030973824595,13,2.0,-11829
34.60388532534437,17,7.0,-7093
34.60409133598307,15,2.0,-11344
34.6078363077111,17,1.0,-7968
34.60965549931657,5,3.0,0
34.610178749157505,15,1.0,-11349
34.611067075064184,5,3.0,0
34.619948960760595,13,2.0,-11786
34.623557904225585,15,4.0,-11327
34.6240627945249,5,7.0,0
34.6249272070175,5,4.0,0
34.62634216564454,13,2.0,-11851
34.626902220556524,14,2.0,-11834
34.62807628702961,15,1.0,-11108
34.62988275493755,13,1.0,-11823
34.63132205548719,14,4.0,-11818
34.63278744528338,15,2.0,-11190
34.63352833619574,14,2.0,-11809
34.63483277506429,14,11.0,-11802
34.63968257985458,15,1.0,-11334
34.63978832859984,15,2.0,-11100
34.64178686956139,15,11.0,-11116
34.643051789878854,17,5.0,-7190
34.6443730376736,15,3.0,-11126
34.65168367716084,5,48.0,0
34.654210932352626,15,3.0,-11276
34.65710493356804,5,1.0,0
34.65990926938676,5,4.0,0
34.65995690057437,8,3.0,7719
34.66011665707742,13,1.0,-11830
34.66196901868574,5,3.0,0
34.66284088075188,5,1.0,0
34.6629484198016,15,1.0,-11432
34.6629484198016,17,1.0,-11432
34.66465220164792,13,2.0,-11768
34.66681403875802,15,9.0,-11395
34.671232462557384,5,4.0,0
34.67370426256053,17,7.0,-6295
34.673760780111635,17,1.0,-8229
34.673801041085795,15,9.0,-11225
34.675667010280605,15,3.0,-11272
34.67740600747578,5,32.0,0
34.6801215772354,15,2.0,-11177
34.680416677058844,5,1.0,0
34.68081181952785,13,1.0,-11846
34.681126834395315,15,2.0,-11413
34.68252658268227,15,27.0,-11405
34.683700686395554,13,7.0,-11744
34.68370694805221,13,1.0,-11730
34.68662771626858,13,1.0,-11789
34.686980350718756,15,3.0,-11051
34.69037556377608,5,3.0,0
34.6914237557929,15,2.0,-11203
34.696873191514676,15,5.0,-11158
34.69932477179973,14,4.0,-11853
34.70557194979227,13,1.0,-11821
34.70644770308789,15,2.0,-11226
34.70857759202655,10,5.0,7730
34.71067663659158,15,2.0,-11135
34.71302397543015,17,2.0,-6899
34.71456331110358,16,3.0,4262
34.71828605243693,5,2.0,0
34.72156794314603,17,3.0,-10299
34.72208428978519,15,7.0,-11060
34.724606570913714,13,1.0,-11839
34.72750902311856,13,5.0,-11854
34.72872038302913,17,5.0,-4959
34.72957482999989,15,2.0,-11410
34.73331322628445,15,4.0,-11216
34.74025193927797,15,1.0,-11065
34.74039788501464,15,1.0,-11280
34.74689138846372,15,2.0,-11031
34.75009172267963,16,27.0,233
34.751751544086716,15,2.0,-11404
34.75306201647602,17,1.0,-7336
34.75347288214244,13,1.0,-11785
34.75354724278781,17,3.0,-8954
34.75391345439028,13,3.0,-11782
34.7540211107996,5,3.0,0
34.756436476225915,17,3.0,-9360
34.757098501244485,17,4.0,-7545
34.75836249814901,15,2.0,-11162
34.759552262467665,13,4.0,-11743
34.75958407919289,15,6.0,-11217
34.76098043461622,15,5.0,-11208
34.76151872352688,14,1.0,-11835
34.761573828049265,7,2.0,7729
34.76211689424964,5,1.0,0
34.76238986115942,13,2.0,-11793
34.76247443127483,15,10.0,-11228
34.762819864617484,15,4.0,-11257
34.763048260141105,15,3.0,-11256
34.76330519705303,15,1.0,-11049
34.765437164647224,5,1.0,0
34.76630253466639,17,12.0,-8881
34.769513261908614,17,1.0,-4066
34.76997618892647,15,1.0,-11321
34.77024227133043,113,51.0,-11826
34.7725420545674,14,1.0,-11837
34.7775068873089,5,2.0,0
34.777570299740695,15,1.0,-11350
34.77800120925474,15,1.0,-11296
34.77800120925474,17,1.0,-11296
34.77930675867723,5,1.0,0
34.780194632486946,15,10.0,-11317
34.78186282655021,16,2.0,2595
34.783064644906716,15,2.0,-11330
34.7834704022328,15,2.0,-11389
34.784669299827335,13,3.0,-11781
34.78816670441953,5,2.0,0
34.79079433433979,17,1.0,-8533
34.791131386953545,15,3.0,-11090
34.79210436504074,15,2.0,-11249
34.79380551497688,17,2.0,-9861
34.79484356445021,5,4.0,0
34.7952650575646,15,4.0,-11308
34.79617795677013,5,3.0,0
34.797997471955206,17,2.0,-8334
34.80103713031654,15,15.0,-11443
34.80247207713278,15,1.0,-11218
34.80403115446692,13,3.0,-11856
34.80446622696074,17,2.0,-4378
34.80472345302222,15,8.0,-11298
34.80838566872755,13,2.0,-11813
34.81384789791172,17,8.0,-8047
34.81444996097182,5,15.0,0
34.81446050068418,5,1.0,0
34.81447391768498,15,6.0,-11092
34.816147822779996,15,3.0,-11035
34.81659866666334,15,1.0,-11277
34.81659866666334,17,1.0,-11277
34.81789429858861,17,8.0,-6709
34.81815721550838,15,2.0,-11243
34.82440991252477,13,1.0,-11774
34.82445116917499,13,3.0,-11758
34.825980577698964,13,2.0,-11761
34.827163739046384,14,2.0,-11725
34.83133792659319,5,7.0,0
34.83356414835884,15,2.0,-11411
34.83364515082279,17,16.0,-5694
34.83562295086399,5,7.0,0
34.83585726477753,5,5.0,0
34.83680102587121,14,4.0,-11737
34.836921376478806,13,1.0,-11772
34.83854349962734,17,6.0,-7851
34.839789453352054,14,2.0,-11852
34.84231527967961,14,6.0,-11736
34.8441416190051,15,1.0,-11101
34.844822751597256,15,4.0,-11235
34.8458094446867,15,5.0,-11130
34.84671939681336,13,1.0,-11824
34.84737014538087,15,10.0,-11219
34.850760598047536,15,1.0,-11187
34.852289278781726,5,4.0,0
34.85407534811103,15,1.0,-11261
34.857355050208525,15,1.0,-11045
34.85827900273991,15,1.0,-11193
34.858360867883974,17,1.0,-7533
34.86078348705306,15,1.0,-11174
34.8621069296317,15,1.0,-11030
34.863728846916715,15,3.0,-11442
34.86823520238336,17,15.0,-6647
34.86867410684891,17,1.0,-4464
34.86895763679424,17,2.0,-3077
34.86988813934836,15,5.0,-11283
34.87018057965034,14,1.0,-11791
34.873384579829086,16,60.0,98
34.87429979520667,15,1.0,-11222
34.876379628785074,15,8.0,-11373
34.882724060590434,15,2.0,-11053
34.88598886860926,15,4.0,-11110
34.88716152849271,14,4.0,-11778
34.88850854217415,5,1.0,0
34.89085953720339,15,3.0,-11206
34.89102947825124,15,3.0,-11325
34.891140695790504,15,4.0,-11178
34.891257793435976,15,3.0,-11339
34.89155335105445,15,6.0,-11170
34.89194104854708,17,1.0,-6390
34.89259065087883,5,2.0,0
34.897032067895566,17,39.0,-6168
34.89740990035269,15,1.0,-11034
34.897678245374635,15,2.0,-11340
34.897725061226105,15,1.0,-11147
34.89994165778082,15,2.0,-11328
34.90312614323432,17,3.0,-6009
34.90603094091158,15,57.0,-11324
34.90665655249399,14,1.0,-11751
34.90844495774684,13,3.0,-11735
34.90958647029832,15,2.0,-11403
34.91567848524327,15,1.0,-11120
34.9193486793628,5,2.0,0
34.91939619588052,15,5.0,-11136
34.9229899013309,15,1.0,-11304
34.92412177105811,15,2.0,-11221
34.924915061159766,15,1.0,-11048
34.92523085076834,14,10.0,-11848
34.926039802733705,15,1.0,-11055
34.926039802733705,17,1.0,-11055
34.9264121181256,16,50.0,924
34.92763620372706,15,38.0,-11315
34.92770824389851,15,5.0,-11160
34.92912435533999,15,1.0,-11359
34.92912435533999,17,1.0,-11359
34.93194251103615,14,4.0,-11820
34.93565449841638,17,1.0,-8197
34.93679347738861,15,3.0,-11400
34.93803831443391,11,37.0,7733
34.93828861702688,5,3.0,0
34.94089726666981,17,1.0,-7765
34.94099389368718,15,3.0,-11393
34.94112889920124,13,3.0,-11726
34.94241247431294,16,1.0,6387
34.94299800221786,15,3.0,-11420
34.94389218470601,13,2.0,-11798
34.94489530813782,5,2.0,0
34.94753517106089,17,1.0,-7813
34.947895477232834,6,3.0,7734
34.94850287420748,17,1.0,-8989
34.94915888201211,15,1.0,-11390
34.950167520331476,17,1.0,-10374
34.95105758804111,15,4.0,-11352
34.95116462433775,16,2.0,5289
34.95183434725486,5,2.0,0
34.9538250072936,15,1.0,-11322
34.95382751878753,13,2.0,-11858
34.95484315467692,15,2.0,-11429
34.95658241414365,15,1.0,-11440
34.95744774534238,15,2.0,-11295
34.958326309889,17,10.0,-7107
34.960938924091366,15,1.0,-11180
34.96305652513284,5,4.0,0
34.965300876787666,15,56.0,-11355
34.96682373188207,15,1.0,-11064
34.96812015159768,15,1.0,-11094
34.96820083141878,113,52.0,-11815
34.97019046033749,13,2.0,-11844
34.971208575992186,15,3.0,-11171
34.975630953331844,15,2.0,-11039
34.975630953331844,17,2.0,-11039
34.977206478638074,15,1.0,-11445
34.977223274269214,5,4.0,0
34.97963871608926,5,14.0,0
34.98068181372621,13,3.0,-11779
34.98294695794521,17,1.0,-6134
34.984464455070324,5,3.0,0
34.988892952886935,5,1.0,0
34.989618315036736,15,2.0,-11139
34.98986563649844,15,1.0,-11175
34.991730524770944,5,1.0,0
34.991858962726916,15,3.0,-11154
34.99348967195908,5,2.0,0
34.9937975733365,5,4.0,0
34.99923557879033,15,6.0,-11131
35.00226397560202,15,4.0,-11456
35.00363557526272,14,3.0,-11888
35.003678899358825,5,3.0,0
35.0060713294203,15,4.0,-11540
35.00709743556928,18,,0
35.007258177980745,104,57.0,7735
35.01220592530235,15,2.0,-11450
35.01503161220355,5,6.0,0
35.016315107891856,13,2.0,-11901
35.01746730851042,15,5.0,-11409
35.01829022179377,5,1.0,0
35.024082302048896,13,4.0,-11863
35.02437590490292,13,1.0,-11879
35.02598162403588,15,2.0,-11544
35.02618314011861,15,1.0,-11421
35.02797306346846,18,,0
35.02806483898335,101,4.0,7736
35.02815055837028,15,6.0,-11471
35.034147514292485,6,6.0,7723
35.03516643082409,15,2.0,-11414
35.03539686908961,5,2.0,0
35.040983528719984,18,,0
35.041023879585175,101,2.0,7737
35.04142583272839,14,1.0,-11918
35.048933280664166,3,55.0,7738
35.05019135233474,5,1.0,0
35.05077299778715,13,2.0,-11866
35.05149573324847,5,2.0,0
35.053574154858204,17,1.0,-7671
35.0562096893838,13,1.0,-11907
35.05702277596608,15,2.0,-11408
35.058830479951745,5,8.0,0
35.061129455951196,17,3.0,-9048
35.061298349389986,8,2.0,7737
35.06277004866784,5,1.0,0
35.06645598117397,5,2.0,0
35.067977037846816,4,5.0,7739
35.06826197520333,17,2.0,-10481
35.069552881745935,5,4.0,0
35.06969558218316,5,1.0,0
35.070166828393006,15,3.0,-11406
35.07739876477126,5,16.0,0
35.07934740236174,5,18.0,0
35.079626029405055,13,4.0,-11884
35.08237692232055,15,2.0,-11437
35.08654591837709,15,1.0,-11347
35.08806617179587,16,6.0,5626
35.08905072548223,15,1.0,-11528
35.08983278921092,5,3.0,0
35.09037726373223,15,8.0,-11512
35.09225341450123,13,1.0,-11864
35.09395578995187,5,3.0,0
35.09443837290983,1,1.0,7740
35.096979097215275,13,4.0,-11916
35.09820867224486,5,1.0,0
35.09969986758302,15,2.0,-11535
35.10008740909178,5,6.0,0
35.10291540243704,5,3.0,0
35.10535322351965,15,1.0,-11549
35.108234506454046,5,4.0,0
35.10839056512868,14,4.0,-11883
35.110033194273086,15,2.0,-11475
35.11219632305052,15,5.0,-11341
35.11369044961725,5,6.0,0
35.11842557902265,1,7.0,7741
35.12226540605125,16,9.0,7200
35.125210566530406,13,5.0,-11911
35.130355860751834,15,2.0,-11468
35.13099278146813,5,10.0,0
35.13195301584172,13,1.0,-11912
35.13454423238807,15,2.0,-11507
35.14006534746716,15,3.0,-11487
35.14252349928324,5,1.0,0
35.14701388486991,5,4.0,0
35.14736300883623,17,2.0,-9563
35.1475302109526,14,2.0,-11890
35.150829628230994,5,2.0,0
35.152688668572246,5,4.0,0
35.153523651041134,5,1.0,0
35.15424812897299,15,1.0,-11466
35.15485458732944,16,6.0,6246
35.15515504676677,5,2.0,0
35.15535561590237,5,18.0,0
35.15591598631958,5,2.0,0
35.15688297892107,15,2.0,-11505
35.164447285495356,5,1.0,0
35.16474099453612,15,1.0,-11476
35.166670963525384,15,1.0,-11472
35.16788012122295,15,2.0,-11381
35.16819057269083,1,1.0,7742
35.1712861860134,13,2.0,-11860
35.17216824407246,15,1.0,-11337
35.17824219014403,13,2.0,-11862
35.17861957347134,5,5.0,0
35.18220225384162,6,1.0,7740
35.183406030556434,5,2.0,0
35.18547808590735,17,3.0,-9009
35.18706207238961,15,3.0,-11576
35.18847850645162,5,1.0,0
35.19150995001351,15,3.0,-11519
35.1931946366963,10,11.0,7732
35.1979484159553,5,2.0,0
35.198532840622015,16,2.0,1782
35.20030143625126,15,3.0,-11335
35.2028751970146,17,3.0,-5577
35.20315736606291,15,3.0,-11360
35.20548367939129,13,2.0,-11882
35.21045726418451,17,1.0,-8852
35.21176436327928,13,2.0,-11868
35.2230715596185,5,2.0,0
35.22736802056603,15,3.0,-11469
35.23065698941543,5,14.0,0
35.23091844796872,17,2.0,-10661
35.23733765618079,12,57.0,7735
35.242661647182544,17,9.0,-5092
35.24302393092953,17,3.0,-9516
35.247517528129265,13,1.0,-11880
35.2501554506944,5,4.0,0
35.25057238521707,17,3.0,-6006
35.2572814321649,5,1.0,0
35.26093402894605,15,2.0,-11459
35.26681887267649,5,14.0,0
35.266920617462205,15,1.0,-11586
35.26858187299238,16,6.0,3446
35.26879782138236,13,1.0,-11891
35.2726596047416,17,6.0,-2000
35.278776077439666,5,6.0,0
35.28385400800127,17,11.0,-5022
35.287931380585675,13,3.0,-11895
35.289973412517746,17,1.0,-3722
35.290841038965766,16,2.0,63
35.29744111784055,5,4.0,0
35.298357162717,15,4.0,-11574
35.30474494863473,5,7.0,0
35.30527430292768,5,5.0,0
35.30626957458037,17,1.0,-9472
35.31399680897535,17,3.0,-10030
35.316522786332534,17,3.0,-9110
35.31774544803136,5,2.0,0
35.31977100301055,5,1.0,0
35.3219677153662,17,2.0,-5995
35.324267928873965,17,3.0,-9686
35.325206427168666,17,3.0,-7805
35.32532396516169,5,3.0,0
35.32879093743205,17,4.0,-11161
35.33429716566665,5,4.0,0
35.33888053267605,5,1.0,0
35.34337297846824,17,3.0,-68
35.344821259985885,15,1.0,-11371
35.344821259985885,17,1.0,-11371
35.347342336851405,15,2.0,-11570
35.35424172943425,17,2.0,-7696
35.35497619765888,5,1.0,0
35.364291366214786,13,9.0,-11878
35.36436263348454,15,3.0,-11345
35.36473541318514,13,1.0,-11905
35.370558827886924,13,1.0,-11902
35.37362695337187,17,6.0,-5962
35.37581439033283,14,2.0,-11910
35.37727572657065,15,1.0,-11484
35.38049885002377,13,2.0,-11874
35.38465644210238,14,3.0,-11877
35.38806298545187,17,1.0,-5948
35.389583629776176,5,1.0,0
35.38975881553141,15,7.0,-11531
35.389772942609284,5,2.0,0
35.39036516062773,15,14.0,-11572
35.39264902015112,13,1.0,-11865
35.39499495753392,13,2.0,-11896
35.39866424788356,15,1.0,-11332
35.40013595360621,5,1.0,0
35.40159497518409,17,1.0,-9790
35.403530514197435,17,1.0,-9587
35.404087773700915,13,5.0,-11893
35.40483888588787,15,1.0,-11336
35.40542973844031,17,5.0,-4652
35.40655212216505,15,1.0,-11399
35.41003764081259,17,1.0,-4059
35.41285027188893,17,23.0,-9537
35.4152744319456,5,2.0,0
35.415725438666634,15,20.0,-11361
35.42177365169892,15,13.0,-11499
35.42580257917726,15,1.0,-11509
35.42892253550763,15,2.0,-11498
35.42925338047778,15,3.0,-11424
35.429893762393554,14,1.0,-11881
35.43068323907296,16,2.0,7709
35.434039295835426,5,1.0,0
35.43522814834302,15,4.0,-11377
35.43556668239724,16,5.0,7652
35.43591135121531,16,6.0,5797
35.44011022839888,5,1.0,0
35.44136578859055,5,1.0,0
35.44361366616126,5,5.0,0
35.4436209518599,15,10.0,-11582
35.45408015026096,13,2.0,-11892
35.45669956250003,15,3.0,-11364
35.461059251627916,17,1.0,-9269
35.461919546226525,16,2.0,3354
35.46272037388016,17,2.0,-3461
35.46524978796004,5,1.0,0
35.46698157813477,5,4.0,0
35.46819254160438,15,5.0,-11382
35.4704994370314,17,2.0,-9912
35.47230011327504,17,3.0,-8967
35.47332802809903,15,1.0,-11488
35.475307501511224,15,7.0,-11538
35.47803889896781,5,2.0,0
35.484989345084436,15,1.0,-11494
35.48740238118744,5,7.0,0
35.487811817396434,5,7.0,0
35.48938109185769,15,1.0,-11397
35.494696597015064,15,5.0,-11588
35.49605668542603,15,1.0,-11434
35.497795943477,5,7.0,0
35.498312019920604,17,3.0,-9256
35.50051319331615,17,3.0,-6123
35.50366675641137,15,3.0,-11490
35.50509228417095,17,2.0,-4008
35.50666418417496,15,2.0,-11520
35.510165235435565,16,9.0,6609
35.511016501941626,17,4.0,-5940
35.51436696448313,5,6.0,0
35.521006506948765,15,2.0,-11379
35.52176577164824,15,1.0,-11346
35.522366640184465,5,1.0,0
35.522374674414955,5,1.0,0
35.522766263699005,5,2.0,0
35.524136183272915,5,3.0,0
35.525955474041005,5,2.0,0
35.52796876842595,17,1.0,-5264
35.52889667094958,1,3.0,7743
35.53156566020937,17,2.0,-5845
35.53307514133926,15,9.0,-11502
35.53646889650961,5,3.0,0
35.53815884980924,5,2.0,0
35.541714303924635,5,4.0,0
35.54174129883971,15,1.0,-11372
35.54254580597249,13,2.0,-11861
35.545435436117614,15,2.0,-11578
35.54659923131345,5,1.0,0
35.54776056092738,5,1.0,0
35.55100779341896,17,1.0,-10353
35.55233851595099,16,4.0,7240
35.5535339027213,15,4.0,-11388
35.55410406606826,15,3.0,-11467
35.55662899470213,15,1.0,-11539
35.558452577291405,15,1.0,-11412
35.55875319427984,16,4.0,6755
35.558918541076885,17,1.0,-7988
35.561371317025475,14,3.0,-11900
35.56143101987273,17,1.0,-10022
35.562234432870845,5,6.0,0
35.56481881132373,17,1.0,-7870
35.56582900418616,5,3.0,0
35.56610323054226,15,2.0,-11522
35.56784184792381,17,1.0,-10397
35.56980786391306,17,3.0,-10033
35.57090816669333,17,5.0,-9375
35.573417696067686,16,2.0,6036
35.574437812130206,15,1.0,-11513
35.574437812130206,17,1.0,-11513
35.57521460469935,17,3.0,-9555
35.57628706058018,5,4.0,0
35.57772161649605,15,4.0,-11402
35.5811366501136,15,4.0,-11375
35.58150190654195,17,1.0,-10829
35.584480410027126,5,9.0,0
35.58586057217099,17,6.0,-7540
35.58720910812215,7,11.0,7725
35.5914779047592,17,2.0,-9025
35.592716886280286,5,1.0,0
35.592856479701695,17,2.0,-10322
35.59353361624785,5,7.0,0
35.59585957834205,17,1.0,-7369
35.596595986787385,15,1.0,-11561
35.59898368336384,5,3.0,0
35.59910241215506,15,1.0,-11585
35.59912087093869,17,2.0,-213
35.6047464083936,15,3.0,-11444
35.604885647775035,14,4.0,-11885
35.60823599105547,15,1.0,-11536
35.608627636920076,17,1.0,-7987
35.61947426662828,15,7.0,-11580
35.62109268767609,15,1.0,-11495
35.6221771253954,13,1.0,-11871
35.62243054810871,17,2.0,-10288
35.62283958170577,7,2.0,7721
35.62561844171935,15,5.0,-11331
35.62652333262727,5,2.0,0
35.62977193567241,15,4.0,-11374
35.63128355694437,5,3.0,0
35.631400922300166,15,4.0,-11517
35.63288292973175,17,2.0,-9641
35.63375272458522,13,1.0,-11909
35.63581434957294,15,2.0,-11449
35.636581286747756,15,2.0,-11387
35.6368516067514,13,1.0,-11872
35.637621958584326,5,2.0,0
35.64007169344594,5,3.0,0
35.64086005052631,13,1.0,-11870
35.64244518335981,15,5.0,-11508
35.64390408137083,5,4.0,0
35.64453656367769,15,4.0,-11564
35.64811744011753,14,2.0,-11917
35.6501675386953,17,6.0,-3097
35.650509203156744,16,11.0,7522
35.65078662303462,17,4.0,-10137
35.657088896203696,15,3.0,-11323
35.659972489961085,15,6.0,-11366
35.664225514441185,15,1.0,-11451
35.664225514441185,17,1.0,-11451
35.664304162566985,15,1.0,-11441
35.6687383741707,16,1.0,7575
35.67191380743036,15,1.0,-11583
35.6779318957858,14,3.0,-11867
35.67806905743611,16,3.0,6055
35.67977949134114,17,3.0,-6191
35.68044850749112,16,1.0,7067
35.68188973765051,15,42.0,-11479
35.681929116344236,13,5.0,-11875
35.68957130583654,15,2.0,-11501
35.68998800357796,17,9.0,-9505
35.69367535402979,10,43.0,7728
35.69384232591615,17,2.0,-5029
35.6943897416286,17,1.0,-3741
35.69493048362148,16,5.0,3406
35.700935355740896,15,20.0,-11426
35.7015530633123,5,2.0,0
35.70332274568601,5,2.0,0
35.705777875671636,15,1.0,-11559
35.705791131608166,17,2.0,-9551
35.70746038510623,15,2.0,-11447
35.70746038510623,17,2.0,-11447
35.70824759243948,17,1.0,-8507
35.70905107074002,17,13.0,-5335
35.712159836748775,6,7.0,7741
35.71351648854708,15,6.0,-11555
35.714323446589475,5,2.0,0
35.71540480538703,14,5.0,-11898
35.7182102451133,15,1.0,-11396
35.72173429930656,17,15.0,-5751
35.72441000390083,15,5.0,-11370
35.72574864528494,17,2.0,-7950
35.726503884245446,17,1.0,-5976
35.73535710346653,15,3.0,-11386
35.736811979016956,15,1.0,-11492
35.73715505241771,5,4.0,0
35.73758409102153,17,4.0,-7821
35.744778954047675,17,1.0,-7071
35.74684785072883,14,1.0,-11889
35.74867636643139,13,1.0,-11904
35.74971858935589,5,1.0,0
35.75347626699084,15,3.0,-11417
35.75359166807594,16,1.0,5271
35.75543602773773,17,5.0,-6000
35.75563749875542,15,2.0,-11391
35.7583142699209,15,1.0,-11510
35.75927718774428,15,1.0,-11436
35.76007663052794,15,1.0,-11482
35.76431283684898,17,34.0,-205
35.768968754054974,15,3.0,-11333
35.769921723683105,15,2.0,-11446
35.77220676541767,5,1.0,0
35.774692915391896,13,2.0,-11887
35.776718231212094,5,1.0,0
35.778183720843565,15,4.0,-11452
35.78807863571337,15,2.0,-11554
35.78889948241943,16,2.0,6288
35.79035095789264,13,1.0,-11897
35.79269454149132,5,1.0,0
35.794494224434395,13,1.0,-11914
35.79701842116188,14,1.0,-11876
35.797510695005215,15,1.0,-11461
35.799722480285155,5,1.0,0
35.80155237998444,15,4.0,-11453
35.80572960140938,5,2.0,0
35.806281199710824,15,1.0,-11418
35.80995211043319,5,1.0,0
35.81139068070318,17,7.0,-3755
35.812810204099556,15,12.0,-11581
35.81380161306262,16,3.0,7422
35.81415720413639,5,1.0,0
35.81588834146221,16,4.0,7674
35.82139263118098,14,3.0,-11899
35.8244351645862,15,1.0,-11575
35.82602384779376,15,5.0,-11546
35.82616536332687,15,2.0,-11356
35.82616536332687,17,2.0,-11356
35.82919743345133,16,47.0,3536
35.829673624345816,5,1.0,0
35.831594185959695,5,1.0,0
35.83261967613867,15,2.0,-11401
35.834272490586415,17,1.0,-3285
35.83540995586573,15,2.0,-11363
35.836241969060524,5,3.0,0
35.837364334059686,15,14.0,-11353
35.838612556131096,17,15.0,-10126
35.8399500691779,15,1.0,-11473
35.84247954436388,15,1.0,-11320
35.84265646455137,17,2.0,-9158
35.85038961642847,15,2.0,-11376
35.85336420624532,17,1.0,-4023
35.85600767949705,15,5.0,-11514
35.856730141668734,5,1.0,0
35.85766228523291,15,1.0,-11503
35.85865235030557,5,2.0,0
35.86116305666995,16,5.0,4712
35.86346685903516,17,1.0,-5601
35.86382277017188,5,2.0,0
35.866307093166405,17,1.0,-7947
35.866556976951344,5,6.0,0
35.86703631488359,15,3.0,-11448
35.86924393864172,5,4.0,0
35.87424441479481,17,1.0,-7493
35.87432908617487,13,1.0,-11903
35.87539733024426,17,3.0,-6375
35.87577867430832,15,7.0,-11523
35.87684134662853,5,3.0,0
35.878348442095245,14,1.0,-11906
35.87917652932755,15,1.0,-11533
35.881950028677025,5,2.0,0
35.88406747914094,5,1.0,0
35.884585433284805,15,4.0,-11329
35.88836936817283,17,2.0,-7705
35.8897220187271,17,6.0,-9298
35.890461746023625,13,1.0,-11869
35.89052770036041,17,23.0,-9927
35.897558011122946,13,2.0,-11913
35.90035820444984,15,3.0,-11547
35.90417629648911,15,1.0,-11378
35.90533281024479,5,2.0,0
35.90882957258588,17,1.0,-7360
35.91048345352135,17,2.0,-7468
35.911031376337185,5,3.0,0
35.911882586530815,9,2.0,7737
35.91818061916308,15,2.0,-11343
35.92114128570576,17,6.0,-6872
35.9263692586743,14,3.0,-11873
35.9282077092468,15,3.0,-11460
35.9282077092468,17,3.0,-11460
35.9304659952014,17,3.0,-7963
35.93059955929247,5,2.0,0
35.930960241997255,17,2.0,-4314
35.93552695776758,15,5.0,-11455
35.935646462214365,17,1.0,-6160
35.938493918042376,17,5.0,-10378
35.94140890790124,17,7.0,-10521
35.94174142765296,5,2.0,0
35.94342030016718,5,1.0,0
35.944690878230894,15,2.0,-11326
35.946913484373255,5,2.0,0
35.95366024018502,17,5.0,-6856
35.954121035015916,5,1.0,0
35.955099282212174,13,4.0,-11915
35.95714237856755,14,2.0,-11908
35.95911537405626,5,2.0,0
35.95974512015494,10,55.0,7738
35.9598163229343,15,7.0,-11563
35.959943321461324,1,2.0,7744
35.96805291560879,15,2.0,-11541
35.971544993476414,13,6.0,-11886
35.97203593483221,15,4.0,-11383
35.973548614874126,14,4.0,-11894
35.97648219419382,15,8.0,-11348
35.979442535393815,17,1.0,-9097
35.98807172860711,17,8.0,-7276
35.99010636510393,16,2.0,5772
35.99038665422424,15,3.0,-11543
35.99217087045379,17,25.0,-5301
35.99547422547461,17,1.0,-8170
35.99609602276844,5,12.0,0
36.000346578293666,9,3.0,7719
36.00090207519055,16,2.0,7638
36.002695786064336,15,1.0,-11548
36.00432126251253,17,2.0,-9220
36.00436950317806,5,5.0,0
36.00546370165511,15,1.0,-11670
36.00737800627735,15,1.0,-11545
36.007955473904275,5,5.0,0
36.01246534313416,13,4.0,-11939
36.02389718002653,15,2.0,-11656
36.029833998554764,15,4.0,-11720
36.032232814079805,15,1.0,-11567
36.032244196048566,5,12.0,0
36.03244530848156,15,2.0,-11646
36.03485136489187,13,2.0,-11949
36.03588651518842,5,5.0,0
36.038107723752866,5,2.0,0
36.04163214085254,17,6.0,-10910
36.042985401381436,15,4.0,-11623
36.04392236113998,7,6.0,7723
36.04792805574338,15,1.0,-11698
36.05133570941859,17,7.0,-7566
36.052587487344624,15,1.0,-11686
36.05488164322543,17,5.0,-9371
36.055176961528204,13,7.0,-11950
36.05683619032212,5,32.0,0
36.057200100935965,13,2.0,-11936
36.06108277092665,15,5.0,-11699
36.061539660622515,15,4.0,-11706
36.062181457750334,13,3.0,-11958
36.06259405103758,5,17.0,0
36.06296518230684,5,4.0,0
36.06393477766065,5,2.0,0
36.06750650278465,5,5.0,0
36.07544959536151,15,1.0,-11648
36.07618352424454,13,1.0,-11952
36.07723403618361,15,2.0,-11724
36.081505110506555,17,1.0,-8364
36.08536702478516,13,44.0,-11948
36.08701716097483,15,2.0,-11480
36.090438325423385,5,3.0,0
36.10215790483009,15,2.0,-11671
36.1042692103697,15,11.0,-11634
36.107962878778025,15,3.0,-11691
36.10862798974911,15,2.0,-11678
36.11722579997352,13,1.0,-11966
36.119956250918875,15,2.0,-11577
36.129269580649876,17,2.0,-10493
36.12931456487163,5,3.0,0
36.132797841236936,16,4.0,7433
36.13735508644892,15,2.0,-11615
36.13828850576474,17,1.0,-10113
36.13911732469192,17,3.0,-8379
36.140515337790426,13,2.0,-11944
36.14537665171535,13,1.0,-11933
36.15168434704545,5,5.0,0
36.15186543729324,4,5.0,7745
36.15443419215933,15,2.0,-11705
36.15592713125196,17,1.0,-10543
36.15622503693226,15,1.0,-11566
36.15636114298355,15,4.0,-11640
36.162428006123925,5,6.0,0
36.17158880533974,17,2.0,-10783
36.1721870123501,5,3.0,0
36.17369670579366,16,1.0,7279
36.18061479437496,17,2.0,-8687
36.18187313827596,15,1.0,-11529
36.18215398007138,15,4.0,-11713
36.182612941595686,5,4.0,0
36.18287106737051,5,1.0,0
36.18638763802299,15,7.0,-11612
36.18684316333506,13,3.0,-11943
36.18819298014356,113,49.0,-11919
36.19122877862323,17,10.0,-9821
36.19345973083877,5,1.0,0
36.19422562710754,17,5.0,-7273
36.20050259546634,5,6.0,0
36.20225465290993,15,1.0,-11562
36.20277788631053,17,1.0,-10036
36.20942712682486,17,4.0,-5226
36.210188552094145,17,6.0,-8384
36.21203813760851,15,3.0,-11709
36.213094619020964,15,7.0,-11622
36.214606011134926,5,5.0,0
36.215380342010164,15,2.0,-11626
36.21618836108906,5,3.0,0
36.21702633927848,17,8.0,-6842
36.223005649856404,14,2.0,-11967
36.22429332182664,5,2.0,0
36.22654465733392,13,18.0,-11937
36.229242427869785,5,1.0,0
36.2312174477905,15,1.0,-11722
36.23872331082233,17,2.0,-8655
36.241205893542315,16,4.0,5161
36.24248136507378,15,4.0,-11639
36.24688643468197,5,4.0,0
36.248102482946926,15,2.0,-11458
36.25162312963475,15,20.0,-11643
36.2525449050387,17,12.0,-10579
36.25285238808742,15,1.0,-11524
36.25285238808742,17,1.0,-11524
36.2530209482727,15,8.0,-11558
36.257207506586646,15,1.0,-11667
36.257207506586646,17,1.0,-11667
36.25764018843244,5,4.0,0
36.26019871063647,15,13.0,-11579
36.260409878944955,15,3.0,-11604
36.26690688753606,5,2.0,0
36.267259381999395,13,4.0,-11956
36.27176767904075,17,1.0,-6978
36.2733574672374,17,1.0,-9614
36.27490114696146,15,7.0,-11496
36.27961225120411,11,5.0,7727
36.28402617881014,17,1.0,-9697
36.28466000129035,15,6.0,-11642
36.287551703382434,4,6.0,7746
36.2910718956815,5,4.0,0
36.29164642178316,5,6.0,0
36.294277876274336,17,2.0,-5025
36.29692156708034,113,49.0,-11940
36.298781697912965,5,1.0,0
36.30031302709879,14,3.0,-11942
36.30059210948053,15,4.0,-11632
36.301002433697946,14,1.0,-11947
36.302196367270234,15,15.0,-11680
36.302499050943204,15,2.0,-11500
36.31116533289619,5,4.0,0
36.31270273651531,13,1.0,-11938
36.31541986884135,15,4.0,-11511
36.31819221781132,15,1.0,-11630
36.321303261820276,15,1.0,-11526
36.3230074914069,13,4.0,-11972
36.32425016427241,15,4.0,-11598
36.328743094360384,15,12.0,-11610
36.32879875295999,15,7.0,-11587
36.33214773481907,15,1.0,-11552
36.33449185993117,15,3.0,-11647
36.3356750826539,15,2.0,-11638
36.33752626926998,14,2.0,-11971
36.340511373982665,17,1.0,-7562
36.342925384262806,13,5.0,-11921
36.350504581404095,13,1.0,-11924
36.35396249534957,5,1.0,0
36.35611084350673,17,1.0,-7156
36.35618015507875,17,2.0,-6595
36.35711959309499,17,2.0,-5778
36.357646683468886,15,6.0,-11532
36.360286827020964,6,1.0,7742
36.36062475983498,17,2.0,-8281
36.36198568972387,15,1.0,-11664
36.36273586129532,17,1.0,-7923
36.36921558522983,15,1.0,-11589
36.36938779775292,15,4.0,-11710
36.37247382668649,5,29.0,0
36.376439298195855,15,1.0,-11542
36.3827305529377,16,3.0,6779
36.385169622894644,5,1.0,0
36.386667272655245,15,1.0,-11550
36.39086731677581,17,3.0,-6423
36.39380343170651,13,1.0,-11954
36.39641174476547,15,2.0,-11537
36.397206536446866,17,1.0,-1298
36.39821913256109,1,5.0,7747
36.398640342718984,5,7.0,0
36.39870652574113,15,3.0,-11690
36.399421882937744,5,4.0,0
36.401879591547285,16,50.0,2549
36.40709431074734,17,1.0,-4553
36.40711913164454,13,1.0,-11941
36.40922144371763,14,4.0,-11922
36.411330731956916,17,6.0,-8642
36.416403502678065,5,4.0,0
36.418241418515855,15,1.0,-11616
36.42426150909462,15,3.0,-11474
36.42564828462192,15,4.0,-11560
36.4319596811379,17,3.0,-9362
36.43311941256948,15,3.0,-11478
36.434298457964154,15,3.0,-11568
36.43586027698356,16,1.0,7587
36.43911433643955,5,8.0,0
36.43995649311758,16,47.0,3035
36.44096318000704,3,58.0,7748
36.44515294250127,5,1.0,0
36.44582053688645,16,1.0,3409
36.4471995091373,5,1.0,0
36.45640856903189,17,3.0,-2865
36.46729410407067,5,1.0,0
36.46839296021105,5,1.0,0
36.468851548245105,17,1.0,-10005
36.4706409721297,13,5.0,-11932
36.47332247762201,17,1.0,-7261
36.47644725673857,17,1.0,-8830
36.47826700923189,17,1.0,-11342
36.48350329128171,15,11.0,-11470
36.48583194815159,17,4.0,-5011
36.48779992659581,15,2.0,-11477
36.48823491988969,15,4.0,-11525
36.493451188648834,15,6.0,-11719
36.49448786300519,13,7.0,-11961
36.494630847530004,17,2.0,-11033
36.49678548886925,17,1.0,-8851
36.497582756201815,14,1.0,-11929
36.49964642864759,5,5.0,0
36.49994737943196,16,10.0,5884
36.50556675749822,17,11.0,-9967
36.50772406541635,15,1.0,-11600
36.50919245993938,15,1.0,-11493
36.512182214872325,17,3.0,-5367
36.51325691964125,15,2.0,-11687
36.51761458453646,17,1.0,-7785
36.51914300717545,14,7.0,-11964
36.5223089577889,13,2.0,-11930
36.52286619453496,16,26.0,5484
36.52507488012183,6,2.0,7744
36.52606512892436,15,2.0,-11633
36.52840443438758,15,9.0,-11649
36.528771508901606,15,2.0,-11611
36.531310787758514,17,1.0,-9494
36.53484898382236,15,3.0,-11597
36.536100445708634,5,3.0,0
36.5369099380901,14,2.0,-11951
36.53995804768738,15,2.0,-11652
36.543310469429144,1,6.0,7749
36.546578875533704,14,2.0,-11953
36.54733723502036,13,1.0,-11927
36.54763924571522,13,2.0,-11959
36.548747250738096,16,2.0,6883
36.55018733971322,15,4.0,-11607
36.5505342285871,17,1.0,-7199
36.5564624368672,15,1.0,-11504
36.55732831327583,15,7.0,-11553
36.5575430420365,15,2.0,-11677
36.56062134180691,15,1.0,-11707
36.56062178729242,5,1.0,0
36.56526037395384,15,1.0,-11556
36.56722190150814,15,2.0,-11635
36.56938153471757,5,6.0,0
36.57045706909658,17,5.0,-9390
36.57352112525077,17,1.0,-10641
36.57375337497695,14,3.0,-11955
36.58379391925039,5,1.0,0
36.58436480271823,14,1.0,-11968
36.5847954935894,17,3.0,-9758
36.58645295570343,15,1.0,-11628
36.586800386691074,15,3.0,-11465
36.58941348653742,14,2.0,-11965
36.59067569025746,15,4.0,-11675
36.59187118274961,17,3.0,-6363
36.59226354741225,5,1.0,0
36.59442993434762,5,7.0,0
36.59475137098343,15,10.0,-11654
36.5958310869367,14,2.0,-11928
36.596332323426566,17,4.0,-6887
36.60075594641739,10,6.0,7746
36.60431954734286,5,7.0,0
36.60706364592581,15,2.0,-11641
36.607243140139474,15,2.0,-11629
36.61376303361182,5,5.0,0
36.619100797272466,15,1.0,-11716
36.620670858879016,15,3.0,-11714
36.6215748151377,15,8.0,-11584
36.62584683814194,17,1.0,-4526
36.627382525143105,14,2.0,-11926
36.6305113337349,15,3.0,-11527
36.6305113337349,17,3.0,-11527
36.630844119944214,5,2.0,0
36.63711541836435,15,1.0,-11518
36.64102693246438,17,1.0,-6144
36.64300568030967,15,1.0,-11718
36.643931843841806,5,2.0,0
36.646668299728105,5,8.0,0
36.65151628120839,17,1.0,-8691
36.65717522970373,17,4.0,-10128
36.65840302199311,5,9.0,0
36.65865503887188,5,5.0,0
36.665999572965475,5,1.0,0
36.668639920187395,17,1.0,-10574
36.67133700830419,17,2.0,-9172
36.674355820309906,15,6.0,-11569
36.678018027598846,16,44.0,2980
36.67966301910634,5,9.0,0
36.680306080366,113,24.0,-11976
36.686406206662284,15,8.0,-11711
36.68669353519724,13,1.0,-11923
36.68874982165573,8,4.0,7736
36.69427044896609,5,1.0,0
36.69459994778745,15,2.0,-11618
36.69553354665117,15,14.0,-11593
36.69808483593019,15,1.0,-11573
36.70076613864928,15,2.0,-11491
36.70113246774904,17,4.0,-3988
36.70231112287849,16,1.0,6435
36.70269028563442,13,23.0,-11945
36.70633949591739,5,4.0,0
36.708260444322555,17,4.0,-10047
36.708532153857355,13,11.0,-11946
36.70910827933213,6,6.0,7749
36.711857307907096,17,1.0,-4583
36.71232185167681,13,1.0,-11957
36.71279262210311,15,22.0,-11464
36.713529255198395,5,3.0,0
36.71588180575386,15,5.0,-11694
36.716523429154975,13,3.0,-11960
36.71913075410026,8,6.0,7749
36.724026364337576,15,2.0,-11602
36.72647152577144,5,1.0,0
36.727536860564705,5,2.0,0
36.7282170962268,15,1.0,-11565
36.729342532306205,15,8.0,-11481
36.730335289836184,5,8.0,0
36.73277683948957,5,5.0,0
36.732892977865596,15,2.0,-11703
36.739021871960844,15,2.0,-11660
36.73982493915463,5,3.0,0
36.743326154594946,17,3.0,-10745
36.74911333749146,5,1.0,0
36.74922527121905,5,3.0,0
36.75053984182438,17,9.0,-8421
36.754054895963876,15,7.0,-11603
36.756036818405086,13,1.0,-11973
36.75661870180945,13,2.0,-11963
36.75920225760112,5,19.0,0
36.763342321428674,5,4.0,0
36.768754913108495,15,7.0,-11627
36.77396481259585,5,2.0,0
36.77446329395882,5,1.0,0
36.77589209951913,15,2.0,-11681
36.77877272666003,17,3.0,-4658
36.782059579993714,17,3.0,-9344
36.78335171771964,5,1.0,0
36.78422180028827,15,1.0,-11463
36.78641860713231,5,1.0,0
36.7872693692358,16,11.0,4828
36.78790880836421,17,4.0,-6883
36.78883534956489,15,8.0,-11702
36.789203276376384,16,5.0,6487
36.789376242718554,15,5.0,-11521
36.79124566573031,1,2.0,7750
36.792211406301334,17,1.0,-6552
36.79299973158019,15,1.0,-11697
36.80062101784302,15,7.0,-11617
36.802319129310966,17,1.0,-6744
36.80288978271426,5,1.0,0
36.811314824432706,17,3.0,-8456
36.81405200138146,17,5.0,-5360
36.821627874182816,6,1.0,7731
36.8219338668693,15,3.0,-11462
36.82434769964027,16,3.0,6585
36.82440906421276,17,1.0,-8858
36.824578484127336,5,3.0,0
36.82485470380749,6,3.0,7743
36.82500040104752,13,5.0,-11935
36.829811858251276,15,1.0,-11489
36.8309455573703,15,8.0,-11557
36.831187246468225,17,6.0,-7550
36.83237490903278,17,5.0,-9956
36.83958620200365,17,1.0,-8133
36.842306019819574,17,1.0,-10470
36.84420629176958,15,4.0,-11506
36.8462762561401,5,7.0,0
36.84772382455108,5,2.0,0
36.848508188378744,17,2.0,-7315
36.85076202663929,14,3.0,-11977
36.85423741942665,5,1.0,0
36.85489221114986,113,56.0,-11970
36.856084132926696,5,1.0,0
36.857027329684314,5,2.0,0
36.86112143862946,15,1.0,-11497
36.86324676036039,13,2.0,-11974
36.86352606083354,15,2.0,-11701
36.864173719952156,15,3.0,-11571
36.86667599748316,15,2.0,-11486
36.86677027937675,16,2.0,6431
36.871130507430266,16,6.0,7485
36.871523400758406,5,3.0,0
36.87188851841232,5,16.0,0
36.873047330302505,17,1.0,-8032
36.87358783242006,17,2.0,-10060
36.87418806338577,13,2.0,-11962
36.87852039290255,5,4.0,0
36.8791071721191,5,1.0,0
36.883464758069664,15,1.0,-11515
36.88538519183244,17,2.0,-6326
36.889309708431,5,1.0,0
36.89039875314312,5,9.0,0
36.89255116388254,10,5.0,7739
36.89643502544096,6,5.0,7747
36.89846468333796,17,1.0,-10765
36.89875899350836,16,2.0,7016
36.8998428392692,14,12.0,-11925
36.903643820985714,113,49.0,-11975
36.90371427936431,15,8.0,-11608
36.904716887445694,5,2.0,0
36.90901988398078,5,4.0,0
36.909265954711515,5,13.0,0
36.90936317167338,5,2.0,0
36.9144505090639,15,5.0,-11485
36.91596266775784,17,2.0,-9387
36.91874569986712,8,3.0,7734
36.921018492875326,5,2.0,0
36.92145143483908,15,2.0,-11534
36.92282387171021,17,2.0,-9012
36.924037194866855,16,5.0,4391
36.92503473414816,14,8.0,-11934
36.92728668532699,5,4.0,0
36.92809404715253,15,5.0,-11659
36.9286132139574,15,3.0,-11669
36.928885863782334,17,1.0,-5791
36.92995595706437,5,2.0,0
36.93184083078589,15,1.0,-11665
36.93492337744025,9,4.0,7736
36.93536114867615,17,1.0,-4397
36.936013796179296,13,12.0,-11931
36.93674462902014,17,1.0,-6732
36.93689398776171,5,1.0,0
36.93980375253584,17,3.0,-7956
36.946069440464676,5,1.0,0
36.94853860582235,17,8.0,-10255
36.94870085280448,16,10.0,986
36.95083240320299,15,2.0,-11683
36.95392063063541,5,4.0,0
36.95831343542197,15,2.0,-11692
36.9682322502008,17,2.0,-8571
36.96921572490778,5,2.0,0
36.971918674217484,15,2.0,-11516
36.97203593483221,17,4.0,-11383
36.973317486013556,5,1.0,0
36.974483024839365,17,2.0,-10461
36.975558861635115,13,1.0,-11969
36.97833902324031,15,1.0,-11530
36.97885418541921,17,11.0,-1946
36.980417096205315,15,1.0,-11483
36.98261170200379,15,2.0,-11637
36.98316897658117,16,51.0,1101
36.984819922029175,15,3.0,-11723
36.98858927707461,17,2.0,-9592
36.989682749025995,5,2.0,0
36.99072984309297,14,1.0,-11920
36.99441596017989,17,3.0,-84
36.997916398528844,5,4.0,0
37.00196017504121,15,3.0,-11855
37.0051586746538,15,3.0,-11752
37.0077764136088,5,6.0,0
37.01433890705763,10,5.0,7745
37.01670456865863,16,8.0,7671
37.017370706918975,15,1.0,-11797
37.01781615427758,17,4.0,-10644
37.01890646605048,15,4.0,-11729
37.02316519309026,15,2.0,-11755
37.02506073538451,3,41.0,7751
37.026028983205535,15,1.0,-11832
37.027713934610226,5,5.0,0
37.02989188874997,15,1.0,-11689
37.03068513202438,1,1.0,7752
37.03205561106592,17,2.0,-8277
37.03319698225075,15,1.0,-11833
37.03381550751534,15,5.0,-11733
37.034591369471336,5,2.0,0
37.034872027211904,17,1.0,-6556
37.03573495415648,17,6.0,-9304
37.04216734688051,16,1.0,7350
37.04672026915548,13,2.0,-11985
37.04740820636261,15,3.0,-11590
37.04846095441232,17,2.0,-9112
37.04927252618614,15,2.0,-11764
37.04929408463106,5,6.0,0
37.05064975000899,15,2.0,-11760
37.05071327393844,15,2.0,-11655
37.052322894273445,13,1.0,-12035
37.052922340341645,15,1.0,-11747
37.055299312038656,15,3.0,-11651
37.05549544338635,1,1.0,7753
37.05592040344281,5,10.0,0
37.05856789789379,15,1.0,-11807
37.06451880907816,15,1.0,-11792
37.06510505161737,15,3.0,-11644
37.06520197662005,15,1.0,-11717
37.0684828809088,15,4.0,-11696
37.068639935566395,5,12.0,0
37.072458064964735,13,3.0,-12009
37.07377458751411,17,1.0,-9309
37.07590884054472,15,11.0,-11619
37.0809985087921,6,1.0,7753
37.088111022674454,13,3.0,-11994
37.088846842498654,15,1.0,-11847
37.09491551611174,17,3.0,-6260
37.09752328456342,16,10.0,5077
37.099532413334906,16,27.0,1708
37.09996268249395,14,2.0,-12036
37.10284610063748,13,55.0,-12011
37.10385770873348,5,1.0,0
37.10652003353912,5,3.0,0
37.11460572554412,5,1.0,0
37.11592602666115,3,3.0,7754
37.11794712366436,17,2.0,-5900
37.12026276982409,13,2.0,-11990
37.12284733721181,5,7.0,0
37.12492495303901,16,6.0,4975
37.127058079156924,5,2.0,0
37.12847874659314,15,2.0,-11838
37.12930693930655,13,1.0,-11980
37.13187472159701,17,1.0,-3321
37.133188144641494,15,4.0,-11818
37.13584667245883,17,4.0,-9685
37.136504633416635,13,6.0,-11988
37.13750765681265,17,1.0,-10962
37.139136286332054,5,1.0,0
37.14379756710768,16,1.0,7347
37.14620740897155,15,4.0,-11795
37.14826935849768,5,2.0,0
37.149233620807784,5,1.0,0
37.151485168874444,17,5.0,-8537
37.152067827266805,16,7.0,4048
37.15258576045922,17,1.0,-8710
37.156048115629574,15,2.0,-11803
37.15768674247329,5,2.0,0
37.160935684694586,5,1.0,0
37.168480297908566,14,3.0,-11996
37.16901688985642,15,1.0,-11663
37.16906275831207,4,58.0,7755
37.1692400712983,17,1.0,-9453
37.17131212794125,15,5.0,-11799
37.17210069439788,13,1.0,-12013
37.172940033728636,15,3.0,-11767
37.17352613152214,15,15.0,-11700
37.17649062601567,15,2.0,-11811
37.17651723628466,15,1.0,-11770
37.178482528438884,13,1.0,-11992
37.18058735364009,5,5.0,0
37.18101839467067,15,1.0,-11745
37.18231719934965,5,3.0,0
37.183120277315794,17,1.0,-9487
37.187758034786754,15,2.0,-11672
37.18901551217724,15,1.0,-11658
37.190558212440735,5,2.0,0
37.19283385592117,5,4.0,0
37.19483112534502,13,4.0,-11981
37.19752528109495,14,1.0,-11982
37.19873098434389,16,42.0,2623
37.19937073027528,14,2.0,-11993
37.20424967556843,15,1.0,-11788
37.20722720063005,15,2.0,-11738
37.20862289607703,17,2.0,-3390
37.20873466888074,15,1.0,-11843
37.21101745586155,15,1.0,-11775
37.21401259800625,15,1.0,-11601
37.21437891315858,15,3.0,-11631
37.21835679990854,13,3.0,-11999
37.223424289460056,15,1.0,-11650
37.22373639995686,15,1.0,-11800
37.2238344222755,15,1.0,-11599
37.232146102109105,5,2.0,0
37.236739466556756,15,1.0,-11592
37.23751611927315,5,2.0,0
37.23987069462958,5,6.0,0
37.24027079710765,14,4.0,-11978
37.2448621424969,13,1.0,-12006
37.24945176173382,17,1.0,-10089
37.25919008541438,15,5.0,-11756
37.26004177612816,15,4.0,-11732
37.26046084183531,17,1.0,-9306
37.27217821060648,13,12.0,-11986
37.27480765299277,15,1.0,-11828
37.277570533930295,5,2.0,0
37.27827865659575,15,2.0,-11645
37.27877508789106,16,9.0,1339
37.27879404881286,5,12.0,0
37.282219295433855,5,2.0,0
37.28342861312499,5,16.0,0
37.288225629399676,5,3.0,0
37.29123642584727,15,1.0,-11823
37.29271186032989,5,3.0,0
37.295496417326156,5,1.0,0
37.295624187696944,5,7.0,0
37.29687953228154,13,2.0,-12028
37.29793667687032,17,3.0,-9709
37.299157337105676,5,5.0,0
37.300753088952035,15,4.0,-11679
37.300883852872175,5,2.0,0
37.30366295316561,15,2.0,-11777
37.30742892782354,13,1.0,-12021
37.308278401325865,5,7.0,0
37.30855560780336,15,1.0,-11816
37.31099114295868,5,1.0,0
37.31245388924437,13,20.0,-12023
37.314422004228334,15,4.0,-11857
37.318511338513346,17,6.0,-8218
37.31910831116761,16,4.0,3221
37.31916338847712,16,39.0,7654
37.32528183616197,16,4.0,3843
37.33040386088357,13,1.0,-12026
37.33361877828737,13,2.0,-12016
37.3375744474043,5,6.0,0
37.348168962563115,13,1.0,-12008
37.348894662868695,13,2.0,-12005
37.34987410391859,15,1.0,-11740
37.351204514923545,17,6.0,-9954
37.35139062957287,17,6.0,-8866
37.35337012215296,5,4.0,0
37.353946302404125,5,3.0,0
37.35405579160479,15,1.0,-11657
37.355818456624014,15,3.0,-11750
37.35801164262644,17,1.0,-8811
37.3582047598999,15,2.0,-11653
37.363832974462795,15,2.0,-11614
37.363901677025076,5,2.0,0
37.366097236144526,17,1.0,-10395
37.368200985807434,15,6.0,-11850
37.37017560836633,13,2.0,-12010
37.37197311180448,17,4.0,-9836
37.372794021765486,15,1.0,-11741
37.373064438070244,16,5.0,5003
37.37357424185318,14,1.0,-12031
37.37421740483987,17,2.0,-8252
37.378991802096046,13,7.0,-12029
37.37977997977309,17,3.0,-7652
37.38382880636925,5,2.0,0
37.38849684291459,15,3.0,-11787
37.38936236325177,15,1.0,-11808
37.39116054407493,5,8.0,0
37.39910485370925,15,1.0,-11762
37.407726597070386,5,2.0,0
37.408539875953394,14,3.0,-11979
37.40970438121525,5,2.0,0
37.41078207142065,15,2.0,-11749
37.41132641625886,15,2.0,-11712
37.412144288819704,17,3.0,-11398
37.41353174471273,5,3.0,0
37.4139709306519,16,30.0,1094
37.41534383272284,5,3.0,0
37.4165966995646,15,1.0,-11746
37.41883005158649,4,22.0,7756
37.41948066954221,13,1.0,-12019
37.42451080468199,15,5.0,-11727
37.42451080468199,17,5.0,-11727
37.43651313339482,15,4.0,-11739
37.43819044013754,5,5.0,0
37.439851480812166,15,2.0,-11804
37.44059550911664,13,3.0,-12027
37.44156131235388,15,13.0,-11666
37.441569895337814,13,7.0,-12015
37.44456149888544,17,4.0,-9214
37.444704062422375,15,1.0,-11765
37.44556737303106,5,4.0,0
37.44643434382797,5,1.0,0
37.446554289969434,5,5.0,0
37.447333068741386,17,2.0,-7918
37.45623214271062,5,13.0,0
37.460311603077216,17,1.0,-8910
37.461105220956405,17,1.0,-4463
37.46522898686775,15,1.0,-11810
37.47270117025218,15,2.0,-11834
37.47270117025218,17,2.0,-11834
37.47748310772118,15,5.0,-11845
37.478920955920465,5,1.0,0
37.47896002459865,16,49.0,1844
37.48129755976268,5,1.0,0
37.482331103193275,5,4.0,0
37.482590286741605,15,2.0,-11786
37.4832204956336,17,1.0,-9699
37.48520473981271,13,5.0,-12017
37.48580328134487,15,2.0,-11809
37.486636656473046,15,6.0,-11606
37.48860908419461,17,1.0,-9209
37.48895672809418,17,24.0,-10663
37.49622894490025,14,2.0,-12018
37.4963071836956,15,1.0,-11819
37.498531636827074,17,1.0,-9154
37.498665677412454,5,1.0,0
37.50127033033707,14,3.0,-12012
37.50558705070834,15,1.0,-11685
37.50654273412766,15,1.0,-11794
37.50866010626879,5,2.0,0
37.51063323268813,5,4.0,0
37.510679025813815,13,2.0,-11984
37.51081603105127,5,1.0,0
37.51109518002333,15,1.0,-11715
37.51155825456809,17,3.0,-8695
37.513081447019395,5,6.0,0
37.5153160124347,15,1.0,-11605
37.515737442675956,5,12.0,0
37.51653888152604,5,1.0,0
37.51735464235972,17,10.0,-6898
37.51755986071842,11,6.0,7746
37.519310266847725,17,4.0,-7441
37.52233464984452,15,1.0,-11676
37.52253987228475,15,1.0,-11796
37.52632230535382,7,1.0,7742
37.52936296258201,15,21.0,-11849
37.53707553674509,17,1.0,-8941
37.537773074765724,5,2.0,0
37.53999923625058,15,1.0,-11806
37.54101932036729,5,2.0,0
37.541461831440216,15,4.0,-11780
37.54357135407233,17,2.0,-7161
37.545870707319665,15,5.0,-11754
37.54617368745324,5,4.0,0
37.55410421674429,5,2.0,0
37.55420261310539,17,6.0,-6821
37.5599421479457,16,9.0,3717
37.561807607889456,17,1.0,-604
37.56274879411615,15,5.0,-11728
37.564189977451775,15,25.0,-11776
37.56451880881939,5,45.0,0
37.56644471908138,15,2.0,-11829
37.5701992245899,6,2.0,7750
37.57069341515748,5,2.0,0
37.57841756115906,13,18.0,-12020
37.580664499627986,5,8.0,0
37.583688486668514,5,12.0,0
37.58467859086742,5,1.0,0
37.58599214733394,15,3.0,-11773
37.58677709863157,5,7.0,0
37.58691040596779,5,7.0,0
37.5886910873777,13,1.0,-12007
37.59287167915392,113,43.0,-12030
37.593367189397355,14,17.0,-11995
37.59546415050058,15,1.0,-11805
37.59551777107647,13,2.0,-12003
37.597494071971795,14,2.0,-12004
37.60453054960631,10,22.0,7756
37.60504188706467,15,4.0,-11636
37.60577091470394,9,3.0,7734
37.60590769454733,17,1.0,-6299
37.606643153806154,13,1.0,-12025
37.60762515461832,5,3.0,0
37.615965159969576,16,7.0,7526
37.616470061113745,17,1.0,-3725
37.62045451210594,16,2.0,5923
37.62296883971012,15,1.0,-11609
37.623268609742226,17,3.0,-9535
37.6241947194367,16,3.0,2753
37.62491151048639,3,34.0,7757
37.62558645026124,5,3.0,0
37.62653536911607,17,1.0,-10031
37.6311712646689,13,9.0,-11991
37.63840435138225,17,3.0,-9933
37.64011379433474,17,1.0,-7659
37.642877379220195,17,1.0,-10996
37.64294376446469,17,5.0,-4788
37.64297959143301,16,3.0,4141
37.64348285393384,5,4.0,0
37.64384890257406,17,2.0,-8546
37.6489366635419,17,2.0,-7599
37.64950476827384,15,38.0,-11625
37.65118271414632,15,3.0,-11682
37.65398824323374,17,1.0,-5936
37.65596024920014,15,28.0,-11591
37.65840867097743,7,7.0,7741
37.65874678623821,5,6.0,0
37.659972489961085,17,6.0,-11366
37.66454608463624,15,29.0,-11674
37.66565104288168,15,1.0,-11620
37.67221237773901,15,2.0,-11827
37.673601018779586,17,21.0,-10632
37.6739240490248,13,2.0,-12014
37.67668307717759,15,1.0,-11801
37.67735174306001,15,2.0,-11695
37.677422103242925,17,1.0,-8409
37.68014987210379,15,1.0,-11817
37.68258099834679,15,2.0,-11841
37.68519917296286,17,2.0,-3637
37.68648447996842,5,20.0,0
37.6914237557929,17,2.0,-11203
37.69464508663257,13,1.0,-12000
37.69601382337795,17,7.0,-10297
37.70436036840322,15,1.0,-11825
37.7070062540696,17,2.0,-4552
37.70891701331635,10,34.0,7757
37.71341172350834,17,3.0,-8942
37.71836945028599,5,1.0,0
37.719912542267835,17,1.0,-9189
37.721315193444035,5,2.0,0
37.72663338338803,13,14.0,-11989
37.72713552984273,17,4.0,-9088
37.73374549301146,5,1.0,0
37.73628830927372,17,3.0,-7079
37.73740832538905,15,1.0,-11766
37.73820571806864,13,2.0,-12032
37.74118401492905,16,2.0,4815
37.74185214387005,13,1.0,-12022
37.7420499815121,5,1.0,0
37.742922939462076,5,1.0,0
37.743935111132444,15,14.0,-11684
37.74558204468781,17,1.0,-6890
37.75518485530327,5,3.0,0
37.75525062773626,17,4.0,-10933
37.755599587798585,15,1.0,-11757
37.75701313720141,15,1.0,-11812
37.75749358800992,17,3.0,-9660
37.75903751884732,5,3.0,0
37.761044490195125,17,2.0,-8652
37.768328032846384,13,5.0,-11997
37.77232752283272,15,1.0,-11693
37.772378051128726,14,3.0,-12001
37.777475850436296,14,14.0,-12002
37.778509557843684,15,1.0,-11790
37.77928012206162,17,11.0,-9788
37.78050646841146,17,4.0,-8485
37.780749930942335,17,6.0,-8462
37.78132517038512,17,1.0,-3976
37.78248295354244,15,2.0,-11688
37.783040521024276,17,1.0,-8658
37.78404190932672,15,14.0,-11734
37.78648511847605,15,5.0,-11748
37.78755666049767,14,6.0,-11983
37.787757104103335,5,1.0,0
37.78783659845389,17,3.0,-1264
37.78786483487169,5,33.0,0
37.787998784363104,5,4.0,0
37.78824464264165,15,2.0,-11759
37.78978103478077,16,6.0,6384
37.793090833768375,15,3.0,-11621
37.79905868055019,10,3.0,7754
37.799756566158806,15,2.0,-11822
37.806405118376176,13,1.0,-11998
37.8074696682468,5,1.0,0
37.80932848993512,15,50.0,-11624
37.81009426962601,5,7.0,0
37.810777694085004,17,5.0,-7704
37.8178006284085,15,2.0,-11814
37.820820489090494,17,9.0,-4161
37.821059162058745,17,1.0,-7711
37.82272040721256,17,2.0,-4927
37.824741885577495,16,7.0,2301
37.829080014201566,17,4.0,-8521
37.833277452803124,17,4.0,-10788
37.83384472907795,17,2.0,-5588
37.83801543576361,15,2.0,-11721
37.839713496179314,17,1.0,-6826
37.84542434260788,5,4.0,0
37.84606662730971,16,10.0,7707
37.84616514068626,16,1.0,387
37.84616588553982,7,1.0,7731
37.85039947498559,13,2.0,-12034
37.855058532814056,15,9.0,-11742
37.85662117697244,11,5.0,7730
37.85708026278754,15,2.0,-11831
37.85784787503873,15,5.0,-11783
37.86238668698758,15,8.0,-11840
37.86267460371009,17,1.0,-10065
37.863057569695634,5,4.0,0
37.863380005048555,5,5.0,0
37.86389588195406,15,4.0,-11662
37.865451972929684,17,1.0,-9232
37.866259322623215,5,1.0,0
37.86928915692856,1,2.0,7758
37.87026142780441,14,6.0,-11987
37.870604295088526,7,1.0,7726
37.87222224763948,5,2.0,0
37.874780791105174,11,43.0,7728
37.876494728419175,17,6.0,-1266
37.87779021280037,14,1.0,-12024
37.878722531289775,5,1.0,0
37.882942727286725,17,4.0,-8221
37.88319833186619,15,2.0,-11851
37.88319833186619,17,2.0,-11851
37.88530359881988,10,58.0,7748
37.88832204340048,17,2.0,-8936
37.89212601935908,1,3.0,7759
37.89530631302934,17,1.0,-8044
37.89974525443531,5,6.0,0
37.900455613402556,5,3.0,0
37.90595895836163,15,1.0,-11594
37.906305975724614,17,3.0,-7713
37.907808241969676,15,1.0,-11595
37.907808241969676,17,1.0,-11595
37.91312219877674,5,1.0,0
37.91676752588368,5,3.0,0
37.91881004492136,16,16.0,7602
37.92879092833361,5,1.0,0
37.934349922227995,17,3.0,-8605
37.93803747475008,15,2.0,-11673
37.939698477946195,15,1.0,-11771
37.94289492465102,15,3.0,-11753
37.94524806284769,15,1.0,-11842
37.945495669137514,17,7.0,-10680
37.95029983795978,5,4.0,0
37.95135877746183,15,9.0,-11784
37.9534053332288,15,1.0,-11668
37.957227553644046,17,10.0,-6802
37.96409182521941,5,4.0,0
37.96616704296299,15,3.0,-11708
37.966656637524636,15,7.0,-11613
37.969187693420764,15,2.0,-11596
37.97801334509416,15,2.0,-11769
37.978113615306796,15,1.0,-11859
37.98093367087077,5,7.0,0
37.98586171736112,5,10.0,0
37.98841415876207,17,5.0,-3525
37.98986563649844,17,1.0,-11175
37.99067481163776,17,1.0,-8461
37.99846221120058,13,1.0,-12033
37.998470266591966,17,1.0,-4848
38.00141716558991,15,1.0,-11909
38.002198354266156,5,3.0,0
38.00699902036548,17,2.0,-10711
38.00856204566844,11,55.0,7738
38.011063013064906,11,5.0,7739
38.01347614970315,14,2.0,-12044
38.01449840172663,17,1.0,-10162
38.01533731122115,5,7.0,0
38.01652368388139,15,1.0,-11947
38.018016550557356,17,2.0,-10232
38.02327943827274,5,2.0,0
38.025387008879775,15,2.0,-11852
38.02582613494024,15,1.0,-11903
38.0302097410664,17,5.0,-10178
38.032541716655636,5,4.0,0
38.03443835847907,5,1.0,0
38.04608754475892,15,2.0,-11890
38.05403638693129,15,1.0,-11791
38.05420362148964,1,11.0,7760
38.054911070204156,15,2.0,-11951
38.056202726882994,17,2.0,-8210
38.056343094353586,1,6.0,7761
38.05657352281769,13,1.0,-12040
38.059674830787365,17,1.0,-1237
38.06045153340681,13,1.0,-12050
38.06190613725484,15,1.0,-11907
38.06279648945422,15,3.0,-11895
38.06406716730685,15,5.0,-11893
38.06679255558457,15,2.0,-11967
38.07101534003862,5,5.0,0
38.07153607597633,17,1.0,-10901
38.07417357852744,15,1.0,-11789
38.07587089164839,13,14.0,-12087
38.07619866684376,5,3.0,0
38.07787745492449,15,1.0,-11891
38.0785562397448,5,2.0,0
38.07900050958081,13,5.0,-12051
38.080012862895416,17,4.0,-9689
38.08429405876208,15,3.0,-11735
38.0847339735297,13,3.0,-12058
38.085599942385564,15,2.0,-11868
38.08775173729479,10,58.0,7755
38.091163027381384,15,3.0,-11856
38.091608501573674,5,5.0,0
38.0930262925947,17,5.0,-8768
38.09510011217583,15,2.0,-11861
38.097831423694274,15,1.0,-11837
38.09790607012648,15,2.0,-11953
38.10194969575666,15,1.0,-11918
38.10247445282108,15,5.0,-11854
38.11088757659512,13,8.0,-12067
38.11209976167863,17,5.0,-11319
38.11613397354251,5,3.0,0
38.11803688219164,1,2.0,7762
38.119382688570354,14,4.0,-12052
38.12024965683707,5,3.0,0
38.12052191029359,17,2.0,-7587
38.1222294335353,15,2.0,-11944
38.127811064330984,15,2.0,-11910
38.13234184929945,15,4.0,-11939
38.132463347337186,9,6.0,7749
38.13271914029432,15,1.0,-11824
38.133188144641494,17,4.0,-11818
38.13325055074929,5,4.0,0
38.138537420488774,15,1.0,-11914
38.13920986260394,15,3.0,-11899
38.140979317032894,13,2.0,-12070
38.144809489346734,17,2.0,-10498
38.145490041415265,5,4.0,0
38.14735756085979,15,2.0,-11959
38.14771442407,7,5.0,7747
38.149143139997435,17,3.0,-10858
38.1513453925043,16,4.0,1918
38.151506176941666,15,2.0,-11874
38.15434823065928,17,3.0,-10890
38.15548054828954,5,20.0,0
38.15565338546104,5,2.0,0
38.15935427512249,15,1.0,-11938
38.15969430721816,5,6.0,0
38.16250092531297,13,2.0,-12059
38.16396936052446,5,1.0,0
38.16573615010658,15,1.0,-11872
38.166225913013896,17,7.0,-9316
38.16835422460833,14,4.0,-12081
38.17107044337671,15,4.0,-11863
38.17107044337671,17,4.0,-11863
38.17525283114372,16,47.0,3596
38.17569604590278,5,3.0,0
38.175790711384366,5,4.0,0
38.17637909539255,17,1.0,-7882
38.17712801418679,5,3.0,0
38.177675635636376,17,1.0,-2313
38.17775363714175,15,3.0,-11867
38.189351093405584,14,4.0,-12072
38.19586373942114,16,1.0,5088
38.203026549864894,5,3.0,0
38.20315736606291,17,3.0,-11360
38.20635824798379,5,1.0,0
38.20901697053893,5,13.0,0
38.21692188224806,17,2.0,-7875
38.21920118518752,15,3.0,-11877
38.22516847881334,15,4.0,-11922
38.226795664231034,4,3.0,7763
38.2274152436694,5,58.0,0
38.227527592613995,17,1.0,-7797
38.22852408784742,17,1.0,-8903
38.23285308639697,5,1.0,0
38.23394707532099,5,1.0,0
38.23708048200767,15,1.0,-11904
38.243652260933075,5,4.0,0
38.247498491559,17,6.0,-9086
38.248379168756365,15,44.0,-11948
38.25070736917621,15,4.0,-11737
38.25305853561511,16,2.0,7399
38.2531171898817,6,1.0,7752
38.253209492472585,15,9.0,-11878
38.25838064261946,16,2.0,7312
38.25841406163029,17,4.0,-10742
38.260229821825774,17,1.0,-2746
38.26168511007595,15,1.0,-11889
38.262639283132856,17,2.0,-9341
38.266843579460954,13,1.0,-12079
38.26902234748843,17,2.0,-6807
38.269194045076546,7,2.0,7744
38.2717100866973,15,1.0,-11835
38.27306555626368,15,1.0,-11864
38.27345168283273,16,10.0,271
38.27774265866261,13,5.0,-12077
38.27819285483172,5,1.0,0
38.27891952774837,17,4.0,-8700
38.27965813903158,15,3.0,-11726
38.28442265700384,5,4.0,0
38.28705937736499,15,3.0,-11958
38.2906658587833,15,1.0,-11869
38.291077967311615,17,1.0,-9361
38.29220722412559,15,23.0,-11945
38.298221324205564,5,9.0,0
38.29869842919791,15,1.0,-11785
38.30236433719315,14,4.0,-12048
38.304220009917074,15,3.0,-11942
38.308184332972324,15,3.0,-11873
38.309176177865695,17,2.0,-6265
38.3093143670652,5,1.0,0
38.31060621634817,15,1.0,-11821
38.31172097958052,15,6.0,-11736
38.31216940368366,16,50.0,7615
38.3135239139197,13,2.0,-12089
38.31558243118559,5,2.0,0
38.31603842001578,15,2.0,-11965
38.32102390879389,15,7.0,-11961
38.323201645489135,13,1.0,-12041
38.32648681135004,14,1.0,-12073
38.3276719663722,5,4.0,0
38.3290625639498,15,18.0,-11937
38.33193032414208,15,7.0,-11950
38.332255592522046,17,2.0,-2128
38.3396907902304,5,3.0,0
38.34014665161932,5,1.0,0
38.34906019804038,9,57.0,7735
38.34969788258221,13,8.0,-12061
38.35432244738653,15,2.0,-11858
38.35537061198523,17,4.0,-8904
38.35744603713968,15,2.0,-11768
38.35844995791838,13,3.0,-12055
38.36349311691236,15,4.0,-11853
38.366435898327005,5,1.0,0
38.36784296157876,17,3.0,-7445
38.370384568693254,14,3.0,-12086
38.3709080788415,17,4.0,-9004
38.37442828419069,17,8.0,-8209
38.374734620801135,15,1.0,-11881
38.374734620801135,17,1.0,-11881
38.38839985404163,15,2.0,-11793
38.389868462760646,17,2.0,-10308
38.389915695995875,15,2.0,-11725
38.39260097137573,15,2.0,-11887
38.39439166464606,15,1.0,-11846
38.39958310948459,5,4.0,0
38.401069326364656,17,1.0,-8572
38.40168125794441,17,52.0,-691
38.40287085414062,15,3.0,-11781
38.40436199197908,6,3.0,7759
38.404487906786564,15,2.0,-11892
38.405491841234934,13,2.0,-12078
38.40901423356652,13,3.0,-12076
38.40937601033452,13,2.0,-12056
38.412562936639816,16,53.0,437
38.41317489071372,5,1.0,0
38.41710549409416,14,4.0,-12069
38.41897953633947,15,4.0,-11956
38.41983892555238,5,1.0,0
38.423345776095246,17,1.0,-1024
38.42440337036704,15,5.0,-11932
38.42604872891444,17,6.0,-9838
38.43158678488061,17,3.0,-8730
38.433779160052495,17,6.0,-8975
38.434280099699095,5,38.0,0
38.43461833076618,15,1.0,-11927
38.43497499337014,17,1.0,-1106
38.436032569005874,13,2.0,-12091
38.4397660158665,15,1.0,-11923
38.4397660158665,17,1.0,-11923
38.43981964772003,15,2.0,-11928
38.44038419658508,17,16.0,-9785
38.442505731018954,15,2.0,-11896
38.44477871268747,13,11.0,-12060
38.44621882826748,16,4.0,2463
38.448883207880826,17,3.0,-1028
38.449357470233046,5,2.0,0
38.4512048291359,16,6.0,6032
38.45200559698881,17,21.0,-9506
38.45291292912044,6,2.0,7762
38.45380939266123,17,6.0,-7714
38.45869515727663,5,1.0,0
38.460846145438666,13,4.0,-12064
38.46201081696125,5,10.0,0
38.46213229321085,5,1.0,0
38.47606432378,15,6.0,-11886
38.47728919112552,5,5.0,0
38.48021259883049,15,4.0,-11915
38.48633498472177,5,2.0,0
38.48844464932034,16,3.0,7535
38.48862590367012,17,12.0,-7945
38.489781231379155,5,2.0,0
38.48986348149757,5,5.0,0
38.492424758036734,17,5.0,-8219
38.494073992429485,15,2.0,-11949
38.497034101394014,17,1.0,-2447
38.497829473463085,17,18.0,-10426
38.49952268556298,15,2.0,-11862
38.50448587804064,15,2.0,-11930
38.50463393579843,14,1.0,-12083
38.50494693504576,5,7.0,0
38.50864694411724,16,52.0,7047
38.51348265945963,17,4.0,-10782
38.516066077510374,17,1.0,-8656
38.520515807700676,15,4.0,-11743
38.52252590937769,15,2.0,-11866
38.52316990923736,15,1.0,-11966
38.528954127093236,15,4.0,-11884
38.530184828159776,5,1.0,0
38.53140377127966,17,2.0,-6839
38.53226124003213,13,6.0,-12049
38.53533575382475,14,2.0,-12088
38.539794757681534,5,4.0,0
38.54050180255945,17,5.0,-5997
38.54530520800737,17,3.0,-9696
38.545537541744245,5,4.0,0
38.55168469063761,5,28.0,0
38.554236548264825,5,1.0,0
38.556483963531925,17,1.0,-7912
38.56260726510578,5,4.0,0
38.563018522003915,113,53.0,-12085
38.5664915608612,5,6.0,0
38.5674523585036,17,8.0,-9882
38.56963560133067,5,3.0,0
38.571664365884615,5,3.0,0
38.579789705947356,15,1.0,-11957
38.57997279689841,15,4.0,-11885
38.58020539096495,15,1.0,-11730
38.58071072393889,17,1.0,-10591
38.58161107504541,17,2.0,-8136
38.5893305048464,15,4.0,-11778
38.58988789612751,5,1.0,0
38.595912215508264,17,2.0,-7673
38.596990943802986,15,2.0,-11844
38.59943931164944,17,2.0,-10905
38.602281371859746,15,2.0,-11936
38.602590351718156,15,1.0,-11902
38.60785775649221,6,2.0,7758
38.607958804793014,5,3.0,0
38.614221183840904,17,2.0,-10286
38.616001461983245,15,11.0,-11802
38.616300708336894,17,2.0,-4166
38.61701956611086,17,3.0,-10988
38.6239353294078,17,14.0,-10139
38.62701356804889,16,3.0,4925
38.62711636608885,14,2.0,-12053
38.62863775826996,13,8.0,-12039
38.62968179886186,14,6.0,-12074
38.63256004233902,14,2.0,-12062
38.633989775003734,15,1.0,-11870
38.635833307370504,13,2.0,-12045
38.63633923545807,4,3.0,7764
38.64369524636572,15,1.0,-11924
38.647014550009054,13,1.0,-12066
38.64994059793786,16,54.0,236
38.65024605835214,15,1.0,-11880
38.650750325338755,17,4.0,-6535
38.65117588132718,13,4.0,-12084
38.654210932352626,17,3.0,-11276
38.65424061099686,5,1.0,0
38.65694565452417,15,2.0,-11913
38.658326338048134,17,3.0,-10349
38.658422460183985,16,8.0,7265
38.65976650478275,13,3.0,-12063
38.66052764001452,15,7.0,-11744
38.661354238607345,15,5.0,-11875
38.668643505455975,17,3.0,-6850
38.66864861410762,13,2.0,-12057
38.67073382788727,15,1.0,-11933
38.67073382788727,17,1.0,-11933
38.670941452657615,14,1.0,-12090
38.67246478793189,17,2.0,-2310
38.676065695029905,7,2.0,7750
38.676541483587165,15,2.0,-11882
38.67694435090189,5,6.0,0
38.67771221485535,13,1.0,-12082
38.678583982925936,5,2.0,0
38.68755395331584,15,1.0,-11879
38.69020218023394,5,2.0,0
38.69074258605107,15,3.0,-11900
38.69386513506625,15,10.0,-11848
38.70054975298223,17,1.0,-10952
38.70431564890637,17,11.0,-8036
38.70460937705806,5,4.0,0
38.70527864533122,5,3.0,0
38.70585153804804,4,9.0,7765
38.70752168962206,5,5.0,0
38.70857102269822,17,2.0,-6857
38.709242229050595,15,3.0,-11758
38.71094871379378,15,1.0,-11772
38.71813728243166,15,1.0,-11876
38.719179957305926,16,4.0,4267
38.72051486432276,14,2.0,-12037
38.72157763642504,17,1.0,-10528
38.72359464692176,113,46.0,-12095
38.72548068117359,3,40.0,7766
38.730797419217886,5,2.0,0
38.73350493738961,5,12.0,0
38.73641814514529,5,2.0,0
38.739656077213084,17,1.0,-10791
38.74031151564955,15,3.0,-11782
38.74044848647984,15,3.0,-11888
38.74076675178718,17,4.0,-8380
38.74266885357861,17,9.0,-10279
38.74499564405009,17,5.0,-4719
38.74642929861972,5,11.0,0
38.74858849421127,17,2.0,-10153
38.75213481972303,5,13.0,0
38.75233706997863,15,1.0,-11865
38.75243801815903,15,3.0,-11955
38.75272798770679,15,1.0,-11871
38.753424945535926,16,6.0,1703
38.75431776736983,17,1.0,-10932
38.755641716795864,15,1.0,-11830
38.76377426758565,5,2.0,0
38.76578234682177,15,4.0,-11916
38.77050462287343,15,3.0,-11779
38.7739268123464,5,1.0,0
38.77422120420946,17,1.0,-7764
38.7754520942079,17,2.0,-8283
38.781262455458645,15,2.0,-11798
38.781360707623705,17,4.0,-7830
38.79056051740376,1,1.0,7767
38.79190782834887,17,9.0,-9183
38.79353195872517,17,1.0,-4167
38.79356376555734,15,1.0,-11941
38.79384842114618,17,4.0,-10095
38.7951155897343,17,3.0,-4884
38.79734474544884,17,1.0,-10713
38.79960606350487,15,1.0,-11929
38.80756314462537,15,4.0,-11894
38.81202315239621,17,1.0,-5089
38.81338007952398,15,1.0,-11906
38.81446727527438,15,1.0,-11905
38.81974387424589,15,2.0,-11813
38.821609535368594,17,3.0,-8576
38.8247725220795,17,1.0,-4412
38.825635526039385,5,2.0,0
38.82630189813594,5,5.0,0
38.82637710742078,16,30.0,4083
38.82711274950444,15,2.0,-11917
38.829975892921574,10,40.0,7766
38.836179415858524,13,6.0,-12038
38.83786263404081,17,1.0,-6393
38.8421850256563,17,3.0,-9411
38.847916191269874,15,1.0,-11912
38.84883099220023,17,2.0,-10449
38.84883355468287,7,1.0,7753
38.84957763100023,5,3.0,0
38.85107904362835,13,1.0,-12054
38.851988051421515,17,3.0,-10802
38.852323798418986,4,13.0,7768
38.85297883882051,15,2.0,-11761
38.85297883882051,17,2.0,-11761
38.857224395117676,15,11.0,-11946
38.85774459892096,11,5.0,7745
38.860445859025795,5,6.0,0
38.861407035647176,5,1.0,0
38.86141405114939,5,1.0,0
38.866198793219795,15,2.0,-11901
38.86973628062939,17,2.0,-2303
38.8708180290157,13,1.0,-12042
38.87152349951196,16,2.0,5926
38.872554348182376,5,2.0,0
38.875581263604474,17,1.0,-6860
38.8763097548237,5,1.0,0
38.88061820772905,14,8.0,-12075
38.88153305398123,17,3.0,-4804
38.88214204214698,15,2.0,-11926
38.885963123534864,13,3.0,-12080
38.886236226950075,17,3.0,-8644
38.8865753312209,13,7.0,-12068
38.886832670557006,15,2.0,-11908
38.88779978141723,1,4.0,7769
38.89115130399523,13,1.0,-12092
38.89373136904319,15,1.0,-11751
38.89379039874908,15,1.0,-11839
38.89401068271182,15,4.0,-11883
38.89726331304219,15,5.0,-11921
38.90103588524504,17,1.0,-9248
38.90206905541966,5,4.0,0
38.902403985419774,15,1.0,-11897
38.90705471174116,15,4.0,-11972
38.91166265944152,15,1.0,-11968
38.91191263590396,17,4.0,-10580
38.912283761469034,5,2.0,0
38.91281349042749,15,1.0,-11952
38.91882978333664,15,1.0,-11774
38.92185166962749,15,5.0,-11911
38.922402005472264,5,1.0,0
38.92330933734105,17,3.0,-10041
38.92586492393015,5,1.0,0
38.92590453314795,15,7.0,-11964
38.92694226805264,13,1.0,-12093
38.9286019092162,5,1.0,0
38.93409806243626,17,3.0,-9627
38.93733692393093,1,3.0,7770
38.94058955576253,15,2.0,-11971
38.944738756240746,17,3.0,-10942
38.946083073789005,17,1.0,-7385
38.949108113224845,5,4.0,0
38.95282959073614,13,1.0,-12065
38.95389700746567,17,1.0,-7858
38.955414468978084,13,3.0,-12047
38.958092160077044,15,3.0,-11943
38.95809319164048,13,1.0,-12071
38.962625853481974,17,32.0,-9885
38.9626798641299,13,2.0,-12094
38.96480417166969,15,1.0,-11954
38.96678327744871,14,4.0,-12043
38.97892499957294,5,1.0,0
38.98653674893098,17,1.0,-7812
38.99279466974261,17,1.0,-3096
38.99596687388647,15,4.0,-11820
38.99834884225806,15,5.0,-11898
38.99894388277471,15,2.0,-11860
38.999111755640286,13,2.0,-12046
39.00253670910832,2,6.0,7771
39.0040091341712,5,1.0,0
39.00921503252604,15,4.0,-11981
39.00921503252604,17,4.0,-11981
39.01467310609196,5,2.0,0
39.01816483675371,15,2.0,-11963
39.02100105181848,5,2.0,0
39.023135080667345,15,5.0,-11997
39.03040147633801,5,5.0,0
39.030805964848156,13,1.0,-12132
39.033893191901996,15,1.0,-12013
39.03611940187199,3,3.0,7772
39.04021767675388,5,2.0,0
39.04087861998834,15,18.0,-12020
39.04126723097147,17,1.0,-8087
39.04366103169454,14,11.0,-12117
39.051100829994034,17,7.0,-10563
39.05148842128168,6,1.0,7767
39.05540263691851,15,2.0,-11962
39.058784553380505,4,11.0,7773
39.06058231052315,13,5.0,-12122
39.060768694406285,16,1.0,4433
39.063044339583094,5,2.0,0
39.06385365545901,17,5.0,-3037
39.06706943525323,5,3.0,0
39.07671363344354,15,3.0,-11996
39.07811407096442,5,4.0,0
39.084641006612834,15,6.0,-11987
39.084816720545,5,11.0,0
39.090245126555146,11,34.0,7757
39.095773004917625,6,4.0,7769
39.09743184384325,5,2.0,0
39.10293296319384,7,1.0,7740
39.10453918611602,14,5.0,-12112
39.10808424393447,1,11.0,7774
39.11252542999515,13,2.0,-12141
39.11389547242433,5,2.0,0
39.11429307716538,5,4.0,0
39.12016100151396,17,2.0,-8610
39.12816002123145,17,1.0,-4524
39.13113869578608,5,4.0,0
39.131928869041246,5,4.0,0
39.13347409268553,15,2.0,-12016
39.1397705829542,15,6.0,-11983
39.140737963687144,16,2.0,6814
39.14304356274734,17,1.0,-10407
39.14438631870326,15,1.0,-12006
39.14507202888473,5,6.0,0
39.14740057817099,14,4.0,-12111
39.14742302296812,14,4.0,-12123
39.15231754717968,5,10.0,0
39.15363910554661,5,1.0,0
39.153742517486634,15,3.0,-12001
39.15846546309807,17,8.0,-9053
39.16333374472427,17,1.0,-10629
39.16412062564271,16,2.0,5649
39.16502625808565,5,5.0,0
39.16665072668449,15,2.0,-11990
39.16665072668449,17,2.0,-11990
39.17644231717437,5,7.0,0
39.17888515478698,16,1.0,5157
39.18487002077231,15,2.0,-11985
39.18879228431216,17,2.0,-4309
39.19846284007423,17,6.0,-9082
39.19883048559758,14,4.0,-12102
39.20077696830884,17,4.0,-6892
39.204438882767086,15,6.0,-11988
39.208579849729844,17,4.0,-8155
39.21028735536436,17,12.0,-8911
39.21225140479853,16,6.0,875
39.21348843475799,5,1.0,0
39.216150832890534,17,3.0,-6365
39.2163692693641,13,1.0,-12152
39.2215162599338,5,7.0,0
39.23471734820655,5,3.0,0
39.23594545859446,17,2.0,-4695
39.241320632684875,5,11.0,0
39.242608301717205,17,1.0,-5078
39.24416887975365,17,2.0,-5564
39.24837414982447,17,5.0,-9174
39.24994188765259,14,4.0,-12149
39.25386467430879,15,2.0,-11993
39.256514725394865,17,2.0,-10401
39.25668002460257,15,3.0,-11999
39.26287709628513,16,12.0,2503
39.26437266259091,17,1.0,-9008
39.26631344026162,15,2.0,-12003
39.26635822698411,15,5.0,-12017
39.26940726890905,1,3.0,7775
39.27371405378369,15,3.0,-11994
39.27769023911092,17,2.0,-9106
39.28006283367709,17,1.0,-5403
39.28410493699835,5,5.0,0
39.28439586951465,17,3.0,-9199
39.290152191542354,17,2.0,-11168
39.30002991833062,14,6.0,-12121
39.301787136708015,17,1.0,-9374
39.31571099634072,6,11.0,7774
39.31847957307563,17,6.0,-10559
39.33050835491562,13,1.0,-12130
39.33122890712653,17,2.0,-4742
39.33172143963265,17,1.0,-11199
39.33233825607992,17,3.0,-9909
39.33408897898484,16,1.0,6741
39.33829197656625,17,4.0,-9186
39.33959669371106,17,1.0,-10734
39.340591661602005,15,2.0,-12036
39.34073026252885,5,3.0,0
39.3413321343484,17,7.0,-4836
39.34312773841795,13,1.0,-12144
39.343365103264304,14,7.0,-12143
39.344412995640674,5,1.0,0
39.34656303316216,17,2.0,-8978
39.34892236577866,17,1.0,-8412
39.350703651426386,15,3.0,-12012
39.355873786167535,5,1.0,0
39.357836229629925,17,7.0,-6128
39.36238966548067,5,3.0,0
39.36283939570632,13,2.0,-12119
39.366566722168116,6,3.0,7775
39.36796711410025,17,3.0,-9846
39.3697046176812,14,1.0,-12138
39.37026869781012,13,2.0,-12110
39.37442095270511,16,2.0,5989
39.37464180079629,5,3.0,0
39.37521120369661,5,5.0,0
39.376022671841156,17,2.0,-9054
39.37719795889247,5,4.0,0
39.378508683672905,15,1.0,-12007
39.38074104920801,5,8.0,0
39.38120740256543,15,3.0,-11960
39.38145450945614,5,3.0,0
39.38272970431327,5,1.0,0
39.38406612246711,14,5.0,-12147
39.385524277549294,14,1.0,-12151
39.38746762060909,17,4.0,-5994
39.391468785238985,17,5.0,-10174
39.396060637345315,5,5.0,0
39.396636731432956,13,4.0,-12101
39.39990774288144,17,1.0,-8764
39.40069755240505,17,3.0,-9125
39.40108269056199,17,4.0,-5780
39.4013475649438,15,1.0,-12024
39.40142974122394,11,11.0,7732
39.40233226705624,17,3.0,-6141
39.40309212712568,17,4.0,-6958
39.40955863938586,13,2.0,-12124
39.41124358507979,14,4.0,-12114
39.41198474052332,14,8.0,-12142
39.436563400311655,17,3.0,-4512
39.438048899322276,15,1.0,-12026
39.45119639895288,15,3.0,-11977
39.451692433595674,5,8.0,0
39.451920078986795,15,4.0,-11978
39.45523722920919,15,1.0,-12025
39.45977014571915,16,2.0,6132
39.46126378578914,13,5.0,-12109
39.463100760145636,14,8.0,-12153
39.46346425696609,1,8.0,7776
39.464467645143074,16,9.0,2650
39.46516804607013,15,1.0,-12035
39.46768064828175,14,10.0,-12097
39.469764475240886,13,1.0,-12116
39.469918457191305,15,1.0,-12019
39.47165223102836,17,1.0,-10655
39.47565386647429,16,2.0,2422
39.4785878524906,14,10.0,-12154
39.47922068722165,15,12.0,-11925
39.47922068722165,17,12.0,-11925
39.48235005302346,15,2.0,-12034
39.48939321988715,15,1.0,-11920
39.49109727251694,17,3.0,-10510
39.49199516655463,15,2.0,-12018
39.49266608644802,13,6.0,-12135
39.49543633660534,17,2.0,-7674
39.50018217545338,5,1.0,0
39.500345397843695,5,18.0,0
39.50325886653983,17,4.0,-9274
39.50398233759475,17,1.0,-5828
39.50507743483893,15,5.0,-11935
39.505962204788155,17,1.0,-10913
39.50621993372709,17,6.0,-9665
39.50676117785525,17,1.0,-7864
39.50747536681381,14,2.0,-12139
39.50858709808566,17,1.0,-10520
39.51538010938255,15,2.0,-12005
39.52348734327519,17,1.0,-8175
39.52407402574863,16,3.0,6972
39.525934990942865,4,5.0,7777
39.52863215271609,13,1.0,-12108
39.536886411873894,15,2.0,-12028
39.54121977523401,5,1.0,0
39.542931974135534,17,1.0,-11176
39.54520250653039,15,8.0,-11934
39.55191245184942,5,1.0,0
39.56685868496821,14,22.0,-12096
39.56713704890497,15,1.0,-11998
39.57026374354026,13,1.0,-12106
39.5705643850569,15,2.0,-12014
39.571618569521085,15,2.0,-11984
39.579247143011706,17,2.0,-9212
39.58323207949764,15,1.0,-11982
39.585788593608704,17,1.0,-7901
39.58598045033544,5,6.0,0
39.586800386691074,17,3.0,-11465
39.59217985790277,17,1.0,-8792
39.59261143072978,17,1.0,-9475
39.5930253794927,5,8.0,0
39.59605946300729,15,2.0,-12032
39.59605946300729,17,2.0,-12032
39.60011334970533,5,3.0,0
39.60020619837711,1,2.0,7778
39.60089124231126,17,1.0,-10305
39.60514370294351,5,5.0,0
39.60615486478017,13,2.0,-12134
39.607180988258115,15,7.0,-12029
39.60796989171488,17,3.0,-8650
39.60919513863216,5,3.0,0
39.61139670063916,5,2.0,0
39.61230335063417,11,58.0,7755
39.6132028401729,15,1.0,-12000
39.61521248429155,5,7.0,0
39.616346964074985,17,1.0,-4318
39.6167869222834,17,2.0,-8253
39.61781325269168,17,9.0,-11024
39.62031295318281,5,4.0,0
39.62134670674363,15,7.0,-12015
39.6217964544036,15,3.0,-12009
39.62662848258381,17,2.0,-7256
39.6268954418626,5,6.0,0
39.626926282963524,17,6.0,-7140
39.62814891814635,14,6.0,-12146
39.62909159517697,13,1.0,-12125
39.63089567240541,5,4.0,0
39.63098050976608,5,2.0,0
39.63512299330368,5,1.0,0
39.63523903658068,13,2.0,-12137
39.636734021207154,5,3.0,0
39.63855893902498,13,3.0,-12104
39.6407755482532,13,1.0,-12145
39.64270225707252,15,3.0,-11979
39.64402260894841,15,1.0,-12033
39.650094803298806,15,1.0,-12022
39.6503983495318,5,8.0,0
39.650645552457036,13,1.0,-12099
39.65646054741481,5,1.0,0
39.66112130881691,17,6.0,-6616
39.66566471490891,16,5.0,7032
39.66620726996097,1,15.0,7779
39.66679374670841,13,4.0,-12120
39.67566106532747,15,3.0,-12027
39.67891178942227,1,1.0,7780
39.68142778213853,14,9.0,-12129
39.69047636717803,17,1.0,-633
39.69127774611948,5,2.0,0
39.692992381356724,13,4.0,-12148
39.69571352158946,5,1.0,0
39.69779472114509,17,1.0,-7051
39.69804247460154,5,1.0,0
39.69808483593019,17,1.0,-11573
39.70484450796958,17,6.0,-8255
39.705993636213165,17,6.0,-6940
39.70938044463451,5,9.0,0
39.710045556653256,17,3.0,-1454
39.71024011701699,15,1.0,-11980
39.711342446569354,17,20.0,-9574
39.712418550848795,14,3.0,-12136
39.71686762927321,17,1.0,-9041
39.719511589796134,5,7.0,0
39.71992203302978,5,3.0,0
39.720742991848,17,3.0,-10142
39.72303285900804,17,4.0,-7473
39.72441755773414,17,5.0,-8545
39.726469761484644,17,4.0,-10868
39.72919291120053,13,1.0,-12098
39.72924660870671,17,1.0,-10271
39.73397283529127,5,6.0,0
39.73418856382882,17,5.0,-5532
39.7362904830502,15,1.0,-11973
39.73671360268943,5,3.0,0
39.74061800654493,113,25.0,-12107
39.74294574099544,17,3.0,-8011
39.74544546541679,17,1.0,-6440
39.748507659586025,1,3.0,7781
39.751189783572464,5,3.0,0
39.75251535653003,15,14.0,-12002
39.75289464910072,17,1.0,-8116
39.75405912280364,15,9.0,-11991
39.75461392474814,15,2.0,-12010
39.75672189443238,13,1.0,-12115
39.75802186733871,13,2.0,-12133
39.76195003946696,13,1.0,-12105
39.76513740889702,17,2.0,-7809
39.76645140515411,13,1.0,-12127
39.768968754054974,17,3.0,-11333
39.769163796389456,10,13.0,7768
39.77698539340012,15,2.0,-11974
39.77885605400607,17,9.0,-10076
39.78243596855644,5,1.0,0
39.78481591201246,17,2.0,-9268
39.785753951455014,13,4.0,-12118
39.78895916245557,15,1.0,-11992
39.78902738702253,17,7.0,-5070
39.793909416635934,17,6.0,-8353
39.807520927058675,5,6.0,0
39.80989267531055,17,2.0,-7126
39.81152290453958,14,2.0,-12131
39.812810204099556,17,12.0,-11581
39.81304425348452,5,21.0,0
39.81704132238371,15,1.0,-12021
39.82456145442728,17,1.0,-4573
39.82518694799852,15,12.0,-11931
39.825903225792715,10,11.0,7773
39.834054450770694,17,11.0,-5017
39.836036312967515,15,14.0,-11989
39.842123496144424,13,1.0,-12113
39.8431579423428,16,5.0,6504
39.84418344699895,5,33.0,0
39.846394219182784,5,4.0,0
39.85524943589769,5,8.0,0
39.85549573175208,5,2.0,0
39.856804002439446,13,1.0,-12140
39.85827900273991,17,1.0,-11193
39.8586228255909,17,1.0,-11013
39.85912858624016,5,3.0,0
39.860231573352706,17,3.0,-8994
39.86037872251753,5,8.0,0
39.86252512607634,16,5.0,5670
39.863471118742986,17,2.0,-9450
39.87319575598201,5,7.0,0
39.8769119205926,5,3.0,0
39.87810709063573,13,1.0,-12103
39.88005841454304,6,11.0,7760
39.88213327269869,13,2.0,-12128
39.897598537770506,5,7.0,0
39.90335198471205,17,1.0,-8127
39.905791475201774,15,12.0,-11986
39.907011882293695,5,1.0,0
39.90723229125995,17,3.0,-8460
39.90873570177142,13,1.0,-12126
39.91313923187,5,5.0,0
39.91380024989012,15,1.0,-12008
39.91401964692786,13,2.0,-12150
39.91481392926271,17,6.0,-10689
39.92070122567411,6,8.0,7776
39.923232753483106,17,1.0,-8841
39.925071663116825,5,1.0,0
39.92526263878422,17,1.0,-10773
39.9271806831258,14,2.0,-12100
39.92758365281912,4,26.0,7782
39.92933118599889,3,50.0,7783
39.93136803558838,15,1.0,-12031
39.934526478437064,15,55.0,-12011
39.934715311204755,10,26.0,7782
39.94241275668172,17,1.0,-3925
39.94361547853923,17,3.0,-9406
39.947211188561496,17,1.0,-8480
39.95657770626903,5,2.0,0
39.95908275777238,15,20.0,-12023
39.96637354359318,17,2.0,-4845
39.96789288434496,17,46.0,-9942
39.969216491955365,1,1.0,7784
39.97349935834912,10,5.0,7777
39.97361615744663,15,2.0,-12004
39.97885735941505,16,13.0,3015
39.9805238082507,11,22.0,7756
39.983738577327394,17,3.0,-5528
39.98564443489229,5,5.0,0
39.98772714973911,5,1.0,0
39.98964996867345,17,2.0,-7390
39.98979745814027,17,1.0,-10551
39.99323594713559,15,1.0,-11969
39.99527631991782,15,17.0,-11995
39.997286030927235,17,3.0,-10272
40.002242702747544,13,7.0,-12190
40.00286648998665,17,1.0,-9681
40.005225575632366,4,6.0,7785
40.005685660133494,5,4.0,0
40.00829304282319,5,1.0,0
40.008764198734276,10,50.0,7783
40.0120026311085,5,1.0,0
40.013874914396965,15,2.0,-12057
40.02062895424341,4,3.0,7786
40.024071814888885,5,3.0,0
40.027703329795436,15,5.0,-12051
40.030460941138436,10,6.0,7785
40.037204124992826,17,3.0,-7405
40.0408156949592,5,2.0,0
40.04708553593288,16,5.0,5362
40.049843956758565,17,2.0,-9922
40.051364584305766,17,1.0,-9717
40.05297055669122,17,1.0,-6385
40.053946225103,13,2.0,-12197
40.05427070881931,6,3.0,7770
40.05621809359015,16,8.0,7489
40.05635599031026,15,8.0,-12075
40.05720998131195,4,46.0,7787
40.05752484385073,13,3.0,-12174
40.05780751056005,16,1.0,4767
40.06017221091742,4,34.0,7788
40.06035108825374,15,4.0,-12064
40.06046871362497,15,1.0,-12071
40.06156729104614,17,1.0,-5875
40.071361850223575,5,7.0,0
40.0734811707941,5,3.0,0
40.07485982845942,13,1.0,-12169
40.07505496032759,13,1.0,-12159
40.077418576909416,17,3.0,-10789
40.07966642110078,17,5.0,-11197
40.09066966869132,15,4.0,-12048
40.09667781393938,17,5.0,-8751
40.09775459652428,17,1.0,-9157
40.10241711138201,5,1.0,0
40.10305332912247,14,2.0,-12157
40.10722176379368,5,2.0,0
40.10862798974911,17,2.0,-11678
40.11576483310392,15,1.0,-12042
40.1160741552303,4,4.0,7789
40.11745761792966,16,7.0,6651
40.12244502100423,15,4.0,-12069
40.12244502100423,17,4.0,-12069
40.132054623941904,13,2.0,-12195
40.13927126311861,14,1.0,-12155
40.14427175350749,15,1.0,-12092
40.15105416668682,14,1.0,-12181
40.151624138854984,17,2.0,-7003
40.154949910667035,15,8.0,-12067
40.15577789396788,17,7.0,-9599
40.15841414205058,17,1.0,-4044
40.16033744394189,10,41.0,7751
40.161227569206105,11,58.0,7748
40.161347799281884,17,1.0,-9688
40.16340369731088,17,27.0,-4050
40.166414268904184,5,48.0,0
40.16995601399714,17,3.0,-7194
40.17738851107645,17,6.0,-10017
40.17862606156859,5,2.0,0
40.17923137701405,17,4.0,-5755
40.18046008497099,13,1.0,-12170
40.19016953502278,15,2.0,-12056
40.196662872625055,17,1.0,-8416
40.19843926457594,14,15.0,-12200
40.202989954487975,17,2.0,-9029
40.203330549771145,17,4.0,-11114
40.2037018757178,13,2.0,-12184
40.20397292107481,5,1.0,0
40.20638542866419,17,1.0,-10098
40.20757380108466,16,3.0,1375
40.21274031460277,5,16.0,0
40.21481085739744,17,2.0,-9463
40.222647547884236,17,4.0,-6498
40.23410227985297,15,2.0,-12046
40.23789945963657,10,4.0,7789
40.23985442897737,5,3.0,0
40.24301015429645,15,3.0,-12055
40.24698219630257,15,1.0,-12050
40.25511053680859,4,6.0,7790
40.25517310105633,16,13.0,6448
40.258286766455754,15,11.0,-12060
40.259059548603844,17,1.0,-10862
40.25986370353446,3,42.0,7791
40.26337881398239,5,4.0,0
40.26984218346981,17,46.0,-8554
40.271005830145306,17,3.0,-10311
40.27238682289169,17,3.0,-9598
40.27461979382017,13,3.0,-12167
40.27505190612695,5,7.0,0
40.277755555142186,16,1.0,7071
40.280720353009016,5,5.0,0
40.28466000129035,17,6.0,-11642
40.28517381750962,15,1.0,-12065
40.286133589217,17,1.0,-10558
40.28696544371334,13,2.0,-12176
40.28707593582188,15,2.0,-12070
40.28719350717666,1,2.0,7792
40.28998446694319,5,4.0,0
40.29419305102934,17,3.0,-3031
40.303115492357854,17,3.0,-9152
40.305107430695614,15,2.0,-12045
40.30700708580579,17,1.0,-6290
40.31194842260772,15,1.0,-12041
40.312541828531025,10,6.0,7790
40.31417965528348,17,4.0,-10556
40.32344542577181,5,3.0,0
40.3270002112198,17,2.0,-10815
40.329147041101876,15,1.0,-12079
40.330580787812266,10,3.0,7764
40.33599335696012,15,2.0,-12037
40.33800381391687,17,1.0,-7374
40.340178890562925,11,40.0,7766
40.34076110332896,17,6.0,-8156
40.341100258292414,5,2.0,0
40.344164943483975,15,6.0,-12074
40.346829844660995,15,1.0,-12073
40.348800807313786,14,5.0,-12168
40.3507486728411,5,5.0,0
40.352147743060605,1,1.0,7793
40.352389210424114,6,6.0,7761
40.35331922,17,1.0,-8981
40.35519892232247,17,2.0,-5446
40.35603413341459,5,1.0,0
40.35991307378794,17,2.0,-8367
40.36011139549808,5,7.0,0
40.36373551462171,16,7.0,1358
40.36382225746435,5,2.0,0
40.3649720286827,5,1.0,0
40.3652173582094,15,2.0,-12089
40.36540478207739,14,4.0,-12185
40.36599157121262,3,13.0,7794
40.36657704633088,5,3.0,0
40.367895701020245,17,1.0,-10468
40.37159164029189,6,2.0,7792
40.37884084189257,17,6.0,-7344
40.380740899798866,5,5.0,0
40.38404416363475,5,1.0,0
40.393057381287434,5,3.0,0
40.394052866183394,16,2.0,4063
40.396806283143675,17,5.0,-9022
40.39764545893398,5,29.0,0
40.39866424788356,17,1.0,-11332
40.410044744821164,7,2.0,7758
40.411507003146845,5,2.0,0
40.41691343299822,14,2.0,-12173
40.424874009548,17,1.0,-8471
40.426164003820304,16,3.0,7490
40.42744971357478,7,4.0,7769
40.429679009853004,17,11.0,-11070
40.43131062571622,5,3.0,0
40.439829027866054,5,1.0,0
40.4408754290245,5,6.0,0
40.44210309051136,15,2.0,-12091
40.444704062422375,17,1.0,-11765
40.4465233077856,5,13.0,0
40.4492602272237,13,3.0,-12162
40.451177797532836,4,8.0,7795
40.45356542274046,16,14.0,165
40.4619902394757,15,2.0,-12094
40.46214146300004,15,2.0,-12053
40.46280182168339,13,2.0,-12188
40.46386348058837,5,21.0,0
40.465942314333155,15,1.0,-12083
40.46708341297522,1,1.0,7796
40.471452573002196,16,46.0,1351
40.47743943566916,5,1.0,0
40.47789479964479,17,4.0,-7522
40.477994746009,13,1.0,-12158
40.48356644650806,5,3.0,0
40.487032620619075,16,1.0,728
40.48859244130626,6,1.0,7796
40.493638212165585,5,3.0,0
40.49683541673147,17,4.0,-7279
40.499298954504305,15,3.0,-12063
40.50080314857837,15,4.0,-12043
40.50415435095712,5,1.0,0
40.519715683115216,5,4.0,0
40.52479636437356,17,2.0,-9651
40.52505097264767,13,1.0,-12160
40.528410304048904,17,2.0,-8856
40.52867550392777,5,1.0,0
40.52886718249584,10,3.0,7786
40.529640781522914,17,2.0,-6256
40.530564068888566,17,3.0,-10738
40.543495092133895,13,7.0,-12183
40.54609244654106,15,3.0,-12047
40.54633807247544,14,3.0,-12194
40.54806241672257,17,8.0,-5217
40.54952903301063,15,3.0,-12086
40.5516787244476,17,1.0,-8587
40.5537864893739,13,15.0,-12196
40.55614631048741,5,5.0,0
40.558954419770075,7,1.0,7752
40.564080338663906,15,3.0,-12058
40.56792804754858,14,4.0,-12177
40.56796408592647,13,1.0,-12182
40.57093935539887,5,1.0,0
40.57195290980838,5,4.0,0
40.5772519594272,5,10.0,0
40.58278283439138,5,2.0,0
40.58421471004922,15,5.0,-12077
40.589149211677935,14,2.0,-12199
40.59067569025746,17,4.0,-11675
40.590878405393944,15,2.0,-12044
40.593369912685205,7,3.0,7743
40.596228945014005,16,8.0,6569
40.597020885454654,17,1.0,-6759
40.60187584544317,15,8.0,-12039
40.602988036796745,17,3.0,-10023
40.60701037116308,15,3.0,-12080
40.60914066909421,7,2.0,7762
40.61274339227297,5,1.0,0
40.61327300536469,16,1.0,6273
40.61738636455721,16,1.0,6292
40.620091432109696,6,3.0,7781
40.62404712540205,5,1.0,0
40.628061511594,17,3.0,-10127
40.630270143243955,17,1.0,-11099
40.631400922300166,17,4.0,-11517
40.632655371294184,17,2.0,-6922
40.63746279847931,4,1.0,7797
40.63790920726099,15,4.0,-12084
40.640064250793,15,1.0,-12093
40.64056823581452,5,2.0,0
40.64448420882076,16,59.0,7385
40.64465630863151,13,1.0,-12171
40.64742665120348,5,1.0,0
40.64941720721615,5,7.0,0
40.65244340195818,1,1.0,7798
40.65416676438824,15,1.0,-12066
40.656673993416064,17,2.0,-8854
40.65738760157463,5,2.0,0
40.65992727114939,5,1.0,0
40.66212030777582,17,1.0,-7941
40.67715382439249,17,3.0,-7047
40.67750334960386,5,14.0,0
40.68202518765376,17,2.0,-6512
40.68211154357472,5,7.0,0
40.68346082348658,15,4.0,-12081
40.68346082348658,17,4.0,-12081
40.68575032747287,13,1.0,-12172
40.688248176671635,13,2.0,-12163
40.69631851677633,14,8.0,-12164
40.70020801026769,5,2.0,0
40.700354253875275,5,1.0,0
40.70234758119723,14,3.0,-12198
40.703310128973904,6,1.0,7793
40.71299415352068,17,1.0,-9929
40.71751547861062,17,12.0,-7874
40.71861616688011,5,5.0,0
40.71946088374378,17,5.0,-8352
40.721248398023285,13,5.0,-12180
40.72175520299613,15,6.0,-12038
40.72295144943841,15,1.0,-12090
40.7286428382178,4,4.0,7799
40.728995393979545,17,6.0,-7609
40.73114498364924,14,2.0,-12165
40.73116040398809,5,6.0,0
40.731282774984265,15,14.0,-12087
40.7327162895206,13,6.0,-12161
40.73480206332177,17,2.0,-8636
40.739324688825704,17,14.0,-8973
40.74039788501464,17,1.0,-11280
40.74106071024011,5,1.0,0
40.74140626407526,16,25.0,4174
40.742103304203006,14,5.0,-12156
40.743622506915685,17,4.0,-8148
40.75053042473278,15,4.0,-12072
40.7532563889399,17,1.0,-5579
40.754054895963876,17,7.0,-11603
40.75434195200019,17,2.0,-7370
40.75749105216089,16,3.0,6828
40.76172771431114,5,1.0,0
40.762678212049146,5,1.0,0
40.76574788555769,5,13.0,0
40.7676488404769,17,1.0,-10610
40.793746864114524,17,1.0,-601
40.79767521923902,5,5.0,0
40.800970896935674,5,2.0,0
40.806616737423845,13,1.0,-12186
40.810821276783656,17,29.0,-5422
40.81497424621547,15,3.0,-12076
40.81811672250734,15,2.0,-12078
40.821124660157,17,7.0,-6126
40.82313950917674,5,1.0,0
40.831187568843404,15,1.0,-12040
40.834732642394,17,10.0,-1328
40.836627991820485,15,4.0,-12052
40.842529256313554,6,1.0,7780
40.84577953717056,3,58.0,7800
40.848235251421535,15,2.0,-12088
40.850005394647326,14,3.0,-12191
40.85375617914509,13,6.0,-12193
40.85470586704239,15,2.0,-12062
40.85574326180095,5,4.0,0
40.85684104570679,5,4.0,0
40.85894940000958,5,4.0,0
40.86615321360242,17,1.0,-6669
40.87032743326692,15,2.0,-12059
40.871871242622774,15,1.0,-12054
40.87741555298402,6,1.0,7798
40.880436097460745,5,4.0,0
40.881337200572915,14,3.0,-12178
40.88387878681801,14,5.0,-12175
40.88411574580749,13,1.0,-12189
40.88865170975621,17,4.0,-5767
40.88957521437092,17,2.0,-9532
40.89151542462001,13,1.0,-12179
40.89157565457678,5,1.0,0
40.895893764597915,5,1.0,0
40.895972732128676,5,5.0,0
40.89726030655609,5,4.0,0
40.89776324783083,10,42.0,7791
40.89944519965159,5,3.0,0
40.901021446493125,10,46.0,7787
40.90947434791437,15,8.0,-12061
40.922399294851616,5,2.0,0
40.923767394156464,5,8.0,0
40.92692192165449,15,6.0,-12049
40.92763486507995,7,8.0,7776
40.92789056624282,6,2.0,7778
40.928504453477004,5,1.0,0
40.934217491375286,11,41.0,7751
40.93987221615734,4,3.0,7801
40.94252078243427,13,2.0,-12166
40.95093226741887,5,5.0,0
40.951184546534215,17,5.0,-8888
40.955848681701895,17,2.0,-10258
40.95589174994407,5,4.0,0
40.95698029355403,17,2.0,-10654
40.95831343542197,17,2.0,-11692
40.95914398618979,17,6.0,-7666
40.96472253352333,5,5.0,0
40.9670971798755,5,1.0,0
40.97383820056584,5,2.0,0
40.97506458217327,7,3.0,7775
40.97603578043857,1,4.0,7802
40.98653897861865,15,1.0,-12082
40.98951291987711,13,2.0,-12187
40.99023774448622,15,7.0,-12068
40.99226972080727,17,1.0,-10423
40.99393487303284,13,12.0,-12192
40.99953779090295,17,4.0,-8518
41.0009411012022,17,1.0,-10974
41.002802612741725,13,3.0,-12217
41.00800897255148,5,3.0,0
41.01522395879325,7,1.0,7767
41.0373501170467,5,2.0,0
41.03923478938942,16,5.0,173
41.04014840308968,15,5.0,-12112
41.04491734754043,13,9.0,-12236
41.047529104949454,14,1.0,-12241
41.04792805574338,17,1.0,-11698
41.049587611231004,1,2.0,7803
41.050984681521534,17,1.0,-10775
41.051430518022656,17,1.0,-10269
41.05790733274896,5,6.0,0
41.05919250669262,13,1.0,-12239
41.06114531559869,15,1.0,-12152
41.06137962486486,5,6.0,0
41.06156012229624,17,2.0,-11134
41.069681617910376,15,2.0,-12133
41.073481304798726,15,3.0,-12136
41.08093058828477,15,4.0,-12148
41.083632080799276,5,2.0,0
41.08488626764262,14,7.0,-12222
41.090814895900415,16,1.0,5655
41.0946760323884,15,4.0,-12101
41.10703529317738,15,4.0,-12102
41.10760914045523,10,3.0,7772
41.10982921165269,17,3.0,-5871
41.12103810984417,17,3.0,-9684
41.12364747537843,17,20.0,-11365
41.12531435004194,5,3.0,0
41.12533858017087,1,3.0,7804
41.126683186423364,13,1.0,-12208
41.12691499757693,17,10.0,-11075
41.13170075137585,14,2.0,-12225
41.133983761971876,5,2.0,0
41.13499588882525,5,7.0,0
41.13953819790549,15,2.0,-12134
41.14243964256212,15,1.0,-12127
41.1452901746708,16,1.0,3276
41.14641637749183,17,5.0,-8358
41.15140088367898,6,4.0,7802
41.15155978594388,5,5.0,0
41.15208172440626,14,4.0,-12215
41.15301202444193,15,4.0,-12118
41.15579025242895,14,2.0,-12245
41.155811618613846,14,7.0,-12214
41.1563256344313,14,3.0,-12244
41.16518090088872,5,1.0,0
41.16573071361641,17,1.0,-9899
41.1743447732888,11,13.0,7768
41.17570374830094,5,2.0,0
41.17816070583195,17,2.0,-2676
41.17994419965422,5,7.0,0
41.18081904570998,17,1.0,-10020
41.18423509335997,5,1.0,0
41.18751724649409,17,2.0,-9335
41.188125062959394,5,4.0,0
41.18910685824464,16,14.0,7275
41.19350999951804,17,2.0,-9057
41.193574821297375,16,2.0,6965
41.19762907013878,5,2.0,0
41.199146180583334,13,1.0,-12235
41.20256030334364,17,1.0,-9407
41.206751041145644,5,3.0,0
41.208809821500786,15,22.0,-12096
41.21189536386937,5,6.0,0
41.21281456519265,15,1.0,-12108
41.214461129275975,16,40.0,2304
41.22323875300167,5,2.0,0
41.223324170292734,13,3.0,-12246
41.22407474929632,17,3.0,-11107
41.232838117687166,5,2.0,0
41.233683456630864,5,1.0,0
41.23693220957063,5,3.0,0
41.24045101767412,16,9.0,7164
41.24080901592294,4,1.0,7805
41.247182345154144,11,3.0,7754
41.24852212708931,15,4.0,-12114
41.24881095651215,16,7.0,2668
41.25148120724482,7,3.0,7770
41.25633014046068,5,1.0,0
41.256613383193056,17,1.0,-8427
41.26019871063647,17,13.0,-11579
41.26233231443207,17,5.0,-9661
41.27639897862016,17,2.0,-9282
41.278701383550846,5,3.0,0
41.28262215184989,5,4.0,0
41.28319275335081,5,2.0,0
41.28458834761728,5,1.0,0
41.29295266065785,5,1.0,0
41.29570417469053,13,1.0,-12212
41.2975602752752,17,4.0,-2205
41.2980336777819,15,2.0,-12137
41.29851160100048,15,1.0,-12103
41.30309101865956,14,15.0,-12219
41.30823786633346,7,3.0,7759
41.30911217854188,17,2.0,-11067
41.310182787708435,17,12.0,-8948
41.3124908535916,11,6.0,7785
41.314155779192944,16,5.0,3089
41.317141996799236,17,3.0,-8874
41.319329477337874,5,1.0,0
41.325603215304746,17,4.0,-9554
41.32671117801962,15,1.0,-12144
41.32759780126363,17,3.0,-11000
41.32771124415252,15,2.0,-12150
41.32771124415252,17,2.0,-12150
41.32787719183472,15,8.0,-12153
41.3290625639498,17,18.0,-11937
41.329993585472494,15,1.0,-12105
41.33276661476798,15,4.0,-12111
41.335040505762514,17,3.0,-9153
41.3354602244565,17,1.0,-9379
41.33595504206457,16,3.0,1680
41.34435369741633,5,9.0,0
41.34594855089822,13,3.0,-12240
41.34789072360346,5,5.0,0
41.350501959788105,17,6.0,-10958
41.351139281886205,5,7.0,0
41.35391602191644,1,2.0,7806
41.359300312287615,16,3.0,7165
41.35968247747682,17,1.0,-9907
41.37041391975853,17,1.0,-7551
41.37336822085998,5,4.0,0
41.374248743051254,15,1.0,-12116
41.374979743275716,14,1.0,-12207
41.37616699938823,17,1.0,-9187
41.37781615155379,17,2.0,-10183
41.378461140066776,17,7.0,-9811
41.378969029247756,17,57.0,-10410
41.379413741032145,5,21.0,0
41.38266308049863,5,2.0,0
41.388593789349635,15,9.0,-12129
41.392344500653984,5,5.0,0
41.39449126282166,16,4.0,7696
41.40100765329865,15,1.0,-12130
41.40755460868701,5,2.0,0
41.41078207142065,17,2.0,-11749
41.41450045664217,15,1.0,-12145
41.4203106716154,15,1.0,-12132
41.42347915633628,15,2.0,-12131
41.425837119606584,15,1.0,-12126
41.427078939426494,5,3.0,0
41.427969236297685,17,3.0,-10355
41.43241760853814,5,4.0,0
41.435056648330715,5,2.0,0
41.43553649749919,5,4.0,0
41.43977460685231,7,1.0,7796
41.44236738752765,5,3.0,0
41.44591835919132,5,6.0,0
41.44974076937914,14,1.0,-12238
41.45055497011018,5,4.0,0
41.452714518636384,15,5.0,-12122
41.453916160668506,5,3.0,0
41.45814155799449,15,10.0,-12097
41.45852400779872,6,15.0,7779
41.46214039448104,16,38.0,4008
41.46295321218866,15,1.0,-12125
41.46532437024412,13,7.0,-12229
41.46659032005572,16,2.0,5375
41.47089808391401,5,4.0,0
41.47571621920729,17,1.0,-10758
41.47698281243749,5,3.0,0
41.477620787783465,17,2.0,-5941
41.47822379195125,13,1.0,-12216
41.47854231267761,15,2.0,-12141
41.48528118589918,17,9.0,-9044
41.48551900765676,17,4.0,-10039
41.491560835570475,17,1.0,-9802
41.495938838288396,5,2.0,0
41.49832017090612,5,1.0,0
41.499499856213475,1,1.0,7807
41.50346152595643,10,8.0,7795
41.505093515689886,17,2.0,-6452
41.509856753819975,5,3.0,0
41.51309693750141,15,4.0,-12149
41.51453068215903,15,2.0,-12124
41.514645963543735,5,2.0,0
41.51532342400974,16,4.0,6892
41.516439632049696,17,2.0,-9136
41.5179353941106,17,3.0,-9073
41.520515807700676,17,4.0,-11743
41.52240425633019,13,3.0,-12224
41.52351223682952,15,5.0,-12147
41.5248317318579,17,7.0,-9945
41.529649054256566,5,2.0,0
41.53022122868378,8,2.0,7792
41.53282114105363,5,3.0,0
41.536103601923266,13,13.0,-12237
41.54905804808653,13,3.0,-12202
41.555004922345525,6,2.0,7806
41.556672123574735,16,2.0,4889
41.55985686699274,5,1.0,0
41.564707744353065,17,1.0,-9295
41.56767192382337,6,2.0,7803
41.568570443779834,14,4.0,-12221
41.56957864084106,17,10.0,-8625
41.571062525691985,5,1.0,0
41.57590770958471,15,1.0,-12106
41.57648831540123,15,6.0,-12146
41.58598512249879,5,1.0,0
41.58617221442059,17,4.0,-9943
41.59180316103088,17,1.0,-9317
41.59373444738428,16,5.0,6725
41.59449479669304,17,1.0,-9539
41.597677645972986,17,1.0,-8779
41.59820431169369,17,27.0,-7773
41.59840740099303,15,10.0,-12154
41.6053174241516,17,6.0,-9880
41.609673996657285,15,6.0,-12121
41.61123422070396,13,2.0,-12204
41.61763396115682,5,4.0,0
41.62052172029739,5,51.0,0
41.622225904163734,5,4.0,0
41.62431337604481,5,3.0,0
41.63819521422323,4,26.0,7808
41.640157183493216,14,1.0,-12243
41.64047336403103,17,2.0,-9600
41.65024605835214,17,1.0,-11880
41.650817006463654,16,7.0,3548
41.66398845241516,5,2.0,0
41.667333163147376,17,1.0,-4685
41.671101557184194,5,3.0,0
41.67394280426463,15,2.0,-12110
41.67537487627524,17,3.0,-9005
41.677262598426466,17,6.0,-9817
41.684676180896375,17,2.0,-10145
41.690151432563574,16,6.0,7605
41.69178997729937,5,1.0,0
41.69268245568476,16,3.0,4065
41.69338222628798,5,1.0,0
41.697467600801424,5,2.0,0
41.69802179984285,17,7.0,-8798
41.698272707838086,5,3.0,0
41.70625020814748,15,8.0,-12142
41.707140789021416,15,1.0,-12115
41.71547249035623,17,1.0,-7162
41.71792603322293,6,6.0,7771
41.718885235576224,3,60.0,7809
41.72066562317887,17,1.0,-9629
41.72077532908592,1,4.0,7810
41.72718784867314,17,2.0,-9205
41.7280887034163,5,2.0,0
41.73245005572738,5,1.0,0
41.73604328066049,14,2.0,-12242
41.73615995091046,15,2.0,-12128
41.74166043080235,4,47.0,7811
41.74242390089372,14,2.0,-12234
41.74484469499134,17,2.0,-9891
41.7472822824792,6,3.0,7804
41.74760895309149,10,1.0,7797
41.75256022962866,3,1.0,7812
41.753159769062556,15,1.0,-12098
41.76264932842282,10,58.0,7800
41.765203149161074,5,41.0,0
41.76603905390557,4,4.0,7813
41.76695839971225,5,5.0,0
41.76868781366672,17,1.0,-6847
41.77011227918207,5,1.0,0
41.773965749534554,14,3.0,-12231
41.786497249934236,5,14.0,0
41.78829512770058,17,10.0,-7842
41.79052264459299,17,2.0,-10261
41.79427305244514,5,1.0,0
41.79792952131772,13,8.0,-12233
41.79982640140422,17,1.0,-9938
41.80059598003431,17,12.0,-10263
41.806802233225895,17,1.0,-4950
41.807577148141476,17,1.0,-4768
41.808646390527876,15,11.0,-12117
41.811269610917826,5,4.0,0
41.813763260634765,17,1.0,-5879
41.8152103784669,5,4.0,0
41.81974387424589,17,2.0,-11813
41.82504847743043,17,3.0,-9980
41.82527558177484,5,3.0,0
41.82669991559446,17,5.0,-9514
41.82788402510634,10,1.0,7812
41.828330953501506,13,3.0,-12210
41.82923991787507,14,2.0,-12211
41.83595610232012,14,1.0,-12228
41.836844202648656,14,2.0,-12209
41.838759086952834,15,5.0,-12109
41.838759086952834,17,5.0,-12109
41.83920299094237,17,1.0,-8894
41.83954481948531,5,1.0,0
41.83965623159398,13,2.0,-12201
41.84104393238832,5,1.0,0
41.84359945421466,15,1.0,-12140
41.84401422530945,5,4.0,0
41.847078419058036,17,5.0,-8849
41.849251014387626,5,3.0,0
41.8502020669344,17,2.0,-6844
41.85220062262963,17,3.0,-7141
41.85636426145995,16,1.0,2784
41.861535310384184,15,4.0,-12120
41.86438837965512,17,2.0,-6464
41.86589197560607,15,2.0,-12100
41.86704042812101,5,1.0,0
41.86713475565665,17,2.0,-10200
41.867853497114766,5,1.0,0
41.86903790943513,14,34.0,-12232
41.87139940896075,15,6.0,-12135
41.87363474625766,5,9.0,0
41.87471666951502,16,3.0,6760
41.87483624426308,17,1.0,-6632
41.87873490357268,5,5.0,0
41.87958594623289,17,2.0,-6381
41.87997807715928,13,4.0,-12218
41.885222438519286,15,1.0,-12138
41.88559098831242,13,2.0,-12203
41.886837957698,4,10.0,7814
41.88793347333716,5,2.0,0
41.891814944384535,5,1.0,0
41.89229084644386,17,3.0,-9024
41.8931399213819,17,5.0,-10978
41.8952534920932,15,7.0,-12143
41.897938743115255,15,2.0,-12139
41.90022402498295,13,4.0,-12213
41.900776574142554,1,2.0,7815
41.903927200612394,10,34.0,7788
41.905484506264216,13,8.0,-12226
41.91009766635953,17,1.0,-9890
41.91016398032837,14,1.0,-12230
41.91508911443529,17,4.0,-9531
41.91778754486098,16,3.0,7241
41.91850864223268,5,2.0,0
41.91956923707826,14,2.0,-12220
41.922614953581295,13,1.0,-12223
41.924675020010646,13,7.0,-12227
41.93019624334817,15,1.0,-12113
41.93019624334817,17,1.0,-12113
41.93053267818828,3,4.0,7816
41.93340280966043,5,1.0,0
41.93799615971428,15,1.0,-12151
41.93925962311945,5,1.0,0
41.93959847387826,13,1.0,-12205
41.939933117890774,6,1.0,7784
41.940058166490836,15,1.0,-12099
41.9405824579051,15,3.0,-12104
41.94099389368718,17,3.0,-11393
41.94291590580419,5,1.0,0
41.9480357595601,17,2.0,-9889
41.948270472159216,17,1.0,-162
41.95815277879529,17,4.0,-10970
41.96050155677264,5,3.0,0
41.9610442100926,15,4.0,-12123
41.962480618020884,5,1.0,0
41.964028880687785,11,3.0,7772
41.96682373188207,17,1.0,-11064
41.969381870226115,15,2.0,-12119
41.97719134645336,16,40.0,2667
41.9797869716277,14,4.0,-12206
41.98111385849467,5,7.0,0
41.98177411669982,11,3.0,7764
41.989312614603705,5,6.0,0
41.98959048304691,17,1.0,-5273
41.99043576611485,17,46.0,-498
41.99276967079052,17,28.0,-10405
41.99620584766084,17,9.0,-8558
41.9995945383272,17,1.0,-10965
42.00840051896509,17,4.0,-9635
42.00912304542449,3,52.0,7817
42.01392412552144,15,1.0,-12182
42.01822897115658,5,3.0,0
42.019424192727655,7,15.0,7779
42.021690825730175,17,2.0,-9065
42.02207433840056,16,12.0,5534
42.03304379820445,5,3.0,0
42.03381550751534,17,5.0,-11733
42.03620147774946,17,3.0,-7057
42.03685952119056,10,9.0,7765
42.03978103832389,15,1.0,-12158
42.039851004874436,17,36.0,-6990
42.04070725153678,17,31.0,-10471
42.04268956912759,17,6.0,-8592
42.043879063598865,5,2.0,0
42.050104280193075,17,17.0,-9676
42.05087300222497,5,3.0,0
42.05506210571111,15,12.0,-12192
42.05536121385697,17,15.0,-7465
42.05694301673249,14,18.0,-12286
42.06074198131697,15,2.0,-12173
42.06555001998506,6,1.0,7807
42.06920143615608,14,5.0,-12290
42.070618371694614,13,2.0,-12268
42.0717963066852,17,8.0,-8684
42.078217733115004,14,10.0,-12249
42.07924093543245,17,1.0,-8647
42.08286449710083,17,17.0,-11025
42.084262932497744,14,3.0,-12271
42.08755195202814,5,6.0,0
42.08933599332241,5,3.0,0
42.09641924779163,17,2.0,-8147
42.09702680979291,17,1.0,-8970
42.09922977808775,5,4.0,0
42.10235117344654,10,13.0,7794
42.11076054234823,17,4.0,-10515
42.11180030524315,5,6.0,0
42.11914003273036,5,5.0,0
42.11941398811902,17,3.0,-6108
42.1197765257964,11,50.0,7783
42.1262984486722,5,2.0,0
42.12710287793721,15,4.0,-12185
42.12847874659314,17,2.0,-11838
42.13584998873365,14,2.0,-12261
42.14378259608601,5,7.0,0
42.14438351751201,1,3.0,7818
42.14612055646745,5,2.0,0
42.15367135279025,11,46.0,7787
42.15563647879718,5,3.0,0
42.15584986303688,11,5.0,7777
42.15769464169978,17,9.0,-8937
42.1588831270629,15,1.0,-12159
42.16345252784325,17,4.0,-8510
42.1662074136279,15,1.0,-12172
42.16703945223921,15,2.0,-12184
42.1671351743996,13,1.0,-12253
42.167234985007795,17,1.0,-10720
42.17078403496032,15,1.0,-12181
42.17651723628466,17,1.0,-11770
42.182229865085866,17,5.0,-10792
42.182896801404326,17,3.0,-11265
42.18462381692869,14,4.0,-12276
42.185013686516115,17,2.0,-11028
42.187746027365776,13,1.0,-12287
42.18951407759128,5,2.0,0
42.19858545336685,5,3.0,0
42.20516811623574,14,27.0,-12266
42.206364908497136,17,2.0,-10640
42.20663343998414,15,1.0,-12189
42.208247055763266,15,5.0,-12180
42.21038627468384,15,15.0,-12200
42.21475931031078,15,1.0,-12160
42.2164502626833,15,1.0,-12155
42.219838669245526,17,2.0,-82
42.22112153531442,14,5.0,-12281
42.226451114614314,5,3.0,0
42.22689394114074,3,8.0,7819
42.241304096661366,17,1.0,-10274
42.24324587053409,5,2.0,0
42.24348829071958,13,1.0,-12274
42.24600413687624,17,6.0,-10625
42.2473166439837,5,4.0,0
42.256565435258864,15,1.0,-12170
42.25713611114786,17,3.0,-7388
42.26227032936332,15,3.0,-12174
42.26748398073803,1,1.0,7820
42.27182852854594,17,5.0,-8025
42.27211280601127,17,4.0,-10550
42.27287228332627,17,1.0,-7712
42.2772310284268,15,2.0,-12163
42.278415210556346,13,2.0,-12283
42.27960098223194,17,1.0,-1041
42.28111380573153,5,2.0,0
42.28306042875283,5,4.0,0
42.28816546404888,5,1.0,0
42.29131451258581,15,1.0,-12169
42.29606492750945,17,5.0,-8741
42.29896723298054,5,3.0,0
42.30321892469259,17,2.0,-8831
42.304960495236,15,8.0,-12164
42.30598116790001,17,3.0,-3706
42.30727121224832,1,2.0,7821
42.31213657434769,5,3.0,0
42.313779917219826,1,1.0,7822
42.31434554206757,15,1.0,-12179
42.318614292729684,15,7.0,-12183
42.32829481851009,5,1.0,0
42.32890418746739,5,3.0,0
42.32890645175644,5,1.0,0
42.33144277740003,16,4.0,5644
42.33430822713238,6,2.0,7821
42.33981133588783,17,5.0,-10148
42.34081124919151,1,7.0,7823
42.34121596241561,5,3.0,0
42.35054428841929,5,11.0,0
42.35453650694404,7,6.0,7761
42.3548040646279,15,3.0,-12194
42.35617314290395,15,2.0,-12166
42.36808857323656,17,3.0,-9275
42.37105340007009,17,6.0,-10604
42.375095319111104,13,1.0,-12251
42.378738301551195,17,2.0,-7267
42.3825171922402,14,1.0,-12254
42.38503758345894,17,5.0,-8200
42.386632871400344,16,10.0,6990
42.387290722466105,13,3.0,-12252
42.388894023693446,1,3.0,7824
42.38915944573872,5,3.0,0
42.39610703145067,1,3.0,7825
42.398315679853866,17,14.0,-9107
42.39849131209935,15,2.0,-12165
42.399318156809315,17,2.0,-10025
42.40505568986807,5,3.0,0
42.42048442957901,17,6.0,-10692
42.420537096457615,17,3.0,-4369
42.421039219344415,13,2.0,-12256
42.42131339113732,14,1.0,-12263
42.42580257917726,17,1.0,-11509
42.42825705348225,1,15.0,7826
42.4291577599557,17,1.0,-9982
42.43319817294637,5,5.0,0
42.436196977465855,17,4.0,-4592
42.44197417064713,16,3.0,7372
42.44203585314179,17,2.0,-3699
42.44623019731061,5,2.0,0
42.44790525782661,17,2.0,-7118
42.45018130385104,16,25.0,2813
42.45600550718578,5,3.0,0
42.464536967862294,5,7.0,0
42.46818991611513,7,4.0,7802
42.471832237816635,17,1.0,-11118
42.47429034907864,17,1.0,-6133
42.47490523545183,13,2.0,-12289
42.48021541398128,17,4.0,-5059
42.48250224527987,5,1.0,0
42.483213278021125,5,9.0,0
42.48531693494944,15,2.0,-12195
42.48721054046386,17,1.0,-10630
42.488160067523445,17,5.0,-10442
42.490425447207166,13,3.0,-12292
42.491176906453205,13,1.0,-12272
42.49261151184525,5,7.0,0
42.494073992429485,17,2.0,-11949
42.49455505443213,7,2.0,7806
42.49624106608061,15,3.0,-12191
42.50216213314977,16,3.0,1776
42.50450459376991,5,8.0,0
42.505440156440095,17,5.0,-9902
42.507100032802825,13,2.0,-12278
42.51282697561467,17,1.0,-7638
42.51506127238792,5,4.0,0
42.519537092687514,13,2.0,-12280
42.52871299229416,14,2.0,-12291
42.53104341367772,17,3.0,-10080
42.53492562981571,5,2.0,0
42.538449195285956,5,3.0,0
42.54337964879643,15,4.0,-12177
42.550728344095035,5,4.0,0
42.55451274427748,12,11.0,7773
42.555664019388495,15,2.0,-12199
42.55716687778905,17,20.0,-10911
42.560628563852426,4,14.0,7827
42.560680561506004,5,2.0,0
42.561280291392215,5,2.0,0
42.56219906445133,10,1.0,7805
42.568964278719555,5,6.0,0
42.58082655400692,6,7.0,7823
42.58193694246276,5,5.0,0
42.58239124319806,6,3.0,7818
42.58280342429341,15,3.0,-12198
42.58778600738759,16,6.0,7594
42.588984817935945,5,3.0,0
42.591116389605304,5,1.0,0
42.60853275404334,11,4.0,7789
42.60853275404334,16,4.0,7789
42.61122165157858,5,5.0,0
42.61147403661437,5,1.0,0
42.61507867158331,13,1.0,-12288
42.6151706236963,5,3.0,0
42.61542211010034,11,6.0,7790
42.61805349980625,17,1.0,-10306
42.61843985520865,5,4.0,0
42.620846172152454,5,1.0,0
42.626553358064086,17,1.0,-5915
42.62853186724767,5,2.0,0
42.63094913000098,15,2.0,-12197
42.633559174415595,17,4.0,-10893
42.63438809910915,17,5.0,-4638
42.64070419107993,15,7.0,-12190
42.642455622867935,15,5.0,-12168
42.643189826008836,17,15.0,-9969
42.6486271855006,17,4.0,-6628
42.649954233721196,10,60.0,7809
42.65292312259807,17,1.0,-7338
42.65462287241442,14,11.0,-12250
42.65485888554946,15,15.0,-12196
42.67597767929668,11,34.0,7788
42.6770708406588,17,2.0,-9701
42.678830096951366,3,55.0,7828
42.67897009218072,17,1.0,-10571
42.67952178314075,15,6.0,-12161
42.67980793255636,16,18.0,7660
42.680676770518254,5,8.0,0
42.68516561579459,7,11.0,7774
42.68521558852503,15,1.0,-12171
42.68928768781426,16,2.0,6225
42.6921059197364,17,2.0,-9018
42.692622853371006,17,4.0,-9794
42.69520996214056,1,8.0,7829
42.699309220842544,15,2.0,-12188
42.70318016931308,17,3.0,-10362
42.70991398158145,5,7.0,0
42.710184045372905,5,1.0,0
42.71201273851707,14,1.0,-12264
42.71559129703077,5,4.0,0
42.71577100872635,17,13.0,-10124
42.71826050074775,5,1.0,0
42.721444199363255,5,11.0,0
42.72155416285888,13,1.0,-12279
42.72196998027728,17,1.0,-8586
42.72581120776475,16,1.0,4256
42.729990825662156,17,1.0,-6691
42.73023507466215,17,1.0,-9477
42.740227158686146,14,1.0,-12247
42.744781586944654,13,2.0,-12273
42.74658260801859,14,1.0,-12258
42.751101417288055,17,5.0,-8205
42.75153127008705,3,5.0,7830
42.75366267628154,5,1.0,0
42.75974947485606,7,1.0,7793
42.76002089437718,17,5.0,-10396
42.760359131777875,6,1.0,7820
42.762819864617484,17,4.0,-11257
42.76472190305232,10,10.0,7814
42.771634242255004,13,2.0,-12277
42.774073207065754,15,5.0,-12175
42.77612691095598,5,4.0,0
42.78001970791282,13,3.0,-12284
42.78483607731855,17,2.0,-1005
42.78727846127673,15,1.0,-12186
42.79217006735192,11,42.0,7791
42.79684978706256,13,5.0,-12285
42.79752389662229,14,4.0,-12269
42.79954865247694,10,3.0,7801
42.80003973364934,16,60.0,7434
42.800431904864716,17,3.0,-11146
42.803151821607294,1,13.0,7831
42.803163480762265,5,7.0,0
42.806832555970864,11,58.0,7800
42.81038074828532,13,5.0,-12248
42.81243780863931,5,3.0,0
42.82015857853085,17,1.0,-7401
42.82277865921266,16,9.0,7574
42.82521855982971,17,2.0,-10321
42.83071754120471,7,2.0,7778
42.83443163420406,14,11.0,-12282
42.838213266538446,13,1.0,-12259
42.83902871887492,11,26.0,7782
42.839522369057114,5,4.0,0
42.84149911465615,17,6.0,-8135
42.846575547998285,17,3.0,-8040
42.848179295964805,13,7.0,-12260
42.84893980391011,17,6.0,-9058
42.85001221555239,6,15.0,7826
42.85532427362955,5,4.0,0
42.85793900411962,5,3.0,0
42.86158038824349,15,5.0,-12156
42.86327788781944,14,6.0,-12267
42.86478977942989,15,6.0,-12193
42.87043209461304,15,3.0,-12178
42.87481450881043,5,2.0,0
42.88263225853678,13,3.0,-12257
42.88357950518027,113,55.0,-12265
42.88426268636693,6,13.0,7831
42.88716898694493,17,1.0,-7260
42.88846446454582,16,7.0,6357
42.891610208303796,4,2.0,7832
42.89577687390877,15,2.0,-12176
42.90112648891109,5,3.0,0
42.90151886439189,15,2.0,-12187
42.90442967332336,14,3.0,-12275
42.90881297612031,17,2.0,-8307
42.909404772296796,17,1.0,-8914
42.912115231080215,6,3.0,7825
42.922404160703465,17,4.0,-7819
42.923950857650325,13,4.0,-12262
42.9287752440899,15,3.0,-12167
42.93129801944994,17,5.0,-10441
42.93295692216708,5,1.0,0
42.93298369567675,16,7.0,7590
42.933512034770686,5,4.0,0
42.937262181699374,15,2.0,-12157
42.93943869117749,17,1.0,-4860
42.94365800958981,17,1.0,-9081
42.950742752877424,17,1.0,-6939
42.960938924091366,17,1.0,-11180
42.96196204953196,6,8.0,7829
42.966981869216646,7,3.0,7804
42.96777333993532,5,2.0,0
42.973390226790755,13,1.0,-12255
42.97530408676989,17,2.0,-10516
42.975770291979906,17,2.0,-3515
42.98164424697687,17,2.0,-9213
42.981695746123336,5,2.0,0
42.98293297137016,15,3.0,-12162
42.98450484295364,17,2.0,-6684
42.988157798728544,17,3.0,-5565
42.9908071789825,5,1.0,0
42.99083362773188,5,12.0,0
42.99706752944551,13,1.0,-12270
42.99927729153477,16,3.0,7668
43.00224428962907,15,1.0,-12208
43.004314269887615,13,9.0,-12330
43.0047834481252,13,2.0,-12325
43.01218238129279,5,3.0,0
43.01611618916369,5,3.0,0
43.017786416468255,5,4.0,0
43.01874646507978,13,1.0,-12335
43.019997934536086,17,2.0,-10777
43.022821211972754,15,4.0,-12206
43.023288055498696,17,2.0,-7952
43.02532591492847,17,4.0,-6935
43.02809181486858,5,1.0,0
43.03040761689373,5,7.0,0
43.03304816192126,15,2.0,-12234
43.03396382374284,17,5.0,-10044
43.03561397268522,10,2.0,7832
43.03574449977057,11,3.0,7786
43.03594013265659,3,19.0,7833
43.03744697183233,3,49.0,7834
43.03886431725939,13,1.0,-12321
43.044877576593734,17,2.0,-9461
43.05221537226456,5,3.0,0
43.055071482500686,13,3.0,-12316
43.05616192904397,13,11.0,-12309
43.056322956594784,5,4.0,0
43.0579693250058,13,1.0,-12313
43.05800139369989,5,1.0,0
43.06107162576779,15,8.0,-12226
43.06360491956487,5,3.0,0
43.0642755440416,15,15.0,-12219
43.06625677590391,13,1.0,-12294
43.07121229103186,11,9.0,7765
43.071450650839616,15,34.0,-12232
43.074341474438086,17,2.0,-8501
43.07914737846069,5,1.0,0
43.079448144553105,13,1.0,-12329
43.085412265991835,10,14.0,7827
43.09091052381731,13,3.0,-12318
43.095270331558154,3,37.0,7835
43.09900083581034,15,1.0,-12238
43.10117789514614,5,2.0,0
43.10247445282108,17,5.0,-11854
43.10750325326475,5,5.0,0
43.110088872230605,14,3.0,-12332
43.11894473811381,5,3.0,0
43.12857931205498,5,2.0,0
43.13083324714539,5,1.0,0
43.13689414387114,5,2.0,0
43.14221538688799,13,2.0,-12333
43.14441327564765,16,3.0,5225
43.146301276386986,17,1.0,-10687
43.1507808091713,14,4.0,-12300
43.154108815354355,15,2.0,-12201
43.15826376909723,5,2.0,0
43.16779176461874,6,3.0,7824
43.16879427541588,15,2.0,-12211
43.171553427932906,13,2.0,-12337
43.173065925887414,17,3.0,-8270
43.177222598387466,5,2.0,0
43.17959224171886,15,1.0,-12212
43.183182238484896,5,1.0,0
43.18378156529039,6,4.0,7810
43.18417562249372,5,7.0,0
43.18706207238961,17,3.0,-11576
43.19945496497504,16,8.0,7635
43.20009124620978,5,1.0,0
43.20070505250343,13,36.0,-12303
43.21095272363839,5,4.0,0
43.21130121933339,16,6.0,1800
43.21688604181253,5,1.0,0
43.21750735486488,13,2.0,-12323
43.219540387126656,5,1.0,0
43.21958715143999,5,3.0,0
43.23468573185684,17,1.0,-8784
43.23575443747725,5,1.0,0
43.246770874919974,10,4.0,7799
43.257499854616725,10,3.0,7763
43.2608072839402,17,1.0,-2706
43.26596125066706,7,3.0,7781
43.266500478113876,13,1.0,-12336
43.27545594894877,5,1.0,0
43.27692974131422,17,3.0,-3131
43.28420122683239,17,4.0,-10671
43.286036933249605,16,5.0,210
43.2875833842393,17,1.0,-10456
43.29113718173726,3,5.0,7836
43.29473075192964,17,7.0,-9263
43.298476556864884,17,4.0,-8804
43.29892461914362,5,7.0,0
43.31213755568317,15,1.0,-12230
43.31495076163906,15,1.0,-12207
43.32125985663322,13,1.0,-12308
43.322454256233755,5,21.0,0
43.323082630377,5,4.0,0
43.33040369060262,7,6.0,7771
43.331189512774536,13,2.0,-12293
43.33513019734568,5,7.0,0
43.3445035418834,5,5.0,0
43.3537733507947,7,11.0,7760
43.35600384964763,10,5.0,7836
43.36037621258988,17,13.0,-9047
43.364723122345,5,1.0,0
43.36752322648364,17,1.0,-9725
43.37138747372787,6,2.0,7815
43.37539751546931,13,1.0,-12301
43.37577904468131,17,3.0,-4354
43.37674025250074,15,1.0,-12228
43.378338427805545,7,2.0,7803
43.381174847086285,17,1.0,-8897
43.384980017809816,13,1.0,-12305
43.3859247420555,5,13.0,0
43.39127643424423,17,1.0,-8733
43.39652508064446,10,37.0,7835
43.39861640529892,5,6.0,0
43.40670630553988,5,4.0,0
43.408223753164386,5,1.0,0
43.4106151647215,16,2.0,6410
43.41073208599868,9,11.0,7773
43.41223083914227,16,43.0,7670
43.417331515915876,15,2.0,-12209
43.418241418515855,17,1.0,-11616
43.42075422645989,4,22.0,7837
43.42297741639174,15,13.0,-12237
43.42331207134461,15,1.0,-12243
43.42744971357478,16,4.0,7769
43.428393782577636,10,8.0,7819
43.42967590774894,17,1.0,-9666
43.436333034883376,14,8.0,-12302
43.438817899480654,13,34.0,-12328
43.44237722649293,17,53.0,-9324
43.44305105773242,5,3.0,0
43.45529481367792,13,1.0,-12297
43.45858670282802,16,2.0,6033
43.46336084069551,6,1.0,7822
43.46419631834251,17,13.0,-9813
43.464212739258585,17,5.0,-11210
43.46449854983125,17,10.0,-8305
43.46558895317893,5,2.0,0
43.467402195222675,17,5.0,-9746
43.4680216439043,14,7.0,-12306
43.47938387824065,17,2.0,-10626
43.484322956489386,14,2.0,-12310
43.487573974740776,15,3.0,-12224
43.491198915822515,17,1.0,-10961
43.49229776520783,17,1.0,-4073
43.49730538007993,17,3.0,-9824
43.498218487989874,10,4.0,7816
43.49851615800835,17,50.0,-9577
43.50479086095484,7,7.0,7823
43.50602759013624,15,3.0,-12210
43.50735245747291,15,4.0,-12221
43.508020454846246,5,5.0,0
43.510444996636096,17,1.0,-9921
43.51080323322134,15,1.0,-12239
43.51824156554641,16,52.0,482
43.52176577164824,17,1.0,-11346
43.52245718413399,14,1.0,-12326
43.529658581294484,15,7.0,-12214
43.53194686002223,16,17.0,6868
43.53341784925533,5,4.0,0
43.53550599610846,15,3.0,-12246
43.53578114574838,15,3.0,-12240
43.537430434995315,10,49.0,7834
43.538069561505765,10,26.0,7808
43.54028223709675,16,53.0,1553
43.54351707991731,15,3.0,-12231
43.54669697141378,17,1.0,-9488
43.549831235105756,17,2.0,-4672
43.55063285715589,17,1.0,-7502
43.551502810084095,14,1.0,-12334
43.55210026985867,17,1.0,-9833
43.55314738080854,1,5.0,7838
43.55699064433352,13,1.0,-12331
43.55713851566746,5,4.0,0
43.56981740239174,4,4.0,7839
43.571330736034305,5,1.0,0
43.57140822544375,17,2.0,-9342
43.57859318687383,17,1.0,-8354
43.58155325319555,17,2.0,-9871
43.582917964923446,5,5.0,0
43.58854970500385,5,3.0,0
43.59365181331338,1,3.0,7840
43.59395603588409,5,3.0,0
43.60297503725093,5,21.0,0
43.603291061948,5,2.0,0
43.60660126420841,13,2.0,-12314
43.61265793828453,17,1.0,-9770
43.619527417967575,13,9.0,-12298
43.620836609287814,15,1.0,-12241
43.62349229295985,4,8.0,7841
43.62667400542409,1,1.0,7842
43.63302660524241,5,2.0,0
43.63459158324125,11,3.0,7763
43.63981572778353,17,1.0,-7326
43.64043003036694,15,9.0,-12236
43.66074987897623,17,7.0,-8727
43.661243037510594,5,2.0,0
43.66132942447652,17,1.0,-9612
43.66490192107754,15,3.0,-12244
43.669288066342936,17,2.0,-9402
43.678808568549414,5,3.0,0
43.6798657817476,5,2.0,0
43.68045541984907,5,2.0,0
43.68188973765051,17,42.0,-11479
43.69020622079577,15,2.0,-12225
43.69491182135253,5,2.0,0
43.69553354665117,17,14.0,-11593
43.700364337019465,14,1.0,-12327
43.70337167987319,5,2.0,0
43.7079847686587,14,12.0,-12312
43.708981878016736,15,2.0,-12203
43.711538433581694,15,7.0,-12222
43.71454917187638,15,4.0,-12218
43.71531669006096,7,1.0,7807
43.72026708218011,13,3.0,-12319
43.72048255013172,15,8.0,-12233
43.721743022852436,17,1.0,-11275
43.72332152500554,5,11.0,0
43.732341729986146,5,3.0,0
43.73387381218739,17,1.0,-8125
43.73464473430748,15,2.0,-12242
43.73615851593245,5,1.0,0
43.737052160818,15,2.0,-12245
43.7391757920637,5,2.0,0
43.73991277802297,14,4.0,-12317
43.74504615899052,15,1.0,-12205
43.74641327384426,5,2.0,0
43.748432836180925,5,1.0,0
43.751045528905806,5,1.0,0
43.75220043058265,17,1.0,-5754
43.75224737161014,15,7.0,-12227
43.752631792405744,5,4.0,0
43.75322966820515,16,3.0,7325
43.757963489403174,15,4.0,-12215
43.76801371012396,16,3.0,2900
43.77074104601492,17,5.0,-5005
43.774243313653315,17,9.0,-8423
43.78042917432415,1,2.0,7843
43.780903563596105,5,7.0,0
43.78439512171738,10,8.0,7841
43.78544218445792,17,9.0,-10969
43.78595483199471,15,4.0,-12213
43.79647411437761,5,5.0,0
43.79657178058128,16,2.0,6424
43.798781610389824,17,2.0,-597
43.80940682939168,15,1.0,-12235
43.814146129049746,17,8.0,-2713
43.81446727527438,17,1.0,-11905
43.814839102404,4,2.0,7844
43.81629653456109,1,3.0,7845
43.826281231005545,5,4.0,0
43.82671128233207,5,36.0,0
43.82711274950444,17,2.0,-11917
43.82893139832811,5,1.0,0
43.82966938592127,15,2.0,-12204
43.82992949707001,17,3.0,-5566
43.83353323928496,17,3.0,-7043
43.834792716198926,11,1.0,7797
43.835098636138405,5,10.0,0
43.83566278630204,5,1.0,0
43.839262833122255,13,3.0,-12311
43.84276659510878,3,26.0,7846
43.846926042558614,13,8.0,-12320
43.848440746342554,17,15.0,-6702
43.851213729896344,17,3.0,-10335
43.85231748234056,17,2.0,-614
43.85365951339887,16,6.0,6987
43.8539224299595,16,1.0,4751
43.8540410650192,14,4.0,-12299
43.858002042578846,5,1.0,0
43.86154103469653,15,3.0,-12217
43.86238668698758,17,8.0,-11840
43.86513806999584,14,2.0,-12324
43.86979606918926,5,9.0,0
43.88671974003963,17,3.0,-10806
43.893334212920436,9,2.0,7792
43.89994165778082,17,2.0,-11328
43.9004460358038,13,1.0,-12307
43.901733909648186,17,1.0,-6652
43.90350977509906,15,1.0,-12223
43.90467631142482,13,1.0,-12322
43.909397621795925,15,7.0,-12229
43.91029818328379,6,3.0,7845
43.91444863642292,15,2.0,-12220
43.91867313513926,5,5.0,0
43.92370549720319,14,1.0,-12295
43.929471566512184,1,2.0,7847
43.93053483986214,17,5.0,-10058
43.933107371120336,5,1.0,0
43.93681887985074,5,24.0,0
43.93707407111595,14,1.0,-12315
43.94116897883474,15,1.0,-12216
43.94522682900693,17,5.0,-10967
43.94855282170801,5,1.0,0
43.94867992710084,1,6.0,7848
43.950400622005006,17,19.0,-10997
43.95286194068796,14,3.0,-12296
43.959294297655134,14,4.0,-12304
43.96170988264575,5,4.0,0
43.96399186275913,5,4.0,0
43.97242974175727,17,1.0,-7776
43.973582801794954,5,3.0,0
43.97457269859258,11,60.0,7809
43.98204364644199,17,1.0,-10530
43.98647482087491,5,3.0,0
43.98647593084028,17,3.0,-8634
43.98872144813645,14,10.0,-12338
43.989729245477974,6,1.0,7842
43.99049243770562,5,4.0,0
43.99344317322328,15,3.0,-12202
43.994233731919046,5,3.0,0
43.99852140937098,17,1.0,-9601
43.999583024818435,5,3.0,0
44.00316264892653,13,7.0,-12367
44.00859541436049,15,27.0,-12266
44.00910849757355,15,1.0,-12251
44.01570126744645,5,2.0,0
44.01598938126442,15,3.0,-12292
44.01887860371788,11,8.0,7795
44.02046208550887,15,1.0,-12258
44.022603471843546,3,34.0,7849
44.023528174640525,5,1.0,0
44.02696777179181,15,3.0,-12271
44.02877985310128,17,3.0,-10495
44.030751785226975,5,1.0,0
44.040632224946805,17,1.0,-10531
44.04475257289398,14,1.0,-12340
44.052587487344624,17,1.0,-11686
44.05527545746261,17,4.0,-1846
44.055365246962886,15,5.0,-12285
44.057295324944995,17,1.0,-10313
44.05809937222917,5,2.0,0
44.058646102197216,5,3.0,0
44.062407522794594,15,2.0,-12280
44.0774566696053,15,11.0,-12282
44.08206963953031,17,7.0,-9408
44.08253965785446,5,11.0,0
44.08747781611543,5,2.0,0
44.08863849557492,11,10.0,7814
44.09503384252415,15,1.0,-12270
44.10394960979516,5,2.0,0
44.10851737638524,7,1.0,7780
44.131913199024716,10,26.0,7846
44.135751111440314,15,1.0,-12259
44.143897816212124,17,1.0,-340
44.15336063530911,13,3.0,-12358
44.155536914634666,5,1.0,0
44.15950914649424,3,49.0,7850
44.162221431451684,17,1.0,-10235
44.16443824817519,17,1.0,-8688
44.16876430926602,14,5.0,-12356
44.17707408871143,5,4.0,0
44.18370483567651,5,2.0,0
44.18590458640924,14,2.0,-12348
44.19109357281345,5,3.0,0
44.192839272438555,17,2.0,-8534
44.196760635353115,17,5.0,-9188
44.199997938967,5,3.0,0
44.209399437644926,5,4.0,0
44.213094619020964,17,7.0,-11622
44.21786606450853,13,1.0,-12351
44.21817806683802,17,1.0,-9524
44.22191220767457,15,11.0,-12250
44.22374641030867,17,1.0,-10227
44.226808050769876,5,5.0,0
44.23327600920768,15,4.0,-12276
44.23389380643478,13,5.0,-12369
44.23457990067139,5,4.0,0
44.23864251588355,5,4.0,0
44.240873089772734,17,2.0,-10642
44.24171215777962,10,4.0,7813
44.24216154051857,16,9.0,6256
44.24354588473638,10,52.0,7817
44.25055750113545,5,2.0,0
44.25252070992532,13,1.0,-12355
44.2549659275102,17,59.0,-4720
44.255133734730215,4,2.0,7851
44.25667312701969,5,1.0,0
44.2571995458903,17,2.0,-10394
44.25731191175385,5,1.0,0
44.25919008541438,17,5.0,-11756
44.260432001008276,15,3.0,-12252
44.26242717576311,17,1.0,-9388
44.26665941997611,17,3.0,-11266
44.27457945538608,17,3.0,-9562
44.28911711206052,13,3.0,-12364
44.289858264821426,5,1.0,0
44.29405401541954,7,2.0,7815
44.295599955062116,15,5.0,-12248
44.29976513530151,17,7.0,-2767
44.30042822872042,5,6.0,0
44.3008236371923,7,3.0,7818
44.3008236371923,16,3.0,7818
44.304960495236,17,8.0,-12164
44.30825678038554,13,1.0,-12350
44.30855560780336,17,1.0,-11816
44.30916850563366,15,6.0,-12267
44.32314899907354,5,2.0,0
44.32588520359712,13,1.0,-12371
44.331240524066615,13,1.0,-12353
44.33253180843585,6,5.0,7838
44.33543925201612,5,1.0,0
44.3356750826539,17,2.0,-11638
44.335904382106406,17,1.0,-11004
44.33742142656486,5,2.0,0
44.34156923464272,17,4.0,-11415
44.349541526918394,17,17.0,-10912
44.350072869448375,5,1.0,0
44.350189277781745,14,30.0,-12346
44.352303220233566,15,4.0,-12262
44.36067895800877,5,5.0,0
44.36111603929291,17,3.0,-11274
44.362375898373365,5,1.0,0
44.36275683796406,10,19.0,7833
44.36930361961872,15,2.0,-12256
44.37295884393949,5,2.0,0
44.379081843050756,17,14.0,-10167
44.382912278759655,13,1.0,-12370
44.38387639196643,17,8.0,-9643
44.38436353275731,11,5.0,7836
44.38483313606307,5,3.0,0
44.3857724283676,17,1.0,-9222
44.38621002847009,4,3.0,7852
44.38841705871046,15,2.0,-12261
44.38886878513571,5,2.0,0
44.39390484439927,15,2.0,-12268
44.40382142206277,15,2.0,-12289
44.407875965774934,15,2.0,-12277
44.41135869351743,5,3.0,0
44.414603434966246,16,19.0,5782
44.41744459591397,5,1.0,0
44.418168963919534,17,6.0,-10755
44.41870051204918,17,4.0,-11111
44.420499424285616,13,1.0,-12342
44.42058244212809,17,7.0,-3377
44.4295500739661,15,5.0,-12281
44.433114213922295,17,1.0,-8599
44.43595082844558,13,11.0,-12366
44.438486676607525,17,1.0,-8940
44.444619559008835,5,6.0,0
44.451982360281086,1,4.0,7853
44.453396254792914,15,1.0,-12264
44.453979589006636,11,3.0,7801
44.45486835216054,10,2.0,7851
44.45549453983656,17,54.0,-11211
44.46247775884055,17,1.0,-8747
44.46323278934513,5,2.0,0
44.463268433933834,15,1.0,-12272
44.4641476541757,5,2.0,0
44.4646708142283,10,49.0,7850
44.465942314333155,17,1.0,-12083
44.46642432430863,16,2.0,7714
44.46772875690025,15,1.0,-12254
44.46773512483564,5,16.0,0
44.46833274029056,17,1.0,-9076
44.472373434404915,4,1.0,7854
44.478969571664436,5,3.0,0
44.479226988496535,17,1.0,-7568
44.48591618906481,14,3.0,-12349
44.48661407749738,1,1.0,7855
44.489470738077145,5,2.0,0
44.489610940738274,17,4.0,-9356
44.49023765246938,10,2.0,7844
44.491061740159374,4,7.0,7856
44.49228656759759,15,1.0,-12287
44.49282556467613,5,3.0,0
44.49605668542603,17,1.0,-11434
44.497631359744545,6,2.0,7843
44.50164842630436,15,18.0,-12286
44.5039583895151,17,1.0,-10809
44.50448587804064,17,2.0,-11930
44.507674096070176,17,16.0,-2326
44.50956656087742,17,2.0,-10459
44.51073582424222,17,2.0,-49
44.512711703938535,13,1.0,-12352
44.51273855252637,15,5.0,-12290
44.51518527111892,5,7.0,0
44.5153160124347,17,1.0,-11605
44.52192093253786,5,3.0,0
44.526907968383846,15,1.0,-12288
44.52716363152583,15,1.0,-12247
44.52807871950861,5,3.0,0
44.52940552020995,10,55.0,7828
44.53388522338759,4,23.0,7857
44.54470347995789,13,1.0,-12339
44.551810769548666,15,2.0,-12278
44.55480380447653,15,1.0,-12255
44.55480380447653,17,1.0,-12255
44.5570904193337,4,1.0,7858
44.563480650457315,5,6.0,0
44.56714645995509,5,3.0,0
44.5739911159762,14,1.0,-12363
44.5742574349213,17,3.0,-9373
44.57672394400929,17,4.0,-11310
44.578049295061604,11,13.0,7794
44.58929953038749,17,2.0,-8455
44.59311494552702,5,4.0,0
44.59579096438681,17,3.0,-10213
44.6023679350275,10,22.0,7837
44.60605102207935,16,25.0,7266
44.606754840947985,5,6.0,0
44.60822295495939,17,1.0,-10307
44.60830483996462,5,5.0,0
44.60895243761226,5,1.0,0
44.61872386787457,5,4.0,0
44.62389147435648,15,1.0,-12263
44.625425473725784,5,3.0,0
44.626428541938544,17,2.0,-10239
44.63278744528338,17,2.0,-11190
44.63333485157113,5,8.0,0
44.63669394593093,5,4.0,0
44.63803198975215,10,23.0,7857
44.64013724596661,17,2.0,-10202
44.649538640741525,1,4.0,7859
44.64980104573676,5,8.0,0
44.664175439286936,5,7.0,0
44.66505000611219,5,1.0,0
44.66809562685336,5,2.0,0
44.67402710605347,13,22.0,-12343
44.67617684961128,17,1.0,-10898
44.677192549757535,5,3.0,0
44.68272289809347,17,5.0,-9862
44.68355048727072,3,59.0,7860
44.6879293395296,15,7.0,-12260
44.688776760209414,5,7.0,0
44.68881826580806,1,11.0,7861
44.693330415074705,11,37.0,7835
44.69409505604555,14,6.0,-12344
44.69794606200138,4,7.0,7862
44.69812915602089,17,1.0,-10101
44.70044695357478,17,3.0,-9915
44.704215310884166,13,3.0,-12360
44.70447619252202,16,57.0,1899
44.70501463969303,17,7.0,-4192
44.70700113402151,5,1.0,0
44.710297263990704,15,10.0,-12249
44.71078571457241,16,7.0,7415
44.713039540499246,10,7.0,7856
44.71382768534265,1,3.0,7863
44.716283795461905,17,1.0,-9332
44.717937026175676,17,1.0,-10063
44.71910145824701,5,2.0,0
44.71936283176856,17,1.0,-10793
44.71978863938332,6,1.0,7855
44.72139185427345,7,2.0,7821
44.72742001404101,15,2.0,-12291
44.72975452546062,15,4.0,-12269
44.73465055896098,5,11.0,0
44.73987567654656,15,1.0,-12279
44.7506510875699,5,6.0,0
44.7564513310554,3,30.0,7864
44.75980745716288,11,26.0,7846
44.76136119634122,11,49.0,7834
44.76342150382324,5,3.0,0
44.76544703478344,1,6.0,7865
44.77106166217794,17,2.0,-9066
44.77219190386102,14,2.0,-12359
44.77513818283274,5,5.0,0
44.777528044331305,17,2.0,-9731
44.78789821052179,5,3.0,0
44.79083074587072,5,4.0,0
44.794307194040854,4,1.0,7866
44.7979851058334,5,2.0,0
44.79964285359998,5,1.0,0
44.80337256869969,5,2.0,0
44.80477754154664,6,4.0,7859
44.80657368342773,13,1.0,-12357
44.81137298594194,5,1.0,0
44.81144268042344,14,3.0,-12365
44.811574840897144,12,23.0,7857
44.83312789162539,5,2.0,0
44.833794597525866,7,1.0,7822
44.83589288158975,16,3.0,5072
44.83740943383536,10,34.0,7849
44.841078168878276,13,1.0,-12361
44.84245103973287,14,3.0,-12368
44.842563939598236,15,2.0,-12283
44.84446875814933,5,1.0,0
44.84743010713847,13,2.0,-12347
44.85625749562464,15,3.0,-12257
44.856617853830464,5,5.0,0
44.87706021545208,5,4.0,0
44.87917589293835,10,1.0,7858
44.893558247035955,5,1.0,0
44.89707852548429,17,2.0,-9674
44.90004406851697,16,6.0,4246
44.90238729178903,17,3.0,-10979
44.90903346967148,15,2.0,-12273
44.91253987960167,15,1.0,-12274
44.9144505090639,17,5.0,-11485
44.9169926458879,13,3.0,-12362
44.9190054100692,7,1.0,7820
44.91988176495436,17,5.0,-10464
44.927615966394114,5,1.0,0
44.92809404715253,17,5.0,-11659
44.93906297278099,17,1.0,-8031
44.93985541474435,5,3.0,0
44.94071454012219,17,1.0,-9234
44.942837296891796,5,3.0,0
44.94492956648061,15,1.0,-12253
44.9464208939648,1,9.0,7867
44.947571512888224,14,1.0,-12354
44.94971562984506,17,2.0,-8203
44.95176060075733,15,3.0,-12275
44.95269184525382,4,9.0,7868
44.95604703562375,14,3.0,-12345
44.957928725355444,17,7.0,-7310
44.95885544859835,15,3.0,-12284
44.96146262059196,4,3.0,7869
44.96565328232915,5,14.0,0
44.96804611839437,7,3.0,7824
44.96977495206026,12,2.0,7851
44.97195951673433,13,3.0,-12341
44.97439697901441,5,9.0,0
44.97983580370289,10,9.0,7868
44.98713995626246,11,4.0,7813
45.0002381772967,13,2.0,-12400
45.00221069776282,17,2.0,-9419
45.004267057147175,5,7.0,0
45.0087802803754,3,52.0,7870
45.01091786600412,17,1.0,-8567
45.010987865400836,5,3.0,0
45.013522376216905,15,3.0,-12316
45.014563859426545,15,3.0,-12332
45.01685539602225,11,52.0,7817
45.01829634136649,5,1.0,0
45.02428182437712,13,2.0,-12388
45.027319655490274,5,1.0,0
45.03159321159501,15,1.0,-12327
45.03797714488119,17,1.0,-11305
45.038430498613636,5,1.0,0
45.038780598851986,7,1.0,7784
45.04392236113998,16,6.0,7723
45.04449694384721,15,1.0,-12334
45.04740820636261,17,3.0,-11590
45.04909592076987,1,3.0,7871
45.05453742876449,10,1.0,7866
45.05496490428759,5,4.0,0
45.05578607610137,6,3.0,7863
45.05585707819138,14,18.0,-12403
45.05648138444674,5,1.0,0
45.057918533087026,17,3.0,-10984
45.064485832493645,5,7.0,0
45.06585309690455,16,7.0,7564
45.06640499094874,6,6.0,7848
45.06866497047319,5,2.0,0
45.06935745045499,15,1.0,-12295
45.07614129077651,11,1.0,7812
45.07851149044552,4,31.0,7872
45.081822062308575,5,4.0,0
45.082360209897786,17,13.0,-9609
45.085018503735355,5,1.0,0
45.09374637140311,15,1.0,-12321
45.09523093084627,14,2.0,-12381
45.09567170923419,10,52.0,7870
45.09643095573437,17,2.0,-10448
45.09662680525405,5,2.0,0
45.09909855792665,5,1.0,0
45.101214632653196,17,2.0,-8073
45.10205018532514,17,3.0,-10281
45.111408692988284,15,2.0,-12333
45.12046906933244,10,1.0,7854
45.123529836151604,13,1.0,-12397
45.126253824963044,17,3.0,-8020
45.1364682326432,6,11.0,7861
45.13666067789487,5,6.0,0
45.13816693963042,15,9.0,-12298
45.138451333265735,17,1.0,-9258
45.140261565508226,11,8.0,7819
45.146468570990315,5,3.0,0
45.14808607255616,5,2.0,0
45.1489782809803,10,30.0,7864
45.14941121293389,5,2.0,0
45.15669206290878,6,2.0,7847
45.162231075911436,17,1.0,-9507
45.173823735599335,13,2.0,-12395
45.17857350397303,14,2.0,-12372
45.18636514001547,5,3.0,0
45.188651928181,1,4.0,7873
45.18932251337398,14,5.0,-12375
45.19097984853272,5,1.0,0
45.1947768445902,15,1.0,-12294
45.19935589734937,1,2.0,7874
45.20408512048024,5,11.0,0
45.22035043383815,15,1.0,-12335
45.22241012478356,17,1.0,-6735
45.22485205937506,5,2.0,0
45.225017190063205,5,1.0,0
45.225811444258,5,29.0,0
45.22755447300751,4,27.0,7875
45.22881820148728,15,8.0,-12302
45.22917617720619,5,16.0,0
45.23010508448102,14,1.0,-12390
45.2454239263891,15,1.0,-12313
45.25180872703323,5,1.0,0
45.26057002732631,5,14.0,0
45.26204653131771,17,2.0,-10708
45.26924980675579,15,3.0,-12296
45.26960357459426,17,3.0,-10164
45.26997441965362,17,10.0,-4743
45.276456113173865,5,3.0,0
45.28044273456899,10,47.0,7811
45.2806618443964,17,5.0,-6543
45.282213667924154,5,3.0,0
45.283304991747976,15,8.0,-12320
45.28819201542194,17,2.0,-10160
45.29404552851179,7,4.0,7810
45.30159127503813,17,1.0,-10238
45.30183806964827,5,4.0,0
45.30393434800311,5,8.0,0
45.30502800610951,5,1.0,0
45.3069811335856,10,5.0,7830
45.31253133022767,15,4.0,-12317
45.3126117134908,15,2.0,-12325
45.31912691658807,13,1.0,-12374
45.32045700513385,1,42.0,7876
45.32181049303854,13,5.0,-12378
45.33682678274385,17,3.0,-10840
45.337008201638206,17,1.0,-7615
45.33730437261158,13,3.0,-12385
45.34060020065207,5,1.0,0
45.35613013802078,5,4.0,0
45.36568884597137,5,1.0,0
45.37674053095716,17,7.0,-11098
45.37696846932314,5,18.0,0
45.38240778721193,3,29.0,7877
45.39238317783298,3,53.0,7878
45.39466040493001,17,2.0,-10835
45.398353365346416,5,3.0,0
45.39910485370925,17,1.0,-11762
45.40910876155104,5,1.0,0
45.41132641625886,17,2.0,-11712
45.41429354906402,15,3.0,-12311
45.41539120395333,4,3.0,7879
45.41539751792236,17,1.0,-9973
45.418963529873395,17,2.0,-10141
45.419176608084854,15,1.0,-12326
45.41966880279213,17,1.0,-7353
45.426509614084246,14,3.0,-12391
45.426773508603674,17,1.0,-1541
45.42861990219431,17,2.0,-10195
45.43300113919674,16,9.0,7500
45.4349933359666,5,2.0,0
45.43544394640853,5,5.0,0
45.43970254906535,11,14.0,7827
45.4399163444367,13,2.0,-12389
45.44608954817759,4,6.0,7880
45.44972054778025,16,55.0,2423
45.45311411519636,17,6.0,-10427
45.4548576680315,17,2.0,-10770
45.461636742714695,15,4.0,-12300
45.46266709597507,17,1.0,-9318
45.46372049718609,17,3.0,-9997
45.464054508668845,5,6.0,0
45.46596655696107,15,2.0,-12310
45.4733844620605,1,16.0,7881
45.47351586863882,5,2.0,0
45.473926839126705,5,2.0,0
45.475887529748846,13,6.0,-12383
45.477800106446054,16,35.0,4111
45.47816934659126,15,1.0,-12297
45.47900997288569,17,3.0,-9751
45.481268585003924,15,12.0,-12312
45.481268585003924,17,12.0,-12312
45.48519268376492,17,3.0,-10314
45.48828284347692,7,13.0,7831
45.49311500444236,16,3.0,5405
45.49603217911319,11,26.0,7808
45.49681488680881,17,2.0,-9151
45.49986954741265,17,2.0,-10613
45.50081852837434,15,2.0,-12337
45.502635429129015,17,1.0,-9914
45.50480334664051,15,1.0,-12308
45.50751915343396,15,2.0,-12323
45.514524889092925,5,2.0,0
45.515856117541894,4,2.0,7882
45.516264983252654,15,4.0,-12304
45.517899721505444,17,7.0,-8557
45.519780490018135,17,2.0,-9165
45.52007668932586,11,22.0,7837
45.52832667560594,11,1.0,7805
45.531924941535905,17,4.0,-7862
45.53983814399094,5,1.0,0
45.54039347121303,5,1.0,0
45.54131176348388,15,1.0,-12329
45.54683650125439,17,1.0,-9983
45.55863752942115,6,3.0,7840
45.57287201275921,13,2.0,-12393
45.57434340808826,5,1.0,0
45.57989272587536,17,1.0,-10320
45.58192012198086,15,3.0,-12319
45.58192012198086,17,3.0,-12319
45.584287690359346,5,38.0,0
45.5845310884922,17,1.0,-9089
45.58474132203174,5,3.0,0
45.585591116954255,5,6.0,0
45.588639280230765,5,4.0,0
45.588837532722735,17,2.0,-2024
45.59106624525768,15,1.0,-12315
45.596595986787385,17,1.0,-11561
45.600134513582134,17,1.0,-9432
45.6002799431118,1,1.0,7883
45.60099247397139,14,3.0,-12376
45.60187584544317,17,8.0,-12039
45.60237504230803,5,1.0,0
45.61000094827201,10,7.0,7862
45.61201608554453,5,4.0,0
45.6132028401729,17,1.0,-12000
45.613567701824735,3,52.0,7884
45.61715835030813,5,2.0,0
45.6255580086138,5,10.0,0
45.63317196422756,13,2.0,-12398
45.64178686956139,17,11.0,-11116
45.64689194067052,17,3.0,-7097
45.649812393915845,15,1.0,-12307
45.657080350538145,5,20.0,0
45.65756854352944,14,19.0,-12377
45.66042758748527,15,1.0,-12305
45.66454608463624,17,29.0,-11674
45.665964889354726,17,2.0,-10315
45.6685384420464,17,1.0,-9223
45.66921533171343,17,1.0,-4767
45.670358944270525,13,1.0,-12380
45.67082114572385,14,4.0,-12396
45.675650062561466,15,36.0,-12303
45.681126834395315,17,2.0,-11413
45.68269808252599,17,3.0,-9331
45.687695376668216,5,2.0,0
45.6892003782826,17,6.0,-9276
45.692552474576914,17,2.0,-9211
45.69315874574224,11,8.0,7841
45.69364303836093,5,2.0,0
45.694054035694926,15,34.0,-12328
45.694054035694926,17,34.0,-12328
45.69485667061717,17,3.0,-9765
45.698645189973206,16,30.0,3333
45.704072489064465,10,53.0,7878
45.7090880318408,15,2.0,-12293
45.714084430657095,14,3.0,-12401
45.71517891357011,1,8.0,7885
45.71653205605507,15,3.0,-12318
45.722142834141295,13,4.0,-12392
45.737081030408916,5,8.0,0
45.739367879595825,13,3.0,-12373
45.749801734103016,5,1.0,0
45.75110680558313,5,3.0,0
45.757383318416785,15,1.0,-12331
45.75937882979636,17,1.0,-9892
45.76009273583975,5,5.0,0
45.766363420933935,13,1.0,-12382
45.77342604646731,15,4.0,-12299
45.77627006151093,17,3.0,-9297
45.776478440143556,17,1.0,-10218
45.781945664878904,5,1.0,0
45.791574490846365,5,4.0,0
45.793562560203476,5,1.0,0
45.801525862509735,10,27.0,7875
45.80445463837926,15,9.0,-12330
45.80472345302222,17,8.0,-11298
45.80855795628574,17,3.0,-8879
45.812568162416646,15,7.0,-12306
45.812813873786695,5,5.0,0
45.81702426413867,17,1.0,-8822
45.81833653609703,8,2.0,7847
45.820828883606154,16,5.0,7704
45.82086892367631,17,1.0,-6107
45.82144299886997,14,2.0,-12379
45.8266346536717,5,3.0,0
45.830726531945096,15,2.0,-12314
45.833794597525866,16,1.0,7822
45.83550679855037,17,1.0,-10171
45.836030831047964,17,1.0,-1457
45.84149807308845,10,3.0,7869
45.84190114905174,5,3.0,0
45.84322438152559,15,11.0,-12309
45.847243449133565,14,9.0,-12399
45.84784347155076,17,3.0,-8601
45.85163893066478,15,10.0,-12338
45.85163893066478,17,10.0,-12338
45.85908354350503,13,3.0,-12394
45.86349371673828,14,2.0,-12402
45.86599750735814,113,30.0,-12384
45.86666226025834,5,1.0,0
45.873310325319444,13,2.0,-12404
45.87427759328125,15,1.0,-12322
45.87427759328125,17,1.0,-12322
45.877797873032776,17,3.0,-8806
45.88021272549128,15,1.0,-12336
45.880918839913235,17,3.0,-7486
45.88217664341612,1,2.0,7886
45.886474819966125,15,1.0,-12301
45.88670609883125,10,31.0,7872
45.887102292429425,13,1.0,-12386
45.88876556762729,17,1.0,-10878
45.88895712832883,5,3.0,0
45.889192861291995,1,4.0,7887
45.891257793435976,17,3.0,-11339
45.893838546109556,5,8.0,0
45.89401617550837,17,3.0,-8444
45.90001374318974,6,2.0,7886
45.90036846850506,5,4.0,0
45.9009400954159,5,2.0,0
45.90548382381107,4,27.0,7888
45.9106807164647,5,6.0,0
45.911211183388154,5,4.0,0
45.914547121308075,15,2.0,-12324
45.91785419355938,17,2.0,-10257
45.92240267556787,3,4.0,7889
45.92411661083708,5,2.0,0
45.92763486507995,16,8.0,7776
45.930968902492964,17,3.0,-9680
45.93320785280638,5,5.0,0
45.952478960111584,5,2.0,0
45.96132527185575,17,2.0,-8312
45.97279955355118,11,52.0,7870
45.979592109959796,17,4.0,-8251
45.98038333027158,5,9.0,0
45.98293297137016,17,3.0,-12162
45.98668646422204,14,3.0,-12387
45.99400273763662,17,1.0,-9127
45.99795217093504,1,3.0,7890
45.99798918084582,17,5.0,-9337
46.00077152422381,15,3.0,-12360
46.00095711434176,7,4.0,7859
46.00293350598354,5,6.0,0
46.004515618991235,13,1.0,-12433
46.0060713294203,17,4.0,-11540
46.00637107942363,5,2.0,0
46.0084578081826,3,59.0,7891
46.01328100277863,6,1.0,7883
46.015169296144464,7,15.0,7826
46.01598938126442,17,3.0,-12292
46.019709020162125,113,59.0,-12425
46.01973987612616,15,3.0,-12341
46.02574429401728,5,2.0,0
46.03529617753744,17,1.0,-9646
46.03746310898635,113,56.0,-12415
46.03825501369508,13,1.0,-12420
46.040325608900105,5,2.0,0
46.0526314668893,14,2.0,-12410
46.05612181051707,16,1.0,7059
46.06253601447167,5,4.0,0
46.06520197662005,17,1.0,-11717
46.06846016038314,17,1.0,-8467
46.073320136621575,15,3.0,-12365
46.07964877666057,5,2.0,0
46.08606856716274,5,3.0,0
46.08905072548223,17,1.0,-11528
46.09280954271581,13,1.0,-12421
46.102808484481514,15,1.0,-12357
46.10401105926762,13,2.0,-12427
46.10455641624543,5,4.0,0
46.10989592226458,11,19.0,7833
46.11133213596811,17,1.0,-9631
46.11214643842061,13,2.0,-12418
46.11235840107807,5,4.0,0
46.11284653278688,17,1.0,-10589
46.11423144294109,5,3.0,0
46.12325992979604,5,3.0,0
46.13080472915793,11,4.0,7799
46.13089079311804,17,4.0,-10603
46.13186153958313,17,1.0,-6080
46.13344093375462,6,6.0,7865
46.13500676896457,4,2.0,7892
46.14004517378369,16,9.0,7061
46.140072286542534,16,23.0,2512
46.15076113116731,4,5.0,7893
46.184678381157006,5,29.0,0
46.18876720037439,11,2.0,7832
46.201317076814654,14,2.0,-12430
46.20757727103404,5,2.0,0
46.21055771738289,15,1.0,-12361
46.211941461131005,5,1.0,0
46.21584858572029,5,10.0,0
46.22058786826697,5,8.0,0
46.221034061372244,5,10.0,0
46.22659839980182,6,8.0,7885
46.22856425313611,5,2.0,0
46.229122324287395,17,7.0,-11119
46.23196268808938,11,4.0,7816
46.234214149103096,5,4.0,0
46.24049422834441,16,1.0,7328
46.24419506494279,10,3.0,7879
46.244494297715804,15,1.0,-12342
46.24736645465242,15,6.0,-12344
46.248670769075744,5,16.0,0
46.25119716262396,14,3.0,-12424
46.25694214106698,5,1.0,0
46.25802981805261,5,1.0,0
46.262268110043884,5,5.0,0
46.262914645197135,3,26.0,7894
46.26665421284294,5,2.0,0
46.26789394905713,17,5.0,-11083
46.27030696585764,17,9.0,-10926
46.273536866610975,5,2.0,0
46.2780874060577,17,1.0,-9923
46.283764563536884,5,5.0,0
46.29034843298512,5,4.0,0
46.29302430418677,17,6.0,-5365
46.29741721223109,13,1.0,-12405
46.29938855246047,13,1.0,-12434
46.30421151695721,7,8.0,7829
46.30574560479255,13,2.0,-12432
46.30693802415304,6,3.0,7871
46.308184332972324,17,3.0,-11873
46.30961719941124,15,1.0,-12339
46.30961719941124,17,1.0,-12339
46.311595176683504,14,2.0,-12436
46.316020857188676,15,22.0,-12343
46.317306774569616,17,3.0,-8459
46.31821487315919,15,1.0,-12354
46.319586343946916,5,4.0,0
46.32797140983119,16,4.0,5493
46.33280837849356,1,1.0,7895
46.335793445824464,17,2.0,-7991
46.33860324354723,6,3.0,7890
46.34346316181614,17,9.0,-8674
46.347611999948015,17,1.0,-3217
46.34924215160407,3,55.0,7896
46.35405579160479,17,1.0,-11657
46.35723674494901,6,16.0,7881
46.362717709221634,11,55.0,7828
46.36521609353254,17,5.0,-9019
46.36964676327762,1,6.0,7897
46.37401907304536,14,3.0,-12429
46.381818125829774,11,34.0,7849
46.38752074632834,1,3.0,7898
46.39008449888613,10,26.0,7894
46.39331016988436,17,2.0,-9903
46.39439166464606,17,1.0,-11846
46.39785617714169,17,3.0,-9281
46.39973342470511,13,1.0,-12435
46.40220678293053,4,11.0,7899
46.40662386239817,13,1.0,-12406
46.41213401318889,5,4.0,0
46.423552312919334,17,4.0,-6750
46.42605529031738,11,1.0,7854
46.430646492840616,10,59.0,7860
46.43365330361701,14,5.0,-12437
46.43366440287877,15,3.0,-12364
46.43414442777581,15,1.0,-12363
46.43434504606457,15,3.0,-12349
46.43956773547517,11,2.0,7844
46.442419480283775,15,1.0,-12353
46.44434218533234,5,4.0,0
46.446299045011585,6,2.0,7874
46.44711077563574,15,1.0,-12350
46.451147412404296,17,5.0,-8945
46.45586942101108,7,1.0,7798
46.45632987429725,15,1.0,-12351
46.46544603517723,17,1.0,-10785
46.47019720778806,17,2.0,-9518
46.47289299339586,15,3.0,-12345
46.474008231239594,14,3.0,-12416
46.47512846922244,5,2.0,0
46.48946829181575,7,1.0,7855
46.49198644305407,13,7.0,-12411
46.497357103875196,5,4.0,0
46.497570128715786,6,4.0,7887
46.50290524869979,5,1.0,0
46.50944389236976,15,11.0,-12366
46.5095112290605,5,1.0,0
46.50973977296817,5,2.0,0
46.51028115451189,15,5.0,-12369
46.51972266019578,5,1.0,0
46.528287762080026,15,30.0,-12346
46.538406735501525,5,5.0,0
46.54121858793221,15,3.0,-12362
46.541572251337456,4,10.0,7900
46.548761940742494,7,1.0,7842
46.55152900082816,13,4.0,-12408
46.55732831327583,17,7.0,-11553
46.55992002166146,5,15.0,0
46.56207318825073,15,2.0,-12359
46.56220457562436,13,4.0,-12409
46.56610323054226,17,2.0,-11522
46.56644471908138,17,2.0,-11829
46.56984965376193,17,2.0,-5302
46.57555583028517,7,3.0,7825
46.57635471651424,17,2.0,-9431
46.579573436049856,17,7.0,-4328
46.5811366501136,17,4.0,-11375
46.58663147144319,15,1.0,-12355
46.587518271646836,5,4.0,0
46.588063241904955,15,1.0,-12371
46.5913540358692,14,2.0,-12413
46.597397409538615,5,4.0,0
46.60654333347074,13,4.0,-12412
46.612351858196334,17,5.0,-5180
46.61298124096617,5,1.0,0
46.61930418113988,14,6.0,-12419
46.62244625282309,6,4.0,7873
46.62292672462888,15,3.0,-12358
46.62807628702961,17,1.0,-11108
46.62900377996714,1,2.0,7901
46.64629536318218,5,2.0,0
46.64986408716328,17,1.0,-5451
46.65563113304871,5,1.0,0
46.65786315376012,15,1.0,-12340
46.65786315376012,17,1.0,-12340
46.66112166393418,5,2.0,0
46.67039766235161,5,2.0,0
46.67571285395891,3,22.0,7902
46.68067547870031,17,3.0,-10151
46.68172821737465,5,3.0,0
46.68252658268227,17,27.0,-11405
46.68756758188986,17,1.0,-10612
46.68926485713539,6,2.0,7901
46.689768511733774,5,1.0,0
46.69014134785325,17,1.0,-10694
46.69521251139545,5,1.0,0
46.71321683291805,5,8.0,0
46.71946610451716,5,2.0,0
46.724026364337576,17,2.0,-11602
46.72911564634288,5,3.0,0
46.7294111593377,15,3.0,-12368
46.73049128433792,113,53.0,-12422
46.73067264317967,15,1.0,-12370
46.73067264317967,17,1.0,-12370
46.732709593372846,5,2.0,0
46.73272549504485,5,3.0,0
46.737191157410216,14,2.0,-12417
46.73825841106623,17,4.0,-11016
46.74100806766393,1,2.0,7903
46.74632452189165,17,1.0,-10607
46.746736076280165,5,3.0,0
46.75151775105982,7,2.0,7843
46.757044050762275,17,2.0,-8324
46.7574908136064,5,4.0,0
46.75800524039612,5,2.0,0
46.758076090528036,12,1.0,7866
46.75944804191407,5,4.0,0
46.76209662381895,17,3.0,-10754
46.76852852135452,17,2.0,-8646
46.76995500303666,5,2.0,0
46.77381584818099,10,4.0,7889
46.780194632486946,17,10.0,-11317
46.78109750832901,17,4.0,-10233
46.78488729763016,1,1.0,7904
46.785361801714274,17,3.0,-4589
46.793090833768375,17,3.0,-11621
46.796957220174754,10,55.0,7896
46.798946317322965,17,1.0,-5699
46.799756566158806,17,2.0,-11822
46.80313375458122,17,7.0,-8359
46.80776219915444,5,1.0,0
46.809426428521455,17,5.0,-7632
46.811295161596775,10,4.0,7839
46.812553549619246,13,2.0,-12414
46.812568162416646,17,7.0,-12306
46.81634403433786,17,2.0,-10415
46.81677003180399,15,1.0,-12352
46.81815721550838,17,2.0,-11243
46.81861814141483,1,5.0,7905
46.821494382112306,13,1.0,-12431
46.83294111496785,5,2.0,0
46.83699169124535,5,2.0,0
46.84548210007409,5,1.0,0
46.84718329521566,5,4.0,0
46.85248960294136,13,2.0,-12426
46.860865129784735,5,4.0,0
46.86144353733605,5,1.0,0
46.86543729074249,5,1.0,0
46.86731377020041,1,1.0,7906
46.86842594396325,5,3.0,0
46.873115776538675,3,50.0,7907
46.88290866431108,113,50.0,-12428
46.8880716884301,5,3.0,0
46.88897189866198,5,4.0,0
46.89110315841201,5,6.0,0
46.891258489533485,1,2.0,7908
46.89140957756915,5,7.0,0
46.892999565325255,16,1.0,4183
46.89398277792653,7,3.0,7845
46.89633309303237,5,2.0,0
46.90010318064591,1,1.0,7909
46.90099219795103,15,2.0,-12347
46.901088693556176,17,3.0,-7865
46.9053350189868,17,2.0,-8952
46.917570400230254,5,2.0,0
46.91801505449598,10,2.0,7882
46.923026231671656,15,5.0,-12356
46.93166125533548,5,1.0,0
46.93895040217512,1,4.0,7910
46.94250670000798,15,7.0,-12367
46.94404346664835,17,3.0,-9228
46.95368924352644,13,2.0,-12407
46.95536339987928,13,6.0,-12423
46.9675562759368,15,2.0,-12348
46.9688081943224,5,2.0,0
46.969290514507286,6,1.0,7909
46.980110024072395,5,29.0,0
46.98045371680273,17,8.0,-8825
46.9862284335129,17,2.0,-10184
46.98771783974964,4,9.0,7911
46.98850643316981,5,1.0,0
46.99081555369816,5,2.0,0
46.99169246914865,1,3.0,7912
46.991730139049544,6,1.0,7904
46.99249512164893,17,1.0,-7600
46.99329143501057,5,1.0,0
46.99552974238366,17,1.0,-10674
46.99857851773319,5,1.0,0
47.00621064313934,5,7.0,0
47.0076836678267,17,21.0,-10796
47.00882291399837,7,3.0,7863
47.01842521339433,5,5.0,0
47.01974199411615,15,3.0,-12401
47.02067219958051,13,1.0,-12439
47.02282325104146,17,6.0,-9998
47.02430273777701,15,3.0,-12385
47.02805912785989,17,1.0,-8470
47.02965100192055,15,1.0,-12390
47.03891871735104,5,6.0,0
47.04181404085234,5,10.0,0
47.041904226793804,17,1.0,-8918
47.04216479423762,17,1.0,-9630
47.046847303734005,14,25.0,-12468
47.04909440270041,7,4.0,7887
47.05197353547433,15,2.0,-12395
47.054651404693104,5,2.0,0
47.055299312038656,17,3.0,-11651
47.061539660622515,17,4.0,-11706
47.06600386753968,5,3.0,0
47.06858509226348,7,6.0,7848
47.069449697536854,17,1.0,-11102
47.073320136621575,17,3.0,-12365
47.07870616278284,9,2.0,7851
47.080133006387825,5,4.0,0
47.08442393997278,15,2.0,-12398
47.08497298114415,5,3.0,0
47.08953191291604,13,5.0,-12451
47.10706838503555,11,9.0,7868
47.111871908191034,17,6.0,-9084
47.1121977389894,3,13.0,7913
47.11432707259144,17,3.0,-10830
47.116030369104486,5,2.0,0
47.118798389375115,5,3.0,0
47.125091255581566,13,1.0,-12466
47.12811653045609,1,3.0,7914
47.13006662932225,4,18.0,7915
47.13914753881173,1,1.0,7916
47.14620740897155,17,4.0,-11795
47.14676960394486,17,4.0,-9397
47.147497419985164,14,4.0,-12467
47.14765256689161,5,1.0,0
47.1543814540471,16,1.0,7693
47.15622503693226,17,1.0,-11566
47.15780326593053,15,2.0,-12379
47.159717663142146,5,3.0,0
47.16772099070279,17,29.0,-9056
47.16918966745564,5,4.0,0
47.176800673876244,10,18.0,7915
47.186010304753545,5,8.0,0
47.18892860599786,10,13.0,7913
47.18935257275163,5,2.0,0
47.189684283817485,17,4.0,-10292
47.19184852602241,7,2.0,7886
47.19436985454173,16,1.0,2029
47.20049824538134,5,1.0,0
47.2015032109105,6,2.0,7908
47.217116240172565,5,1.0,0
47.23897694638186,9,1.0,7866
47.24725511285157,1,1.0,7917
47.252967462236704,10,27.0,7888
47.25561385699081,1,3.0,7918
47.25590378418795,9,2.0,7847
47.26004177612816,17,4.0,-11732
47.26516929157831,5,1.0,0
47.270930655937065,15,2.0,-12404
47.27372612087231,5,3.0,0
47.27651615920524,7,8.0,7885
47.27684540634452,14,3.0,-12457
47.278170496997134,4,7.0,7919
47.27957929278706,16,3.0,7683
47.28127531960668,17,1.0,-8883
47.28163098437931,5,14.0,0
47.30454170274737,17,19.0,-6164
47.3064298501019,5,3.0,0
47.308396645544406,13,3.0,-12448
47.30898059864595,6,1.0,7895
47.31146868911085,10,50.0,7907
47.3126186298401,4,6.0,7920
47.31375827407766,11,59.0,7860
47.31983015712501,13,1.0,-12458
47.32326588955306,14,4.0,-12455
47.327522318475644,17,5.0,-8799
47.33357446145374,10,52.0,7884
47.33821657349502,15,4.0,-12392
47.343411866566726,11,30.0,7864
47.343411866566726,16,30.0,7864
47.34864631304812,17,2.0,-9499
47.35185781886019,15,2.0,-12400
47.35454594617738,10,5.0,7893
47.3613194363218,15,2.0,-12388
47.36232246846576,7,5.0,7838
47.36396589074899,5,1.0,0
47.364929732132936,5,3.0,0
47.364963045117875,6,1.0,7916
47.36515224983118,16,43.0,1252
47.36866013336671,5,8.0,0
47.36875330108572,5,6.0,0
47.36939441015683,3,16.0,7921
47.38120740256543,17,3.0,-11960
47.38664927577656,17,2.0,-9755
47.38936236325177,17,1.0,-11808
47.39200242683326,5,2.0,0
47.394369571964475,17,16.0,-4766
47.39861567166611,17,4.0,-11038
47.398972069797885,5,4.0,0
47.411105693564224,15,19.0,-12377
47.41183621533826,5,8.0,0
47.414134661364415,5,2.0,0
47.41897953633947,17,4.0,-11956
47.42185769288416,15,2.0,-12389
47.42440337036704,17,5.0,-11932
47.42724221410302,5,1.0,0
47.428133456225204,16,11.0,7123
47.42984642851242,15,3.0,-12376
47.434697857886945,13,9.0,-12462
47.438797566597366,10,10.0,7900
47.43889898222531,15,5.0,-12378
47.43913686354493,15,6.0,-12383
47.44005024127956,10,29.0,7877
47.44366802871256,13,1.0,-12438
47.447543172836376,17,1.0,-8732
47.44780095486089,5,4.0,0
47.45548663342533,17,1.0,-2623
47.46209508171148,15,1.0,-12380
47.469469588521655,17,1.0,-10987
47.469918457191305,17,1.0,-12019
47.47160442480676,3,45.0,7922
47.47487407588338,13,1.0,-12450
47.47821217403096,5,2.0,0
47.478870509483,4,4.0,7923
47.480553111617866,15,2.0,-12381
47.4982226581797,5,47.0,0
47.50654273412766,17,1.0,-11794
47.511274281101144,5,2.0,0
47.51171467243615,12,29.0,7877
47.51417898176072,17,4.0,-9931
47.52282381819257,5,2.0,0
47.525835696672345,3,40.0,7924
47.52593844059966,5,5.0,0
47.528559903199955,5,1.0,0
47.528954127093236,17,4.0,-11884
47.53297826767824,13,1.0,-12469
47.536321233771154,17,6.0,-10931
47.53976668386303,4,14.0,7925
47.541283989563524,17,1.0,-9754
47.54436937770885,17,8.0,-10001
47.54685901609119,17,2.0,-7090
47.546922320716085,17,6.0,-10723
47.54896910118327,15,1.0,-12386
47.5564624368672,17,1.0,-11504
47.55779639682663,5,2.0,0
47.560611304946235,17,7.0,-10246
47.56406186876037,5,3.0,0
47.5659462834321,5,1.0,0
47.57174968054548,15,3.0,-12373
47.572661870589464,13,47.0,-12460
47.57362889958936,17,1.0,-9395
47.57499783677358,15,9.0,-12399
47.5762675449827,6,3.0,7918
47.577938183119045,1,4.0,7926
47.57942705829209,7,4.0,7873
47.581574213608675,13,2.0,-12464
47.58898719501579,14,42.0,-12452
47.58982616514011,5,5.0,0
47.594751775976704,5,5.0,0
47.59676726713025,14,1.0,-12441
47.59718937747865,4,33.0,7927
47.59739407971434,15,3.0,-12391
47.60133687785443,5,1.0,0
47.60981055004189,5,1.0,0
47.61685067939683,5,5.0,0
47.61973072524009,5,3.0,0
47.62072425080329,5,2.0,0
47.625638064712454,5,3.0,0
47.629928675809865,11,1.0,7858
47.63232892221927,13,5.0,-12445
47.63461862106031,13,1.0,-12470
47.638296587094686,5,8.0,0
47.642687443866215,11,27.0,7875
47.64558949907925,1,10.0,7928
47.64950476827384,17,38.0,-11625
47.67572416670645,3,59.0,7929
47.68149477604947,13,2.0,-12453
47.68806026431977,15,3.0,-12387
47.69082729044963,15,1.0,-12397
47.69098476734375,17,15.0,-10557
47.69384011691763,5,3.0,0
47.69866117349157,6,4.0,7910
47.70046219893655,16,41.0,758
47.70788555145448,5,6.0,0
47.7118717725418,1,2.0,7930
47.71614108187776,11,31.0,7872
47.71916242023096,6,42.0,7876
47.71956832789453,1,2.0,7931
47.7281308010303,17,2.0,-4108
47.729507361654925,15,1.0,-12382
47.729561975141664,17,2.0,-9160
47.73281492718075,5,4.0,0
47.732892977865596,17,2.0,-11703
47.737549474491466,5,3.0,0
47.741249086119886,13,1.0,-12456
47.74475717477886,5,1.0,0
47.745504482381634,15,1.0,-12374
47.74696477921597,10,3.0,7852
47.75132518324441,14,7.0,-12444
47.753272459062345,10,7.0,7919
47.75625563980101,17,1.0,-7792
47.75821149170666,6,10.0,7928
47.76707901121118,5,1.0,0
47.77442679487418,1,1.0,7932
47.78298536422166,17,1.0,-8607
47.783064644906716,17,2.0,-11330
47.78726539219408,17,2.0,-10560
47.79027482403867,5,3.0,0
47.791188518600165,15,2.0,-12372
47.79255485396306,17,1.0,-10592
47.794652195409284,5,3.0,0
47.798745929444074,7,16.0,7881
47.802960986976665,17,1.0,-10064
47.80882788708538,15,3.0,-12394
47.809711002424656,17,1.0,-10906
47.81034902590541,5,6.0,0
47.81473904837082,14,4.0,-12447
47.81861212998393,5,9.0,0
47.818934975505535,6,1.0,7906
47.82952738017908,13,1.0,-12440
47.82953593124506,1,8.0,7933
47.834638252369736,10,59.0,7891
47.83882192488931,13,4.0,-12454
47.85004693819485,11,7.0,7856
47.8520684569509,13,2.0,-12443
47.85719881237824,4,42.0,7934
47.8639117392669,13,5.0,-12459
47.864990076557035,13,5.0,-12449
47.86976950913392,13,2.0,-12442
47.87133413293544,3,12.0,7935
47.878648165686904,5,12.0,0
47.87932620855211,15,4.0,-12396
47.87937898648437,17,8.0,-608
47.882566033758685,5,4.0,0
47.88346406073488,5,3.0,0
47.887348308331724,17,11.0,-9459
47.88968320764655,7,3.0,7890
47.89162770299959,13,1.0,-12465
47.89494309599363,5,1.0,0
47.89726331304219,17,5.0,-11921
47.897790694258845,1,7.0,7936
47.90439361406468,13,12.0,-12461
47.9078635446192,5,2.0,0
47.90983135889623,7,3.0,7840
47.91071764722191,5,3.0,0
47.912306427332524,10,6.0,7920
47.91376255072744,5,6.0,0
47.91636708683851,15,2.0,-12402
47.91731589852693,17,6.0,-5479
47.918724697034236,10,16.0,7921
47.91882978333664,17,1.0,-11774
47.9208147009587,5,9.0,0
47.92927380988063,17,3.0,-8604
47.930604220088064,10,45.0,7922
47.940204233355104,17,1.0,-11037
47.94312186724369,13,1.0,-12463
47.94416623629713,5,1.0,0
47.94529540496955,5,4.0,0
47.94744985294937,17,3.0,-9155
47.95057580623893,17,2.0,-9809
47.95135877746183,17,9.0,-11784
47.95458681393337,15,5.0,-12375
47.95465172567151,6,9.0,7867
47.95773843415504,5,1.0,0
47.95788345110417,15,18.0,-12403
47.95788345110417,17,18.0,-12403
47.96032431740374,15,2.0,-12393
47.961263129515,3,44.0,7937
47.963194585275154,1,28.0,7938
47.96526982730354,5,1.0,0
47.969874284277374,10,6.0,7880
47.970612915427346,3,60.0,7939
47.97354654117037,5,2.0,0
47.97390892093528,6,28.0,7938
47.97429294850401,5,3.0,0
47.9747567382045,11,3.0,7879
47.97920417569177,5,4.0,0
47.98653897861865,17,1.0,-12082
47.99215734044159,14,2.0,-12446
47.994417467137254,5,12.0,0
47.99481900581972,5,4.0,0
47.999444142900316,17,11.0,-5346
48.00377539574327,10,9.0,7911
48.00399972725991,5,1.0,0
48.012791622426505,5,1.0,0
48.016063559016835,4,14.0,7940
48.018716231348535,5,4.0,0
48.01935565619152,5,4.0,0
48.025795405722874,5,2.0,0
48.032854240072524,10,14.0,7925
48.03319698225075,17,1.0,-11833
48.03890646922493,5,3.0,0
48.03904952094459,14,1.0,-12485
48.039331294529255,13,2.0,-12483
48.041551275518394,17,4.0,-9525
48.041935681820114,5,1.0,0
48.042159565356116,5,1.0,0
48.04401461970705,6,3.0,7912
48.045972182995875,17,1.0,-6506
48.051816783275655,17,8.0,-10188
48.05300411331348,5,4.0,0
48.05755562072399,11,53.0,7878
48.06035108825374,17,4.0,-12064
48.06046871362497,17,1.0,-12071
48.06630955289327,15,6.0,-12419
48.06689263362532,15,2.0,-12418
48.06923613754966,5,11.0,0
48.08064964796118,4,8.0,7941
48.08348349442606,5,5.0,0
48.088996584647944,15,1.0,-12433
48.09378227346679,5,3.0,0
48.09560242798933,5,3.0,0
48.097496395662795,11,2.0,7882
48.09900083581034,17,1.0,-12238
48.10194969575666,17,1.0,-11918
48.10291342321167,15,1.0,-12435
48.11625764565209,1,4.0,7942
48.11894369620966,13,5.0,-12482
48.12191691961445,1,1.0,7943
48.12256857292925,13,6.0,-12478
48.123263489826336,5,4.0,0
48.12426345807535,5,5.0,0
48.127096998305554,6,8.0,7933
48.13920986260394,17,3.0,-11899
48.13937494956909,5,3.0,0
48.1397705829542,17,6.0,-11983
48.14438631870326,17,1.0,-12006
48.15013785923023,7,6.0,7865
48.15384093878352,5,4.0,0
48.15951068190198,15,2.0,-12427
48.16806682167761,11,4.0,7839
48.16997509704562,17,1.0,-8963
48.17733325929377,15,2.0,-12430
48.18855373513544,5,2.0,0
48.193088327953774,16,1.0,5084
48.19757230605282,13,3.0,-12471
48.206291039544844,5,55.0,0
48.212066887956034,5,1.0,0
48.21680252606272,5,2.0,0
48.2187885917899,5,2.0,0
48.220944472898985,13,4.0,-12472
48.22272578581533,5,2.0,0
48.22697364617556,17,1.0,-10569
48.241808858678176,16,10.0,7491
48.24284793157602,17,14.0,-430
48.253209492472585,17,9.0,-11878
48.254234959288446,5,2.0,0
48.258755529053815,15,3.0,-12416
48.26285370422762,5,9.0,0
48.265884520773014,17,1.0,-7695
48.26678501220032,17,3.0,-11407
48.27024121637184,17,7.0,-8357
48.27505383115712,5,1.0,0
48.28368370648415,1,2.0,7944
48.28517381750962,17,1.0,-12065
48.28852146873462,1,3.0,7945
48.293124385430936,6,2.0,7931
48.29727281005141,5,4.0,0
48.29954678784617,10,22.0,7902
48.30362878682243,6,2.0,7903
48.30663430556578,5,10.0,0
48.31327196814113,14,11.0,-12486
48.31495076163906,17,1.0,-12207
48.31748201771939,1,2.0,7946
48.320835575926566,5,1.0,0
48.32401814619553,16,1.0,3347
48.33530395662782,15,1.0,-12421
48.33649517581494,4,6.0,7947
48.348300124922574,17,2.0,-10774
48.359030171345466,1,3.0,7948
48.3607735295649,5,4.0,0
48.36141213634016,5,2.0,0
48.36219228852215,7,11.0,7861
48.362653826232005,5,1.0,0
48.36749748257933,4,15.0,7949
48.37002945928024,5,2.0,0
48.37648148246318,10,4.0,7923
48.37795578626064,17,2.0,-8276
48.379665322341374,17,2.0,-10277
48.38110587800381,5,1.0,0
48.381658966899366,15,4.0,-12409
48.38458921519398,11,49.0,7850
48.38928312649033,16,37.0,738
48.395138033787674,15,2.0,-12414
48.40207780427955,15,2.0,-12410
48.40801209465517,17,5.0,-10387
48.414145387862476,3,1.0,7950
48.41511963390416,13,1.0,-12476
48.4160519724806,5,9.0,0
48.42092794028662,11,13.0,7913
48.42892253550763,17,2.0,-11498
48.43010884086887,5,5.0,0
48.43257918440642,17,1.0,-10805
48.43461833076618,17,1.0,-11927
48.4398494853087,17,1.0,-9851
48.44156131235388,17,13.0,-11666
48.44210309051136,17,2.0,-12091
48.442372369914104,14,15.0,-12484
48.44718277691004,17,2.0,-8202
48.448141043820904,11,52.0,7884
48.449139287044424,15,2.0,-12432
48.44921670876423,3,5.0,7951
48.45103841388927,5,2.0,0
48.45297018793169,10,40.0,7924
48.45704245484641,17,1.0,-9672
48.46986656973438,5,3.0,0
48.47054479326001,17,1.0,-10995
48.47209140492321,4,13.0,7952
48.473265874089535,17,1.0,-10346
48.47687774531879,5,5.0,0
48.482388848749395,5,6.0,0
48.482590286741605,17,2.0,-11786
48.48730372686223,4,8.0,7953
48.48820470543781,17,1.0,-11008
48.48842672338216,17,5.0,-3790
48.49168077897157,7,1.0,7909
48.49561481222366,11,26.0,7894
48.498518687152554,3,5.0,7954
48.49921728641964,5,1.0,0
48.50158097916017,1,1.0,7955
48.50565823951953,1,10.0,7956
48.50611568659281,17,1.0,-9521
48.50919245993938,17,1.0,-11493
48.51894029434674,13,2.0,-12488
48.52007668932586,16,22.0,7837
48.52409322098824,1,7.0,7957
48.52734948926434,5,1.0,0
48.538161638051875,15,7.0,-12411
48.54203374463738,5,1.0,0
48.54633105783031,4,1.0,7958
48.55104278693766,5,2.0,0
48.55390544930657,5,3.0,0
48.554857165252166,17,1.0,-11088
48.564080338663906,17,3.0,-12058
48.56526037395384,17,1.0,-11556
48.569913653522555,5,4.0,0
48.571456894276594,17,6.0,-2927
48.57183981506278,17,1.0,-10732
48.57436168488669,17,2.0,-11201
48.58304079129702,5,1.0,0
48.585959197874544,5,1.0,0
48.586187218066605,7,1.0,7883
48.58645902354898,14,1.0,-12475
48.587894008202014,17,3.0,-10066
48.5980910669227,5,4.0,0
48.60145420039242,16,19.0,2550
48.601794543471,15,6.0,-12423
48.604778839819865,10,5.0,7951
48.60915873262725,17,2.0,-8857
48.611081735875565,5,4.0,0
48.61379709724983,15,2.0,-12436
48.61383843225106,10,11.0,7899
48.61668561904557,10,44.0,7937
48.619097067780764,6,1.0,7917
48.623241525103026,5,7.0,0
48.6456209614478,5,1.0,0
48.6471541508646,10,8.0,7953
48.647428542620645,5,4.0,0
48.65354964324952,10,8.0,7941
48.658017644718626,5,4.0,0
48.65936687258836,6,3.0,7898
48.661354238607345,17,5.0,-11875
48.67191309087753,15,2.0,-12426
48.678191337475845,15,1.0,-12431
48.67952178314075,17,6.0,-12161
48.67982122213693,15,1.0,-12434
48.681838259660495,5,4.0,0
48.68687048755937,4,59.0,7959
48.686980350718756,17,3.0,-11051
48.68719856875493,15,2.0,-12417
48.693740642674925,3,52.0,7960
48.69469112117447,4,4.0,7961
48.69620535370611,1,6.0,7962
48.699344236371815,5,3.0,0
48.7080040460687,15,3.0,-12429
48.70830779091259,5,2.0,0
48.70955312048857,1,3.0,7963
48.7120244919113,5,4.0,0
48.71795550045144,17,2.0,-11121
48.720571968042584,5,6.0,0
48.728556608745414,10,33.0,7927
48.73193249515905,6,3.0,7948
48.7320816724083,14,5.0,-12473
48.734397531680955,17,1.0,-2614
48.734930979566954,7,3.0,7871
48.74013349022796,11,5.0,7893
48.7448786723372,3,58.0,7964
48.74842904039331,5,4.0,0
48.750887825170125,5,1.0,0
48.751751544086716,17,2.0,-11404
48.75250597444026,5,3.0,0
48.75251770408666,17,11.0,-7018
48.756105564736835,10,60.0,7939
48.759189620345566,5,2.0,0
48.76709710538602,5,6.0,0
48.77120633150623,1,1.0,7965
48.77176720065896,5,1.0,0
48.780628982100936,15,4.0,-12408
48.782340540459735,17,3.0,-10332
48.79445731075096,13,2.0,-12479
48.79625081378985,6,1.0,7943
48.80184547855574,15,1.0,-12405
48.80882788708538,17,3.0,-12394
48.81076798175194,14,6.0,-12474
48.81352378144018,16,50.0,7699
48.82082004626058,17,1.0,-10685
48.82098179205703,5,3.0,0
48.82303930183515,5,2.0,0
48.824474981175165,5,3.0,0
48.82865135511999,17,5.0,-10546
48.830553868395434,4,4.0,7966
48.831091390736105,17,3.0,-8969
48.833679498112325,17,2.0,-10497
48.838442977993076,15,1.0,-12420
48.84509948540567,5,19.0,0
48.84801818029764,10,15.0,7949
48.85130027095226,1,2.0,7967
48.85135943142391,5,8.0,0
48.85252222259637,5,2.0,0
48.85715890042762,17,1.0,-10576
48.85963844072355,17,7.0,-3510
48.86426087455524,11,59.0,7891
48.86672497047421,7,1.0,7895
48.87034001978089,5,5.0,0
48.87727401338772,15,1.0,-12406
48.886133270660814,15,2.0,-12407
48.89253775915381,7,4.0,7910
48.89372540226748,11,45.0,7922
48.89379039874908,17,1.0,-11839
48.89577833294778,5,4.0,0
48.8968119202414,4,1.0,7968
48.897474016107324,3,59.0,7969
48.90153923541247,14,4.0,-12481
48.90548820636299,5,16.0,0
48.90699594657335,6,2.0,7944
48.912721353066864,11,18.0,7915
48.91273745380807,5,8.0,0
48.91818061916308,17,2.0,-11343
48.91986503156772,7,3.0,7912
48.92195372620934,17,3.0,-4698
48.92500570914633,3,26.0,7970
48.92837535296816,15,2.0,-12413
48.92851040359971,1,7.0,7971
48.934688819031656,15,3.0,-12424
48.93845981622107,4,2.0,7972
48.95001734097296,17,1.0,-6909
48.95008000420416,13,1.0,-12487
48.95259134593069,4,9.0,7973
48.95404798235273,14,1.0,-12480
48.958092160077044,17,3.0,-11943
48.9598163229343,17,7.0,-11563
48.96451926495928,5,1.0,0
48.96543600555107,17,2.0,-5452
48.965644117720046,13,4.0,-12489
48.97970733371472,10,2.0,7892
48.9821174256482,15,5.0,-12437
48.98281985338363,17,1.0,-9694
48.98848316049696,1,32.0,7974
48.99032324560871,13,4.0,-12477
48.99294739645626,5,2.0,0
48.99348464337438,15,4.0,-12412
48.99641518866634,17,2.0,-10759
48.99698095911926,17,6.0,-9104
48.99913468556235,1,3.0,7975
49.0027366950334,10,52.0,7960
49.003226965539554,13,1.0,-12492
49.004405135848494,15,4.0,-12467
49.006002742200174,5,12.0,0
49.007013361869234,5,7.0,0
49.01491078651174,1,12.0,7976
49.02236163132443,11,4.0,7923
49.022915161675606,5,5.0,0
49.033552450924496,15,5.0,-12451
49.05248222863547,17,1.0,-9513
49.06074198131697,17,2.0,-12173
49.06121386897477,15,1.0,-12465
49.06406340204115,15,1.0,-12441
49.064780438392276,6,2.0,7967
49.06510505161737,17,3.0,-11644
49.06554794753146,6,4.0,7942
49.06765099669288,1,3.0,7977
49.068084391869974,5,2.0,0
49.073557997807185,1,3.0,7978
49.077265334141096,5,1.0,0
49.0796875091362,5,4.0,0
49.08331560140088,10,42.0,7934
49.084641006612834,17,6.0,-11987
49.08469786535793,13,6.0,-12506
49.08701716097483,17,2.0,-11480
49.08791763750883,13,2.0,-12490
49.088813496270824,5,2.0,0
49.09433647564206,1,5.0,7979
49.09709502109826,5,3.0,0
49.10050808877419,11,3.0,7852
49.102830203193044,5,4.0,0
49.1080498471294,4,2.0,7980
49.10932849501303,15,4.0,-12455
49.10989592226458,16,19.0,7833
49.11148893182357,17,5.0,-4661
49.111703795708095,17,1.0,-9037
49.11855845431645,5,5.0,0
49.12192019820668,1,4.0,7981
49.12258627006227,6,1.0,7965
49.124192387987186,1,1.0,7982
49.12886659738558,4,2.0,7983
49.13347409268553,17,2.0,-12016
49.14021244945873,6,32.0,7974
49.15115123278989,1,5.0,7984
49.15522820723107,5,5.0,0
49.15539068607288,1,3.0,7985
49.15761102401149,1,2.0,7986
49.16148292420978,15,5.0,-12445
49.16609253382152,5,5.0,0
49.166644345811996,13,2.0,-12501
49.17078403496032,17,1.0,-12181
49.174390211519075,5,1.0,0
49.17519765441641,5,4.0,0
49.17552111333287,6,5.0,7905
49.17747549155036,6,12.0,7976
49.17779460912603,5,1.0,0
49.18276233485042,17,1.0,-2157
49.186158635998225,17,1.0,-8722
49.21462963027416,17,4.0,-8944
49.21697804460169,17,3.0,-11167
49.21879879131269,17,9.0,-10599
49.222244739783335,13,1.0,-12508
49.22230466634367,11,14.0,7925
49.223520611439426,17,1.0,-7575
49.2238344222755,17,1.0,-11599
49.223862653980134,10,58.0,7964
49.22981229941162,17,3.0,-7838
49.23686633819956,7,1.0,7904
49.238883243340474,7,2.0,7901
49.23948355557022,10,26.0,7970
49.24215839143647,15,2.0,-12453
49.24587553791966,113,52.0,-12502
49.248379168756365,17,44.0,-11948
49.24983973578932,15,12.0,-12461
49.25201164902563,5,6.0,0
49.25501933968949,1,1.0,7987
49.262783308101355,5,2.0,0
49.26339590361604,4,4.0,7988
49.265481962875405,17,1.0,-10899
49.2669129826416,1,3.0,7989
49.279736635331574,1,3.0,7990
49.282494433772456,17,1.0,-10548
49.28599038047807,7,2.0,7908
49.28707593582188,17,2.0,-12070
49.3051189606757,5,26.0,0
49.311986947841476,5,1.0,0
49.312339586235304,1,1.0,7991
49.31246346822741,15,9.0,-12462
49.31292233690823,17,2.0,-8182
49.31337244511958,15,1.0,-12456
49.32562998363024,5,4.0,0
49.32890967649257,16,8.0,5441
49.328916477331646,16,2.0,6976
49.330478453353166,5,4.0,0
49.33770372697741,17,3.0,-8902
49.33894895173244,16,5.0,5277
49.341040590927484,5,5.0,0
49.344310062256056,14,1.0,-12491
49.34527352845987,17,3.0,-7850
49.34824383873554,10,9.0,7973
49.34966863944464,16,2.0,7697
49.34986660451984,5,2.0,0
49.35006529334163,6,4.0,7853
49.350386832107205,13,2.0,-12507
49.35568601519881,5,4.0,0
49.35744603713968,17,2.0,-11768
49.35776134816849,6,3.0,7978
49.358263423294524,5,1.0,0
49.36499550155846,15,5.0,-12449
49.36524235889391,113,25.0,-12498
49.369194866208005,5,1.0,0
49.37613116190323,6,3.0,7945
49.37629343879136,16,9.0,5890
49.377970666962725,5,3.0,0
49.37848657103741,15,1.0,-12439
49.38093349474135,15,42.0,-12452
49.38924043545536,11,55.0,7896
49.39211811852182,17,1.0,-8619
49.40020074787869,4,1.0,7992
49.40091525005434,6,7.0,7936
49.40287085414062,17,3.0,-11781
49.40389052485551,17,1.0,-8714
49.40483888588787,17,1.0,-11336
49.40605915159265,5,2.0,0
49.408084839182195,11,4.0,7889
49.40890136512349,6,10.0,7956
49.413475946714215,5,4.0,0
49.41522951863735,17,3.0,-11069
49.427177575777534,17,2.0,-11040
49.43311941256948,17,3.0,-11478
49.433230612815485,5,3.0,0
49.437443013441126,1,5.0,7993
49.438048899322276,17,1.0,-12026
49.43854707249508,4,2.0,7994
49.44558602991924,15,2.0,-12446
49.44962841397344,5,22.0,0
49.45289703650537,3,11.0,7995
49.45464740567428,11,10.0,7900
49.45540303774646,15,4.0,-12454
49.45626941586516,12,7.0,7862
49.4592116610488,5,6.0,0
49.467316077545085,13,1.0,-12504
49.4685630607214,15,1.0,-12463
49.46934736977388,6,3.0,7963
49.47779663468333,17,3.0,-11117
49.47983125189789,5,28.0,0
49.480553111617866,17,2.0,-12381
49.48217058327989,4,5.0,7996
49.48488233949941,15,1.0,-12469
49.48858885021859,10,59.0,7959
49.49817810318147,15,2.0,-12464
49.49996046316014,5,1.0,0
49.50081852837434,17,2.0,-12337
49.502556956877804,1,4.0,7997
49.50556205314747,15,4.0,-12447
49.50907116201821,17,1.0,-9830
49.515123035026654,17,1.0,-10820
49.52106551581283,5,5.0,0
49.52347713071974,9,23.0,7857
49.526321557668,1,3.0,7998
49.52673385813998,6,1.0,7991
49.52729280792599,6,5.0,7979
49.5407192510181,5,14.0,0
49.54101943491795,9,29.0,7877
49.550527582259555,3,57.0,7999
49.550688731131594,5,2.0,0
49.5541032318854,5,2.0,0
49.556801493703,11,9.0,7911
49.556801493703,16,9.0,7911
49.5575430420365,17,2.0,-11677
49.55794677487419,4,12.0,8000
49.563490773212486,15,2.0,-12442
49.56660002062979,17,4.0,-10209
49.56801388079938,14,10.0,-12493
49.569779255792895,5,1.0,0
49.57460758042399,1,2.0,8001
49.58011524169647,11,16.0,7921
49.58342144135753,11,5.0,7830
49.58421471004922,17,5.0,-12077
49.58768519976613,3,41.0,8002
49.588586087719534,1,4.0,8003
49.58912694154803,11,3.0,7869
49.592150268720744,1,6.0,8004
49.60090799266626,15,5.0,-12459
49.60560488128601,5,3.0,0
49.60614528755109,10,5.0,7954
49.609595100621185,5,1.0,0
49.61339778518219,10,13.0,7952
49.61527170176624,6,2.0,8001
49.63208173203929,5,1.0,0
49.63343692536446,5,1.0,0
49.63627595758742,17,1.0,-10682
49.63629758383396,14,9.0,-12496
49.639101405883046,17,8.0,-1775
49.64351616518722,14,2.0,-12499
49.64453656367769,17,4.0,-11564
49.64522337044406,15,1.0,-12450
49.65027475704192,7,10.0,7928
49.65596024920014,17,28.0,-11591
49.65886237603824,10,14.0,7940
49.66127352549882,3,6.0,8005
49.67191380743036,17,1.0,-11583
49.67793877022011,17,8.0,-8696
49.68265600718888,10,11.0,7995
49.686406206662284,17,8.0,-11711
49.69230570203196,6,1.0,7987
49.69496255061398,10,2.0,7994
49.69671834245503,5,1.0,0
49.70056338830454,5,4.0,0
49.70363606628557,7,8.0,7933
49.70594115061552,15,1.0,-12466
49.70602885284424,4,36.0,8006
49.71033553354976,15,3.0,-12457
49.71172548661495,6,6.0,7962
49.71191918838659,5,1.0,0
49.72175520299613,17,6.0,-12038
49.724676688816324,5,4.0,0
49.72975013428996,17,29.0,-10443
49.7323060734154,17,5.0,-10696
49.7374698899096,15,7.0,-12444
49.74038599956878,10,1.0,7992
49.74742965794237,11,6.0,7880
49.74760356119096,9,7.0,7862
49.749456713222656,1,2.0,8007
49.75251535653003,17,14.0,-12002
49.76473163824483,14,1.0,-12503
49.766237552105004,15,1.0,-12440
49.768754913108495,17,7.0,-11627
49.77006032310662,17,2.0,-8861
49.77237484251138,11,6.0,7920
49.77366590847996,17,2.0,-9101
49.789038020965926,5,11.0,0
49.792146401404814,6,3.0,7989
49.800805421476895,3,23.0,8008
49.80329657509509,13,1.0,-12505
49.81380671187719,6,3.0,7990
49.82759707425811,14,4.0,-12495
49.829163341615704,6,5.0,7993
49.829811858251276,17,1.0,-11489
49.82982560034381,15,47.0,-12460
49.83008683357733,10,2.0,7983
49.83324242483145,10,1.0,7968
49.84042399730351,15,3.0,-12448
49.84112121088246,11,40.0,7924
49.8453196112095,5,2.0,0
49.85769727548162,5,1.0,0
49.860714524729296,15,1.0,-12470
49.86306762102967,11,9.0,7973
49.86389588195406,17,4.0,-11662
49.867690822541725,17,4.0,-10177
49.87217094157934,14,5.0,-12497
49.87546927651529,4,15.0,8009
49.88016360900943,6,7.0,7957
49.88622222734781,15,2.0,-12443
49.88639591448767,17,1.0,-2490
49.886671214878014,5,7.0,0
49.89147193082092,5,1.0,0
49.89224281475662,15,1.0,-12438
49.897123208339,7,3.0,7948
49.90151886439189,17,2.0,-12187
49.90320207569732,6,4.0,7926
49.91496913355992,5,3.0,0
49.91527260758952,17,1.0,-7210
49.917862505530024,17,13.0,-9381
49.91812409942945,15,25.0,-12468
49.91843147633262,5,1.0,0
49.92160855437067,3,49.0,8010
49.92269331879865,5,2.0,0
49.923756483291825,5,3.0,0
49.92755028865085,1,33.0,8011
49.92771527313397,4,7.0,8012
49.93086087219383,4,4.0,8013
49.93243994722755,1,5.0,8014
49.94005745770983,5,3.0,0
49.943239493240355,7,2.0,7931
49.94719833280665,17,3.0,-10896
49.9478755247317,8,2.0,7874
49.95060735448875,1,3.0,8015
49.957427217819045,5,5.0,0
49.96030328839162,1,3.0,8016
49.96036181263783,17,1.0,-6255
49.960570318056924,13,3.0,-12500
49.964122352007664,5,1.0,0
49.964525076423286,14,6.0,-12494
49.96884038904437,15,1.0,-12458
49.971208575992186,17,3.0,-11171
49.971918674217484,17,2.0,-11516
49.97369743299069,7,1.0,7943
49.97393771837507,1,6.0,8017
49.97427416732427,5,1.0,0
49.97474970437102,16,9.0,1550
49.97591932878244,1,4.0,8018
49.978113615306796,17,1.0,-11859
49.97865045259454,6,3.0,7914
49.98153270324543,6,1.0,7932
49.98710717697213,5,7.0,0
50.01895574252242,11,50.0,7907
50.038255624106235,10,2.0,7972
50.04218770911531,15,2.0,-12479
50.042985401381436,17,4.0,-11623
50.04584401549098,7,1.0,7906
50.04756114813905,6,6.0,7897
50.047925903302776,10,23.0,8008
50.04828100032938,10,4.0,7961
50.05064975000899,17,2.0,-11760
50.05228696224498,5,3.0,0
50.05403638693129,17,1.0,-11791
50.057570647621894,17,1.0,-9952
50.05795150590743,15,2.0,-12488
50.06064318932064,1,3.0,8019
50.06254560972969,13,2.0,-12509
50.06799518094687,6,1.0,7955
50.06801719476029,17,57.0,-8996
50.0680398590163,5,2.0,0
50.06809441721754,15,15.0,-12484
50.06809441721754,17,15.0,-12484
50.06830513348242,16,1.0,1019
50.06858509226348,16,6.0,7848
50.07097988403529,7,3.0,7978
50.07218634199392,5,6.0,0
50.0725093770002,5,4.0,0
50.073481304798726,17,3.0,-12136
50.07357105579677,6,4.0,7981
50.07516534423257,6,3.0,7977
50.08349289394771,17,9.0,-9445
50.08357562648528,5,5.0,0
50.08377238126085,10,12.0,8000
50.08436312379374,1,5.0,8020
50.08632957987748,10,1.0,7950
50.08728917083053,10,1.0,7958
50.09424847677255,17,1.0,-10301
50.10481121756223,17,1.0,-11145
50.105398815293434,15,1.0,-12485
50.10540023681879,5,1.0,0
50.10668062314356,13,1.0,-12519
50.11004658345855,5,3.0,0
50.11219632305052,17,5.0,-11341
50.11342148002779,1,8.0,8021
50.11467801069791,5,3.0,0
50.11585166397219,3,4.0,8022
50.11914104597446,1,5.0,8023
50.1361502608989,6,1.0,7982
50.14164022500604,17,2.0,-10180
50.16834365027714,4,6.0,8024
50.17331039600786,7,3.0,7963
50.191452051633924,6,6.0,8017
50.194076667698965,5,6.0,0
50.1951596738292,13,2.0,-12525
50.20173373264428,5,1.0,0
50.20215117345359,17,3.0,-2509
50.20272518043094,5,1.0,0
50.20921676690019,11,60.0,7939
50.21282554003669,4,1.0,8025
50.21950714816428,4,53.0,8026
50.21963522570961,15,3.0,-12471
50.221385039196036,4,13.0,8027
50.22851239035193,6,5.0,8014
50.245351097157645,1,2.0,8028
50.24860740624501,5,1.0,0
50.25025454724406,15,5.0,-12473
50.251563081975675,13,6.0,-12514
50.25162312963475,17,20.0,-11643
50.25490384759121,6,5.0,8020
50.25516693546412,6,3.0,7985
50.25629945331448,1,2.0,8029
50.25867983104633,5,4.0,0
50.26899196468645,13,6.0,-12527
50.26909791200311,11,44.0,7937
50.272718678195965,17,2.0,-9798
50.27481280790418,15,1.0,-12476
50.27523373414818,4,10.0,8030
50.278432280717674,1,5.0,8031
50.280332524973886,3,42.0,8032
50.290457257010004,13,3.0,-12515
50.29808225223996,5,1.0,0
50.30125521189279,13,4.0,-12518
50.30205925549197,15,1.0,-12475
50.30366295316561,17,2.0,-11777
50.306981499057784,15,6.0,-12474
50.3102352353304,5,4.0,0
50.312460211117454,7,42.0,7876
50.31389864788865,17,1.0,-8114
50.31646804373959,6,6.0,8004
50.322626751783325,5,1.0,0
50.32632304822345,11,22.0,7902
50.32900325322845,5,6.0,0
50.33063666251478,5,2.0,0
50.337868653271904,5,18.0,0
50.34278281185019,5,3.0,0
50.350147713879785,13,2.0,-12513
50.3568060424135,13,5.0,-12517
50.3599317444241,7,1.0,7965
50.36132147475756,17,28.0,-9959
50.36441269709988,5,7.0,0
50.36549601204757,15,4.0,-12481
50.368648756605005,7,28.0,7938
50.37879703205313,5,4.0,0
50.38348194529436,6,2.0,7930
50.38612330812401,5,1.0,0
50.38641218136731,5,4.0,0
50.386907168445546,4,4.0,8033
50.38801032677896,10,59.0,7969
50.388165730738706,6,3.0,8019
50.388422625956224,17,4.0,-11142
50.39149711432669,6,4.0,8018
50.39191390228324,1,1.0,8034
50.39310225101425,17,2.0,-10241
50.393341101931505,5,2.0,0
50.39641174476547,17,2.0,-11537
50.41359737843007,5,3.0,0
50.42016459170319,17,1.0,-10421
50.426143961568705,13,1.0,-12511
50.427542662047045,5,1.0,0
50.43079351754648,1,2.0,8035
50.43609344221701,1,4.0,8036
50.43681180026784,5,2.0,0
50.44288631412572,6,3.0,7975
50.44346901073924,10,4.0,8013
50.44559813500521,5,4.0,0
50.45276986050608,11,1.0,7968
50.462995529454716,5,1.0,0
50.463268433933834,17,1.0,-12272
50.464558322474716,4,7.0,8037
50.46474873648002,7,2.0,7944
50.4685630607214,17,1.0,-12463
50.46971653945967,12,58.0,7964
50.47129069110649,3,17.0,8038
50.476655619232574,14,3.0,-12522
50.49154426740159,4,6.0,8039
50.492713940120794,17,6.0,-9270
50.493471476025896,5,2.0,0
50.505123247313605,1,8.0,8040
50.50539502510883,1,2.0,8041
50.509854942353584,10,41.0,8002
50.520521456848726,5,4.0,0
50.521807781116976,5,3.0,0
50.52302816933521,5,9.0,0
50.524248972372305,7,3.0,7898
50.52591993575385,11,33.0,7927
50.52960369997023,1,32.0,8042
50.532952521615094,7,3.0,7918
50.5376802658015,15,5.0,-12482
50.53910138737519,6,3.0,8015
50.54351707991731,17,3.0,-12231
50.56297994348662,4,6.0,8043
50.56445591913831,10,12.0,7935
50.56668306700311,15,4.0,-12477
50.56870357631338,5,7.0,0
50.56927981099889,10,57.0,7999
50.5738463780076,5,1.0,0
50.57385866073902,17,3.0,-8579
50.57590770958471,17,1.0,-12106
50.59787678723622,7,3.0,7989
50.59809181083382,5,1.0,0
50.60060678317535,3,56.0,8044
50.60235065337476,15,1.0,-12487
50.6033942319622,11,26.0,7970
50.61369706472606,5,1.0,0
50.61661673840195,5,1.0,0
50.620788463633616,5,4.0,0
50.620836609287814,17,1.0,-12241
50.625413479492344,17,9.0,-11166
50.62681706873701,5,1.0,0
50.627494675630594,13,1.0,-12520
50.648069502790825,5,3.0,0
50.649880855850824,13,15.0,-12510
50.65173789470816,5,3.0,0
50.6532263416236,6,2.0,8007
50.660959529449045,6,5.0,8023
50.665945848995186,5,7.0,0
50.66681403875802,17,9.0,-11395
50.6686172625356,15,4.0,-12472
50.67332505926881,13,3.0,-12524
50.67602626807237,1,4.0,8045
50.676982892465546,11,27.0,7888
50.67857891720331,17,3.0,-9605
50.68002886726436,12,41.0,8002
50.68522636589398,3,27.0,8046
50.692374708856285,6,2.0,8028
50.69386513506625,17,10.0,-11848
50.6961195103493,10,6.0,8005
50.69662449227431,1,4.0,8047
50.69854824124547,6,1.0,8034
50.70139712282201,7,2.0,7967
50.70245700675348,7,2.0,7903
50.70428167350066,1,8.0,8048
50.70437391467758,11,11.0,7899
50.70743427095084,11,14.0,7940
50.72300106991964,10,4.0,7966
50.723029435203586,7,12.0,7976
50.72334850939982,5,28.0,0
50.724969198689564,5,4.0,0
50.73369115790229,10,59.0,7929
50.73409780969735,17,2.0,-10565
50.743935111132444,17,14.0,-11684
50.74461740136713,7,1.0,7917
50.748857198567066,3,47.0,8049
50.74988014373193,10,6.0,7947
50.75224737161014,17,7.0,-12227
50.75885093753559,1,8.0,8050
50.75940896124231,17,1.0,-10923
50.767685489132944,4,38.0,8051
50.76913087746593,17,1.0,-9812
50.77453378066324,15,6.0,-12478
50.7805299006331,17,1.0,-9556
50.78650024373306,5,6.0,0
50.79424946475645,14,4.0,-12521
50.79795681753653,11,5.0,7954
50.80501112369174,14,6.0,-12523
50.80752371710044,3,52.0,8052
50.80882952509881,4,4.0,8053
50.814126225095215,15,2.0,-12483
50.81816702101452,11,2.0,7892
50.81894847415722,17,1.0,-9949
50.81902436865379,6,2.0,7946
50.825052967362794,10,38.0,8051
50.828811584651326,15,1.0,-12480
50.841156169770315,11,2.0,7983
50.85038961642847,17,2.0,-11376
50.8559006287803,1,9.0,8054
50.85623712752242,5,1.0,0
50.85832352774081,7,1.0,7916
50.863145672179435,3,59.0,8055
50.86568006770386,7,10.0,7956
50.870086220922964,1,13.0,8056
50.873286383613866,16,6.0,653
50.875387916023925,1,16.0,8057
50.876478173914876,1,21.0,8058
50.876986844162936,1,1.0,8059
50.880031121972166,11,1.0,7992
50.88320166039862,5,7.0,0
50.8837577710595,17,1.0,-9350
50.89530957812623,3,53.0,8060
50.8961368429483,5,17.0,0
50.90195055666382,15,11.0,-12486
50.90198498614695,15,4.0,-12489
50.9046443651547,3,57.0,8061
50.90954832810665,5,18.0,0
50.91380024989012,17,1.0,-12008
50.91800512479696,5,2.0,0
50.926048839123666,5,3.0,0
50.93255608887417,14,3.0,-12526
50.934688819031656,17,3.0,-12424
50.936121634098555,5,7.0,0
50.936780580273876,14,7.0,-12512
50.93698824118184,1,4.0,8062
50.94131410546301,10,5.0,7996
50.94845105927969,16,5.0,5110
50.949733539193744,11,7.0,7919
50.966656637524636,17,7.0,-11613
50.969487668517154,5,1.0,0
50.97153756455929,13,38.0,-12516
50.97897822933403,10,47.0,8049
50.98121472505067,5,1.0,0
50.98658414935325,17,6.0,-9226
50.986640163838686,5,2.0,0
50.987117610217766,7,1.0,7955
50.99270551667079,6,4.0,7997
50.99323594713559,17,1.0,-11969
50.99950371274567,17,6.0,-10446
51.00196017504121,17,3.0,-11855
51.00214835355384,10,6.0,8024
51.00336475779309,11,4.0,7961
51.004718140448176,6,9.0,8054
51.00489189419535,5,4.0,0
51.01569961628937,5,1.0,0
51.01729930947143,5,3.0,0
51.01973987612616,17,3.0,-12341
51.02662489241555,7,4.0,8018
51.026759227264876,5,7.0,0
51.02975987076267,1,6.0,8063
51.03276714590814,5,3.0,0
51.03358550964574,10,7.0,8037
51.037470941865124,15,1.0,-12505
51.039737882780685,4,6.0,8064
51.04578994653104,5,6.0,0
51.04689743017273,10,10.0,8030
51.047659994581075,1,4.0,8065
51.048955604440465,11,8.0,7953
51.04910260916949,5,2.0,0
51.05097793572252,11,2.0,7994
51.05320723665403,6,32.0,8042
51.05660948854103,6,1.0,8059
51.05824291992659,5,9.0,0
51.065230299200415,5,3.0,0
51.071479868719166,15,2.0,-12499
51.07412868572464,5,3.0,0
51.07417357852744,17,1.0,-11789
51.07495590906047,17,1.0,-10798
51.07532093533771,14,1.0,-12540
51.07541476056496,5,10.0,0
51.07734628198134,17,42.0,-9783
51.07881605749808,6,2.0,7986
51.08435497478821,6,4.0,8003
51.088183503103814,5,4.0,0
51.0927398152781,15,2.0,-12490
51.09834048445284,10,49.0,8010
51.101382836584655,17,2.0,-10679
51.102142477687885,5,3.0,0
51.12101204055591,1,5.0,8066
51.122282250340085,14,3.0,-12538
51.12412108271404,1,1.0,8067
51.13098983382151,6,6.0,8063
51.13436699201964,7,6.0,7897
51.138315896195415,17,1.0,-9294
51.138867099898604,1,13.0,8068
51.14106357824933,5,4.0,0
51.142707143699404,17,2.0,-11369
51.14501336563564,13,1.0,-12544
51.145816489061225,3,10.0,8069
51.146283985617075,5,1.0,0
51.14847046699019,10,27.0,8046
51.14886704303268,5,2.0,0
51.15194534068739,17,3.0,-2188
51.15361992790625,15,1.0,-12491
51.15704629968401,5,5.0,0
51.15791537199195,17,2.0,-10859
51.16053588353646,5,12.0,0
51.172001661099955,4,15.0,8070
51.174734629721485,7,4.0,7926
51.1764198710822,5,2.0,0
51.18053761458141,5,2.0,0
51.185712766833745,17,8.0,-8769
51.19166841538452,10,4.0,8033
51.19440747507391,1,3.0,8071
51.19752330240397,6,2.0,8041
51.19776966554069,6,21.0,8058
51.198496205949326,15,1.0,-12504
51.1988824722937,10,6.0,8064
51.19942113430864,7,3.0,7945
51.20867323211048,5,3.0,0
51.22211798129687,12,8.0,7941
51.22373639995686,17,1.0,-11800
51.226654057974585,7,9.0,7867
51.22681962403024,5,2.0,0
51.22822652038362,7,6.0,7962
51.23074685323582,10,7.0,8012
51.246339901945916,14,6.0,-12542
51.25169309889918,3,30.0,8072
51.25209630370405,16,3.0,5901
51.252895146499284,7,7.0,7936
51.25686410556352,5,2.0,0
51.26185026122344,6,4.0,8047
51.26355152296843,15,2.0,-12507
51.26355152296843,17,2.0,-12507
51.269210951354005,15,1.0,-12508
51.27288595861704,15,2.0,-12501
51.27320059615175,10,2.0,7980
51.276651078125745,6,3.0,7998
51.27778351670269,1,1.0,8073
51.285368458544745,17,3.0,-10605
51.28730431220656,6,13.0,8056
51.29491441706679,5,8.0,0
51.29500117534401,6,16.0,8057
51.30720841329272,4,1.0,8074
51.30980024651943,6,8.0,8040
51.31227126862555,17,1.0,-10541
51.31361526071917,1,10.0,8075
51.32706057378048,5,1.0,0
51.32767479774763,16,10.0,2274
51.33946041854705,1,1.0,8076
51.34428393110512,5,2.0,0
51.3472457140261,4,3.0,8077
51.34731337521128,17,3.0,-8231
51.3499877119404,5,9.0,0
51.35040719179707,5,2.0,0
51.35179595624872,17,5.0,-3810
51.35800855577416,13,8.0,-12546
51.35883879836563,15,4.0,-12495
51.36394995749329,10,53.0,8026
51.36751126256087,5,1.0,0
51.36930361961872,17,2.0,-12256
51.373303366209385,1,2.0,8078
51.37336672909691,5,1.0,0
51.37391004014823,4,3.0,8079
51.380108167521186,6,1.0,8067
51.383117235232554,17,7.0,-9336
51.38322879423714,5,2.0,0
51.38397920518932,5,6.0,0
51.387523668891475,4,3.0,8080
51.38853629948451,3,38.0,8081
51.392830889509305,1,2.0,8082
51.3956849821352,3,50.0,8083
51.39747651766262,3,53.0,8084
51.39764643756197,6,3.0,8016
51.40266132781467,6,5.0,8031
51.40612126315275,10,15.0,8009
51.40784748516518,5,7.0,0
51.40835910769233,1,8.0,8085
51.408893647626954,5,7.0,0
51.41550929433182,10,6.0,8043
51.41686087124831,13,2.0,-12528
51.42179841675055,17,6.0,-11354
51.42476488505828,5,1.0,0
51.425693118428725,16,9.0,4800
51.43758788471124,10,53.0,8060
51.437803748405535,10,15.0,8070
51.442559681776615,11,47.0,7811
51.44429043973389,1,5.0,8086
51.4453693301937,6,7.0,7971
51.44835739248447,1,6.0,8087
51.45481094957487,5,8.0,0
51.45951891399652,5,5.0,0
51.46214146300004,17,2.0,-12053
51.46443511289519,17,1.0,-4077
51.4645800251629,14,2.0,-12545
51.46612692941493,1,1.0,8088
51.47055579131174,10,42.0,8032
51.47210806804334,15,5.0,-12497
51.47683619587985,5,2.0,0
51.480190762036855,5,3.0,0
51.48460836372483,17,6.0,-11186
51.48779992659581,17,2.0,-11477
51.48930483508466,5,1.0,0
51.492872904053904,1,7.0,8089
51.49622525433128,4,7.0,8090
51.497625320097356,11,52.0,7960
51.497625320097356,16,52.0,7960
51.504945424876155,11,4.0,7966
51.507817396899135,3,34.0,8091
51.511314064405624,13,1.0,-12536
51.5173510502196,7,1.0,7932
51.52017205744502,17,6.0,-11152
51.52526240217687,1,2.0,8092
51.52596250372641,17,1.0,-10954
51.53884888011679,17,8.0,-10304
51.53900276643043,4,2.0,8093
51.542272883724614,6,2.0,8029
51.55278903965304,17,6.0,-11297
51.5559730380889,15,10.0,-12493
51.55788922472037,1,2.0,8094
51.55902340585238,10,10.0,8069
51.56552381270552,3,57.0,8095
51.56599003766652,10,4.0,8022
51.56860759830874,10,34.0,8091
51.56970789404395,14,3.0,-12535
51.57028037472577,7,3.0,7977
51.57054851680705,17,2.0,-9124
51.57323152923596,9,8.0,7941
51.57361950714245,17,4.0,-6480
51.576464258693015,14,4.0,-12537
51.57980750706931,1,7.0,8096
51.58323207949764,17,1.0,-11982
51.586475368804635,15,3.0,-12500
51.590935784366934,3,1.0,8097
51.591424645586876,4,12.0,8098
51.59351998717954,1,2.0,8099
51.600158314086606,15,1.0,-12503
51.60823599105547,17,1.0,-11536
51.60981344679572,10,3.0,8080
51.611720742724806,11,42.0,7934
51.61581242528522,10,52.0,8052
51.622770664573196,10,50.0,8083
51.62524274662502,5,5.0,0
51.62614495679353,1,16.0,8100
51.629142487026755,5,4.0,0
51.630409391901196,14,2.0,-12543
51.630993012497534,17,4.0,-8699
51.638609124010266,1,1.0,8101
51.6405829156395,6,10.0,8075
51.64163280433974,1,2.0,8102
51.649060983625404,1,5.0,8103
51.652187066173695,1,29.0,8104
51.657020063698475,7,1.0,7991
51.657159929014114,11,5.0,7951
51.657642670353994,17,13.0,-7755
51.657804041314144,6,8.0,8021
51.660981803000105,13,1.0,-12541
51.66915575236761,17,2.0,-10769
51.66953985110747,5,3.0,0
51.67597767929668,16,34.0,7788
51.679178504893734,10,6.0,8039
51.684243498031236,14,4.0,-12532
51.68856104212641,16,3.0,4969
51.69084649929368,10,12.0,8098
51.69685541949053,12,15.0,8070
51.69994870895519,1,3.0,8105
51.700389728547535,1,8.0,8106
51.70268545589013,5,2.0,0
51.71811255810671,5,2.0,0
51.719092367956314,5,2.0,0
51.724775212956544,17,1.0,-9404
51.724851744550946,6,2.0,8099
51.72950404122042,6,13.0,8068
51.73117934062659,5,6.0,0
51.732441102985995,3,42.0,8107
51.73355764524248,11,38.0,8051
51.739021871960844,17,2.0,-11660
51.74017754940774,5,2.0,0
51.74558791789589,5,2.0,0
51.745938358435026,9,58.0,7964
51.747980271357804,12,2.0,7980
51.74990947821165,5,5.0,0
51.75130059035337,5,2.0,0
51.75204616547994,15,6.0,-12494
51.752441215534745,17,9.0,-2954
51.75301283116912,4,10.0,8108
51.753035043584084,1,4.0,8109
51.755599587798585,17,1.0,-11757
51.75790474616091,3,31.0,8110
51.76078330176705,13,2.0,-12530
51.76438015805116,10,31.0,8110
51.76543126898656,7,4.0,7997
51.77083091068138,17,1.0,-8757
51.77512492001379,4,4.0,8111
51.77589209951913,17,2.0,-11681
51.781262455458645,17,2.0,-11798
51.79210436504074,17,2.0,-11249
51.79236462898791,5,7.0,0
51.79479067130351,5,1.0,0
51.80151659315984,4,1.0,8112
51.81188864786081,7,1.0,7987
51.814012821718066,7,4.0,7853
51.81575367958154,1,1.0,8113
51.816147822779996,17,3.0,-11035
51.817745208665194,7,4.0,8047
51.82076415116187,10,3.0,8079
51.824405790322174,6,1.0,8088
51.82518694799852,17,12.0,-11931
51.825239799779844,11,59.0,7959
51.826952568869984,3,6.0,8114
51.829892770110874,1,7.0,8115
51.831171386170936,7,5.0,8014
51.8344364779611,10,1.0,8112
51.83728790046016,5,4.0,0
51.83790693094366,15,9.0,-12496
51.84091048096555,6,8.0,8106
51.843338436045315,5,9.0,0
51.84737014538087,17,10.0,-11219
51.85407534811103,17,1.0,-11261
51.858025712316916,1,2.0,8116
51.862381481135216,4,7.0,8117
51.86426087455524,16,59.0,7891
51.865058967078625,6,4.0,8045
51.86830728806285,1,6.0,8118
51.87127686018397,5,16.0,0
51.872762247422415,13,1.0,-12534
51.874633410278946,1,5.0,8119
51.87774907506259,5,4.0,0
51.878390729433065,17,6.0,-10133
51.88523345795083,17,1.0,-9227
51.89034285052143,5,1.0,0
51.89595452439515,3,7.0,8120
51.89637880863854,5,4.0,0
51.89657466634033,10,59.0,8055
51.89823941579819,7,6.0,8017
51.898531687965644,13,1.0,-12529
51.9005345587426,5,3.0,0
51.90162188482693,5,5.0,0
51.90599307166001,5,5.0,0
51.907696429774944,14,57.0,-12531
51.90951703296312,4,1.0,8121
51.90983486950014,5,4.0,0
51.91034130281405,13,2.0,-12539
51.9115713730547,14,1.0,-12533
51.917665746781104,5,4.0,0
51.91769046224003,6,4.0,8062
51.92348556552828,10,7.0,8120
51.923876215385185,6,1.0,8073
51.93722863153956,15,6.0,-12506
51.94443054600394,10,53.0,8084
51.94849506440678,3,9.0,8122
51.95083240320299,17,2.0,-11683
51.95400605120068,5,10.0,0
51.95572511653646,5,2.0,0
51.95744774534238,17,2.0,-11295
51.957660014554854,7,2.0,7930
51.964812447590894,4,7.0,8123
51.965300876787666,17,56.0,-11355
51.96947968699093,1,16.0,8124
51.97373058464039,10,10.0,8108
51.976758759278646,7,5.0,8023
51.97789331279481,7,3.0,7914
51.97899510818993,1,2.0,8125
51.981963154038354,5,12.0,0
51.98376698206468,7,3.0,8015
51.9864096494806,6,33.0,8011
51.98807063736397,4,52.0,8126
51.98875493125414,6,5.0,8086
51.993354717338384,10,7.0,8117
51.995720849971924,17,1.0,-11087
51.99606032317127,6,2.0,8035
51.99655512301511,17,1.0,-5881
51.996768589411,15,1.0,-12492
52.00053806066291,7,3.0,7985
52.0043818269552,1,7.0,8127
52.00783632433443,1,3.0,8128
52.01111469988525,17,2.0,-9984
52.01346223613569,10,1.0,8025
52.01426967298778,5,6.0,0
52.015259530912466,5,7.0,0
52.016265324525385,1,2.0,8129
52.017152669736895,10,57.0,8061
52.01793599507309,11,15.0,7949
52.02083075830643,5,6.0,0
52.021629112777156,4,13.0,8130
52.0253600390843,16,52.0,6098
52.02605295884388,1,1.0,8131
52.031393315958496,4,10.0,8132
52.037085807493035,2,3.0,8133
52.039727377544935,113,50.0,-12551
52.04449694384721,17,1.0,-12334
52.04706265897642,7,2.0,8001
52.051239997870155,8,16.0,8057
52.05355793797891,5,3.0,0
52.05702277596608,17,2.0,-11408
52.060580531842156,9,2.0,7874
52.069390909773176,15,5.0,-12517
52.07039224349755,6,4.0,8109
52.071178436928186,13,1.0,-12562
52.07210035006706,6,3.0,8071
52.07428047224799,17,1.0,-9822
52.07614129077651,16,1.0,7812
52.07639226399867,3,15.0,8134
52.08009875019876,5,2.0,0
52.081936536035656,1,3.0,8135
52.0847703609923,7,7.0,7957
52.08828371419288,1,10.0,8136
52.08861447892326,5,1.0,0
52.08963552797351,1,1.0,8137
52.09415573870042,6,5.0,8119
52.09932854991969,14,2.0,-12558
52.111408692988284,17,2.0,-12333
52.11345103591487,4,34.0,8138
52.11833873085747,1,10.0,8139
52.12271965312661,6,29.0,8104
52.12309197495986,17,1.0,-8490
52.123123440487575,5,2.0,0
52.12426148196487,10,1.0,8121
52.124975064794526,10,3.0,8077
52.126665004516425,4,6.0,8140
52.12985604319785,3,37.0,8141
52.13405712989227,17,3.0,-9771
52.13454423238807,17,2.0,-11507
52.13748302416305,5,2.0,0
52.14045945815965,7,5.0,7993
52.14139962211139,4,4.0,8142
52.142610133712594,9,41.0,8002
52.14484197355483,5,2.0,0
52.14712113120137,5,1.0,0
52.150458593239634,11,13.0,7952
52.15246724798569,4,5.0,8143
52.15480844210085,13,3.0,-12554
52.15516165184563,11,23.0,8008
52.16035159167911,6,10.0,8139
52.16407911045613,1,1.0,8144
52.16612528060441,10,5.0,8143
52.17113039241622,10,38.0,8081
52.1712728452913,11,12.0,7935
52.17161879003869,7,21.0,8058
52.172288926493074,14,1.0,-12556
52.17368747783504,16,2.0,597
52.17843723636792,7,2.0,8041
52.18445254341411,17,1.0,-380
52.185227226710666,3,3.0,8145
52.18533472193412,10,7.0,8123
52.18832558953005,5,4.0,0
52.19150995001351,17,3.0,-11519
52.19637829993649,4,28.0,8146
52.19760307383996,3,11.0,8147
52.20574112661021,14,3.0,-12547
52.20599614531089,1,1.0,8148
52.20869610985956,15,4.0,-12521
52.213662491888854,10,28.0,8146
52.214098768253805,6,6.0,8118
52.215644744877125,4,6.0,8149
52.21934858492249,11,47.0,8049
52.225973095806104,3,29.0,8150
52.2267954600568,6,1.0,8137
52.23152623671929,13,3.0,-12563
52.23279300581437,5,2.0,0
52.24508783558626,10,7.0,8090
52.25148120724482,16,3.0,7770
52.25908796598453,4,2.0,8151
52.2623392390078,17,1.0,-8536
52.26461608341564,5,3.0,0
52.26666013341548,3,10.0,8152
52.26903285321499,3,33.0,8153
52.27133439224137,4,11.0,8154
52.27323576416437,7,3.0,8019
52.27323576416437,16,3.0,8019
52.277279666395174,10,9.0,8122
52.28250196260723,3,41.0,8155
52.28951374824559,10,17.0,8038
52.29162789072152,12,11.0,7995
52.294036272394,5,1.0,0
52.29913072174949,5,2.0,0
52.29936070059324,15,15.0,-12510
52.30244971469025,7,5.0,7979
52.30635976534148,10,13.0,8130
52.30688462575464,1,2.0,8156
52.30950452821417,1,33.0,8157
52.31230221759702,10,4.0,8142
52.316947357163606,15,3.0,-12515
52.31731539603732,17,1.0,-10104
52.32007478948899,10,34.0,8138
52.32336765550588,15,6.0,-12527
52.32416722390255,11,1.0,8112
52.326257854118076,5,1.0,0
52.32780383361264,13,1.0,-12549
52.32787719183472,17,8.0,-12153
52.33112379008166,10,6.0,8114
52.33615064191523,15,1.0,-12511
52.338456524221854,7,9.0,8054
52.34250003382642,15,6.0,-12514
52.34987410391859,17,1.0,-11740
52.35268465563875,5,1.0,0
52.35299158733402,17,1.0,-9896
52.354542973572876,15,3.0,-12522
52.3548040646279,17,3.0,-12194
52.355858597412436,7,5.0,7905
52.357572841261984,3,36.0,8158
52.36411406601744,5,3.0,0
52.36998612440825,4,11.0,8159
52.37408862719947,10,30.0,8072
52.37916486081468,17,1.0,-11194
52.37935964114888,9,11.0,7995
52.38163229787834,10,11.0,8147
52.38326685144432,15,1.0,-12519
52.38458449388219,11,6.0,8064
52.38644549110139,13,12.0,-12557
52.3864550241117,15,3.0,-12526
52.3980485690604,1,2.0,8160
52.39868651932196,8,32.0,8042
52.404124060897686,6,5.0,8066
52.404487906786564,17,2.0,-11892
52.415748075983544,5,9.0,0
52.4165966995646,17,1.0,-11746
52.420137631225046,4,56.0,8161
52.42147360249589,10,33.0,8153
52.42352100473792,11,7.0,8037
52.423965036896156,6,8.0,8085
52.427825631465524,1,5.0,8162
52.43115038545621,4,1.0,8163
52.43271229344389,1,8.0,8164
52.43314078439816,1,3.0,8165
52.43427670808287,5,2.0,0
52.434522379268145,4,6.0,8166
52.43557657754525,17,1.0,-10631
52.43834461273178,4,4.0,8167
52.44164518476334,15,3.0,-12524
52.44314711028418,11,31.0,8110
52.443224241840724,10,3.0,8145
52.44892284313219,17,9.0,-9093
52.450610061243744,10,56.0,8044
52.451920078986795,17,4.0,-11978
52.453109182275384,16,43.0,3821
52.453396254792914,17,1.0,-12264
52.45755604066825,5,9.0,0
52.457963766138505,7,4.0,7981
52.45822441924412,17,2.0,-8659
52.463202862316116,4,4.0,8168
52.46449403994296,6,3.0,8128
52.47114504346913,15,2.0,-12513
52.47273724244259,1,3.0,8169
52.47311073290323,10,11.0,8159
52.47335657001852,5,4.0,0
52.47634511032893,1,21.0,8170
52.480009293142636,7,8.0,8040
52.48206800834674,7,4.0,8003
52.48211188176688,15,6.0,-12523
52.48329371612225,5,16.0,0
52.48391251525351,17,2.0,-7328
52.48698950446759,6,4.0,8036
52.48894555772057,3,33.0,8171
52.49262084471674,5,1.0,0
52.493966824592945,6,3.0,8169
52.49718671334122,11,27.0,8046
52.49957871933755,5,2.0,0
52.50164447530176,7,1.0,7982
52.50733242684494,5,1.0,0
52.50796951120687,1,1.0,8172
52.50937452052816,4,2.0,8173
52.51414956619325,1,4.0,8174
52.51798835433905,1,3.0,8175
52.52068235315897,13,1.0,-12559
52.521006506948765,17,2.0,-11379
52.524978061127484,5,4.0,0
52.52543813028001,5,2.0,0
52.52553397412635,5,2.0,0
52.52950490550628,6,4.0,8174
52.530338581834165,4,54.0,8176
52.53116843655923,17,1.0,-10108
52.53385593244358,5,1.0,0
52.53545779521925,11,2.0,7972
52.53809627837537,5,3.0,0
52.540278192767246,17,1.0,-10583
52.5429888071902,5,1.0,0
52.543084189580966,4,23.0,8177
52.55214935129258,10,2.0,8151
52.55403941481775,7,5.0,8020
52.56248836590234,10,4.0,8168
52.56947690070245,5,8.0,0
52.57032535864304,5,10.0,0
52.570900012875455,1,10.0,8178
52.57181993076233,6,10.0,8136
52.5729660115644,1,1.0,8179
52.57306346309191,15,38.0,-12516
52.57706829949534,11,6.0,8005
52.57763855499739,3,6.0,8180
52.58085127901872,6,2.0,8129
52.58110633530986,10,54.0,8176
52.58193062401074,5,1.0,0
52.58197457358105,6,8.0,8164
52.587970921301064,7,6.0,8063
52.58872657124356,4,2.0,8181
52.59188216625943,5,1.0,0
52.594910558869074,1,3.0,8182
52.59791918527116,13,1.0,-12552
52.59849589555362,7,2.0,8028
52.600442623480134,14,2.0,-12555
52.608188207491466,6,2.0,8125
52.608395449151466,11,1.0,7958
52.61591271120823,15,4.0,-12518
52.616743114358165,10,6.0,8149
52.61823303070287,4,5.0,8183
52.6189015295388,7,32.0,7974
52.62229014249005,6,7.0,8115
52.62685064119954,17,6.0,-6851
52.6274054155437,1,1.0,8184
52.628991424411595,5,1.0,0
52.630129177602214,6,7.0,8096
52.630603999973935,7,8.0,8106
52.63207388572579,5,3.0,0
52.63462395861254,6,2.0,8156
52.63620446413354,5,8.0,0
52.636700668270294,1,11.0,8185
52.638704321528664,1,5.0,8186
52.64077377513962,10,4.0,7988
52.64377680191416,10,36.0,8006
52.6443730376736,17,3.0,-11126
52.65090392230647,5,1.0,0
52.65096115171583,6,5.0,8186
52.653068195910244,15,2.0,-12525
52.66048437682738,5,2.0,0
52.66078148864917,15,2.0,-12509
52.66104676895149,11,59.0,7969
52.66878844979662,1,2.0,8187
52.67221237773901,17,2.0,-11827
52.673957457784155,4,3.0,8188
52.68219489051442,5,2.0,0
52.68482318307907,1,1.0,8189
52.69335573227661,13,1.0,-12553
52.69375377008716,7,3.0,7998
52.696419284353006,4,1.0,8190
52.697524731179335,6,16.0,8124
52.700935355740896,17,20.0,-11426
52.707915947423956,6,4.0,8065
52.70911380769027,10,6.0,8140
52.72690379265046,17,19.0,-3731
52.730289230090555,15,1.0,-12520
52.730289230090555,17,1.0,-12520
52.735294981217955,6,1.0,8076
52.737012496691804,11,10.0,8069
52.74047501857866,6,5.0,8162
52.74354138619453,4,54.0,8191
52.747336549527766,5,2.0,0
52.75320840116521,5,1.0,0
52.76373124349088,17,49.0,-10034
52.76663383746335,15,7.0,-12512
52.766939936613454,5,4.0,0
52.76703031636037,10,13.0,8027
52.76825290001949,1,3.0,8192
52.7734417823577,12,4.0,7988
52.77819423380541,6,2.0,8102
52.785994417740135,11,1.0,7950
52.78745737669607,5,1.0,0
52.78828435838307,3,6.0,8193
52.791668040649206,14,2.0,-12560
52.79364368662355,11,6.0,8043
52.798747218868535,7,6.0,8004
52.80695600242406,1,6.0,8194
52.80718324915282,17,10.0,-5761
52.80889985386614,17,2.0,-9169
52.81159791458003,3,6.0,8195
52.81198484574979,1,5.0,8196
52.8157443840787,5,4.0,0
52.815948703167656,6,3.0,8135
52.81755785278745,17,1.0,-8310
52.82327058614947,5,5.0,0
52.83322389426037,7,13.0,8056
52.83504564590298,1,4.0,8197
52.83617964652268,3,39.0,8198
52.83877156782936,10,36.0,8158
52.84049563176158,13,19.0,-12564
52.84460356461983,1,8.0,8199
52.848235251421535,17,2.0,-12088
52.85060330854906,11,34.0,8091
52.85072638769654,1,4.0,8200
52.85504684724993,17,1.0,-2745
52.857640969371765,1,9.0,8201
52.86332785603524,11,59.0,7929
52.86389824430319,10,10.0,8132
52.86667599748316,17,2.0,-11486
52.86827053401239,1,1.0,8202
52.871716247623,5,7.0,0
52.879654508498355,5,2.0,0
52.879770234295535,5,9.0,0
52.88283537078822,1,2.0,8203
52.88672390778631,5,1.0,0
52.89003974412917,11,53.0,8060
52.89180994755047,3,23.0,8204
52.894089603063854,5,1.0,0
52.89452781295544,17,3.0,-11302
52.89636307600418,7,3.0,7975
52.89810531388315,6,9.0,8201
52.906792067066725,5,7.0,0
52.90953839282499,5,4.0,0
52.9102042706819,5,1.0,0
52.91140596521495,3,1.0,8205
52.911575612375145,5,8.0,0
52.9176983464954,1,7.0,8206
52.91876347200999,14,4.0,-12561
52.920765106596285,1,10.0,8207
52.923198113554704,3,47.0,8208
52.92438430993319,6,3.0,8165
52.93016121548153,1,1.0,8209
52.937813974053725,10,6.0,8180
52.93901011590694,7,1.0,8067
52.94245627220197,10,23.0,8177
52.94779271445125,10,57.0,8095
52.956369931609345,6,3.0,8105
52.95736109788953,1,1.0,8210
52.95791996672283,6,1.0,8209
52.96259422242015,5,1.0,0
52.97150257808937,113,43.0,-12550
52.9814956004739,6,1.0,8179
52.98237242696497,10,11.0,8154
52.9845314370613,1,8.0,8211
52.98833102226497,17,2.0,-7694
52.99081644190829,11,7.0,8012
52.991858962726916,17,3.0,-11154
52.99308799877473,13,6.0,-12548
52.99410488561861,1,1.0,8212
52.99638102285766,6,16.0,8100
52.99901730027044,17,1.0,-7510
53.01065202621998,1,2.0,8213
53.010770913131864,5,5.0,0
53.01475872426212,11,42.0,8032
53.016729405603975,5,1.0,0
53.02266086256352,5,1.0,0
53.025812902183205,13,1.0,-12581
53.02779750946793,16,4.0,6729
53.02981141115341,14,4.0,-12570
53.029832210152215,6,4.0,8197
53.03680434794805,6,2.0,8116
53.03750100283711,5,1.0,0
53.04417091177286,3,7.0,8214
53.05917052920755,13,2.0,-12571
53.0637754431688,6,8.0,8048
53.06951182202501,5,6.0,0
53.070225719150784,1,10.0,8215
53.07202979019899,6,3.0,8175
53.074528725535636,1,5.0,8216
53.07739991271744,11,53.0,8026
53.080573294373,5,7.0,0
53.08058552400231,1,3.0,8217
53.0852527175372,1,5.0,8218
53.08668765094916,17,1.0,-10757
53.088197303946004,10,6.0,8166
53.089885348042834,5,1.0,0
53.1011749783862,7,3.0,8071
53.104250758320326,3,10.0,8219
53.10730170676533,5,1.0,0
53.10836044306556,1,8.0,8220
53.10895924020345,6,1.0,8212
53.1156891302794,15,2.0,-12545
53.118371799933335,14,2.0,-12569
53.118931596761385,1,12.0,8221
53.12101566056603,13,3.0,-12582
53.12998429155506,4,2.0,8222
53.132243151497846,5,1.0,0
53.13376634841029,3,13.0,8223
53.13576398394011,6,5.0,7984
53.13762080147661,4,3.0,8224
53.14388955432954,1,9.0,8225
53.14674392291407,10,1.0,8205
53.150290696442546,6,5.0,8103
53.15257247703565,4,11.0,8226
53.153630347702936,11,3.0,8079
53.15443419215933,17,2.0,-11705
53.15767190554581,3,55.0,8227
53.16375492385746,5,1.0,0
53.16474099453612,17,1.0,-11476
53.16819298053162,6,7.0,8127
53.168827073094846,10,29.0,8150
53.17089261050433,11,4.0,8013
53.17310148749423,7,5.0,8086
53.17620044705255,7,2.0,8035
53.17639729960627,4,24.0,8228
53.1817023023831,11,54.0,8176
53.18576112022826,6,2.0,8078
53.19167934568472,5,3.0,0
53.19256848704194,7,10.0,8075
53.195106607147444,1,9.0,8229
53.20263208879765,5,2.0,0
53.20682299754768,10,13.0,8223
53.21085847599405,4,15.0,8230
53.210985699154044,7,4.0,7942
53.216107449335084,14,1.0,-12567
53.22172059221006,5,1.0,0
53.222072234063084,1,1.0,8231
53.22372103413752,6,2.0,8160
53.2253784921013,14,3.0,-12575
53.225826238030606,7,1.0,8034
53.22654974643815,1,8.0,8232
53.234829172257676,17,5.0,-9619
53.23749990161332,1,2.0,8233
53.24080196961855,5,3.0,0
53.24266651601101,1,1.0,8234
53.24654742110644,6,1.0,8172
53.24762666539317,13,6.0,-12566
53.24800402375928,6,1.0,8210
53.248012910371976,7,2.0,8129
53.25100674832529,7,2.0,8099
53.25583160997871,1,6.0,8235
53.25729987801891,11,59.0,8055
53.263913611651105,3,2.0,8236
53.26712217033369,7,2.0,8007
53.26865109083141,11,38.0,8081
53.270670259210114,10,2.0,8093
53.27086621134701,10,11.0,8226
53.27284201653824,13,1.0,-12576
53.27686564408027,7,4.0,8065
53.27709212352484,5,3.0,0
53.27723374747575,5,1.0,0
53.28017645686224,5,40.0,0
53.282264791169716,10,2.0,8222
53.284030207339335,6,3.0,8182
53.284834029482624,6,8.0,8199
53.28624705726224,15,3.0,-12535
53.29063544135745,1,4.0,8237
53.29628978623523,6,1.0,8202
53.299670180393214,5,8.0,0
53.305107430695614,17,2.0,-12045
53.31172097958052,17,6.0,-11736
53.31206270026972,10,52.0,8126
53.31527326928071,3,42.0,8238
53.31726263704702,1,1.0,8239
53.32093437583334,5,4.0,0
53.324812014029256,7,8.0,8164
53.3262451461165,11,12.0,8000
53.32702127204531,12,50.0,8083
53.338516676641284,7,4.0,8045
53.34039069172456,6,12.0,8221
53.34083958918724,4,59.0,8240
53.3408534710423,10,42.0,8107
53.34328596635802,6,33.0,8157
53.346121940745746,13,2.0,-12568
53.349312682380706,9,50.0,8083
53.35272677848846,4,3.0,8241
53.35274301812175,3,56.0,8242
53.35499987295377,10,2.0,8181
53.355882272264644,12,7.0,8123
53.35894859527487,5,5.0,0
53.35961620433548,6,10.0,8207
53.37236893245946,5,3.0,0
53.372647521805185,7,13.0,8068
53.37757337082265,15,1.0,-12541
53.383162350538164,1,3.0,8243
53.38344010189944,11,4.0,8033
53.39029410976257,6,8.0,8050
53.39260097137573,17,2.0,-11887
53.394524233808,3,3.0,8244
53.39603422088028,7,2.0,8029
53.39714513166216,11,4.0,8168
53.39870652574113,17,3.0,-11690
53.40224539349635,6,8.0,8232
53.405376415786066,5,3.0,0
53.41305644055208,17,1.0,-11173
53.41450045664217,17,1.0,-12145
53.41849134420559,3,56.0,8245
53.41891705627475,6,6.0,8194
53.420179697771985,13,1.0,-12579
53.42331207134461,17,1.0,-12243
53.42495671204638,15,1.0,-12540
53.42513693340356,1,9.0,8246
53.4280906659707,4,3.0,8247
53.42991136031482,15,3.0,-12538
53.43085018073919,1,5.0,8248
53.433924607415,5,5.0,0
53.43663025535662,5,1.0,0
53.439071961418705,9,15.0,8070
53.440191043788396,5,1.0,0
53.44729939357399,6,2.0,8213
53.44979923772937,11,57.0,7999
53.45018254747395,5,1.0,0
53.456554162533095,5,6.0,0
53.457840537979806,16,4.0,4178
53.45876020483225,15,1.0,-12544
53.46591216885395,11,6.0,8039
53.47085078803304,5,2.0,0
53.475610837483316,17,4.0,-7320
53.48211188176688,17,6.0,-12523
53.48340923095593,7,2.0,7946
53.48468708944831,7,3.0,8175
53.484736948530696,16,1.0,3676
53.49228656759759,17,1.0,-12287
53.497456904534246,10,42.0,8238
53.50059247890163,5,4.0,0
53.50107212030989,5,3.0,0
53.50153451052529,10,3.0,8188
53.50617424884041,5,1.0,0
53.50903446266658,7,8.0,8021
53.50903446266658,16,8.0,8021
53.51078459684551,7,3.0,8016
53.512176370595796,6,2.0,8082
53.51548519245881,1,7.0,8249
53.516264983252654,17,4.0,-12304
53.51785511343277,15,1.0,-12536
53.51819803623834,15,2.0,-12539
53.52188637848791,9,32.0,8042
53.522128937261165,6,8.0,8211
53.52375171214606,5,10.0,0
53.52399618442176,1,3.0,8250
53.52873140726169,1,4.0,8251
53.52981536655291,4,11.0,8252
53.5313191724453,15,8.0,-12546
53.53867018628308,6,4.0,8200
53.5406306301987,5,4.0,0
53.544500027745514,5,4.0,0
53.54465124237384,5,6.0,0
53.54959981491513,17,19.0,-10735
53.55138143246529,4,3.0,8253
53.552754436568435,5,1.0,0
53.55941038405852,5,6.0,0
53.55966893714402,4,3.0,8254
53.562390635528274,11,6.0,8114
53.56879265712468,1,4.0,8255
53.57210736214159,5,2.0,0
53.57360040590244,11,4.0,8142
53.57433382880174,5,5.0,0
53.58014764428646,17,2.0,-11078
53.58408660681817,11,6.0,7947
53.590407676979744,10,3.0,8253
53.590479654563616,1,5.0,8256
53.591913458909936,14,1.0,-12578
53.596259320784355,14,5.0,-12572
53.59659981459749,6,5.0,8248
53.59796569868779,5,6.0,0
53.60237806470356,3,11.0,8257
53.60702681123943,14,1.0,-12577
53.60771335928281,11,57.0,8061
53.610767622009746,10,56.0,8245
53.614242708437295,4,33.0,8258
53.61650831976238,4,4.0,8259
53.62093230567908,6,7.0,8089
53.62206086043564,15,2.0,-12528
53.62337061392584,1,29.0,8260
53.62389147435648,17,1.0,-12263
53.63039339833739,15,2.0,-12543
53.63167352003965,1,7.0,8261
53.63194538363231,5,6.0,0
53.63222581981419,7,5.0,8031
53.632419396451084,17,3.0,-10383
53.63954509235962,15,57.0,-12531
53.64160361970605,6,1.0,8144
53.64219439861849,15,4.0,-12532
53.642687443866215,16,27.0,7875
53.64949525726526,11,13.0,8130
53.651984120780554,10,37.0,8141
53.652239801936005,15,1.0,-12529
53.65664843855312,6,1.0,8113
53.65714063528157,7,4.0,8174
53.66499099997161,5,3.0,0
53.66620829268279,1,9.0,8262
53.66778670178456,6,1.0,8184
53.67181553509057,5,9.0,0
53.67551748353698,10,33.0,8171
53.67735174306001,17,2.0,-11695
53.68038057494577,6,1.0,8131
53.68120133070925,10,1.0,8163
53.68381623276088,6,9.0,8229
53.68416272596932,10,4.0,8167
53.68797846514371,1,5.0,8263
53.68806026431977,17,3.0,-12387
53.69264639278561,14,1.0,-12573
53.69385675832806,5,3.0,0
53.69498383081377,4,6.0,8264
53.698908949673,1,3.0,8265
53.69966699763644,6,1.0,8239
53.71195034980381,5,5.0,0
53.71263211432529,4,32.0,8266
53.71324857304839,6,6.0,8087
53.717600142326425,6,21.0,8170
53.72033524166257,1,1.0,8267
53.722862686057,5,1.0,0
53.723275787477284,1,16.0,8268
53.726098787407025,11,7.0,8117
53.72771951558209,6,3.0,8133
53.729609909354195,1,10.0,8269
53.73172033665964,4,45.0,8270
53.73211616993242,10,41.0,8155
53.73581217515841,5,4.0,0
53.73781115881887,3,49.0,8271
53.738276322792984,1,7.0,8272
53.73847425985951,5,11.0,0
53.74202151311709,16,29.0,4471
53.748115124869166,15,4.0,-12537
53.748148105083246,1,9.0,8273
53.74945942852979,13,1.0,-12580
53.750517048793434,5,1.0,0
53.75308718758241,4,4.0,8274
53.75574707456424,11,36.0,8006
53.75603358099413,5,3.0,0
53.756139220332024,5,3.0,0
53.757245823952616,6,4.0,8237
53.75818546895386,1,3.0,8275
53.76610398848581,17,5.0,-7433
53.77381527728435,15,1.0,-12534
53.77603471929462,13,1.0,-12565
53.77927252335223,7,3.0,7990
53.780665285270025,1,2.0,8276
53.78135463317104,11,6.0,8180
53.789171131822165,5,4.0,0
53.79296232109668,5,4.0,0
53.79299973158019,17,1.0,-11697
53.79358321736691,6,7.0,8272
53.79399672030944,5,1.0,0
53.795772733299124,7,29.0,8104
53.79596763426896,17,1.0,-10577
53.80131322696724,17,1.0,-1342
53.80333383514234,17,4.0,-8875
53.805074730316214,1,2.0,8277
53.80519380451776,6,3.0,8192
53.805889633995214,5,1.0,0
53.80943864799617,3,1.0,8278
53.81132473530772,5,1.0,0
53.81508505277812,7,4.0,8197
53.817602233867056,17,2.0,-6151
53.821667112610065,4,11.0,8279
53.822401875930446,3,15.0,8280
53.82315635756132,10,7.0,8214
53.823927628994674,5,4.0,0
53.8274215651694,7,2.0,7986
53.830510552870024,16,55.0,3086
53.832687422392944,5,4.0,0
53.836036312967515,17,14.0,-11989
53.83909746103765,17,1.0,-9340
53.8399500691779,17,1.0,-11473
53.841892345594864,5,2.0,0
53.842612840195805,15,1.0,-12533
53.842936340336415,4,6.0,8281
53.84325403106022,5,1.0,0
53.84447267472135,1,1.0,8282
53.853812803404026,5,4.0,0
53.857224395117676,17,11.0,-11946
53.858150644399856,5,2.0,0
53.859324480743666,5,2.0,0
53.86117429741275,6,2.0,8233
53.864938153601116,17,7.0,-2022
53.87245033479721,5,4.0,0
53.87872766320814,10,2.0,8236
53.8792513520894,5,2.0,0
53.88115624987688,3,6.0,8283
53.88854642093007,5,13.0,0
53.89051341948393,7,4.0,8062
53.89224281475662,17,1.0,-12438
53.897473249282754,6,3.0,8265
53.898124335000354,5,2.0,0
53.90154890390954,6,5.0,8218
53.9062712840675,5,2.0,0
53.90876246176312,10,11.0,8257
53.90898714364602,10,1.0,8074
53.91346679420155,5,3.0,0
53.91692131946361,17,3.0,-10864
53.91855023219463,1,8.0,8284
53.92140693593433,11,33.0,8153
53.92386810950992,16,1.0,6373
53.92556571338186,7,5.0,8066
53.92607123731807,4,49.0,8285
53.92695291655671,11,49.0,8010
53.927022034853145,11,53.0,8084
53.9287752440899,17,3.0,-12167
53.93215370076569,4,7.0,8286
53.93404573911988,4,11.0,8287
53.937245265276076,12,1.0,8121
53.938609361040115,5,4.0,0
53.94470829459274,7,1.0,8059
53.94492956648061,17,1.0,-12253
53.94605451377928,5,2.0,0
53.94636632623974,5,6.0,0
53.95176060075733,17,3.0,-12275
53.95321026435409,5,4.0,0
53.95717738288984,5,4.0,0
53.96500633661625,4,4.0,8288
53.96647346609959,6,9.0,8273
53.968791456201124,3,3.0,8289
53.97297785586737,5,4.0,0
53.976398882739645,1,7.0,8290
53.97648219419382,17,8.0,-11348
53.98033374170342,5,4.0,0
53.9805238082507,16,22.0,7756
53.987166208805114,15,6.0,-12542
53.987208555634915,5,3.0,0
53.98920897519305,6,9.0,8225
53.98978291384571,13,1.0,-12574
53.98989704091131,15,2.0,-12530
53.99294781270189,4,2.0,8291
53.993422662116835,1,23.0,8292
53.99344317322328,17,3.0,-12202
53.99689399818487,1,16.0,8293
53.99875791185392,7,16.0,8124
53.99875791185392,16,16.0,8124
53.99936707527499,7,7.0,7971
54.00524855742112,7,1.0,8212
54.00712372759526,14,4.0,-12594
54.00747263633452,4,4.0,8294
54.007759409440226,14,4.0,-12583
54.00793868298359,2,7.0,8295
54.00822628453532,5,7.0,0
54.00910849757355,17,1.0,-12251
54.011168688733,14,8.0,-12587
54.01527325908133,5,4.0,0
54.02553807754921,11,15.0,8009
54.025593175531355,10,49.0,8285
54.026218711583645,1,1.0,8296
54.02675783228798,10,15.0,8230
54.027088748961404,1,3.0,8297
54.02737071536258,7,1.0,8088
54.02809874548287,6,5.0,8196
54.0320242584928,7,4.0,8036
54.032350659605186,4,8.0,8298
54.032677279961185,5,5.0,0
54.04042907033325,17,1.0,-1410
54.04143811074868,10,3.0,8289
54.05071327393844,17,2.0,-11655
54.05169570439726,17,2.0,-9628
54.05324937497492,1,5.0,8299
54.05860987794115,10,4.0,8294
54.06172378860001,3,44.0,8300
54.06308003723799,6,1.0,8101
54.065893335719075,13,2.0,-12595
54.06925621444387,7,33.0,8011
54.06997212694539,7,16.0,8100
54.070166828393006,17,3.0,-11406
54.07234833083693,4,46.0,8301
54.074940365208846,16,1.0,1416
54.07787745492449,17,1.0,-11891
54.078187417349405,7,1.0,8179
54.08367912644296,11,11.0,8159
54.08500373311348,13,1.0,-12591
54.088587364437934,16,3.0,3063
54.09157075459548,1,1.0,8302
54.09382442634996,5,3.0,0
54.09514539352801,4,2.0,8303
54.10012821094534,6,5.0,8299
54.10054675965913,11,28.0,8146
54.10293296319384,16,1.0,7740
54.10400115046643,1,5.0,8304
54.107220910055446,13,1.0,-12597
54.10896550455994,1,1.0,8305
54.11311145123265,4,60.0,8306
54.11394713950676,10,32.0,8266
54.11576483310392,17,1.0,-12042
54.120015213419514,17,2.0,-11148
54.12208086028707,4,10.0,8307
54.12986413784703,6,1.0,8305
54.130186079799714,5,4.0,0
54.13524537202556,6,1.0,8282
54.13595392132485,6,7.0,8206
54.138525840416,6,5.0,8263
54.140161093584496,17,1.0,-10562
54.14767449204251,17,3.0,-11079
54.15078417377436,15,1.0,-12556
54.154678846368625,10,4.0,8259
54.157513874135006,14,4.0,-12585
54.158056438571876,7,7.0,8096
54.16010994284844,1,3.0,8308
54.160177842521044,1,6.0,8309
54.162900406782065,5,3.0,0
54.16589768467467,5,2.0,0
54.166722288230496,15,1.0,-12562
54.16726817897654,1,2.0,8310
54.168039408465766,14,3.0,-12599
54.173895775070285,17,2.0,-10737
54.17843296085566,10,2.0,8291
54.17952896677308,10,5.0,8183
54.18401409576264,10,11.0,8279
54.18487002077231,17,2.0,-11985
54.189560215619466,11,1.0,8025
54.19654983882883,6,10.0,8178
54.2027092731239,10,2.0,8173
54.20294496494103,6,5.0,8304
54.20566236632864,13,16.0,-12588
54.20739555684674,15,3.0,-12547
54.20744993573179,6,4.0,8255
54.208703929048816,10,60.0,8306
54.20907168815834,1,7.0,8311
54.20999001377028,7,6.0,8118
54.22191220767457,17,11.0,-12250
54.22349645860743,11,6.0,8024
54.22460437058662,16,1.0,5930
54.22461751807354,17,31.0,-10413
54.22483499045827,15,2.0,-12558
54.22572455731513,7,2.0,8160
54.22985480787284,3,57.0,8312
54.23124582037163,10,4.0,8288
54.23529117287037,17,42.0,-10935
54.23579480361655,1,6.0,8313
54.23742184332707,6,2.0,8310
54.23748445760345,1,5.0,8314
54.237769619971395,1,1.0,8315
54.240739758079414,3,1.0,8316
54.24256061928112,4,3.0,8317
54.244494297715804,17,1.0,-12342
54.24714851192133,15,6.0,-12548
54.24757828490008,6,3.0,8308
54.2510519787051,3,47.0,8318
54.2544407669767,5,2.0,0
54.25650291223704,3,10.0,8319
54.257093524738906,9,16.0,8057
54.25865597351145,3,57.0,8320
54.26150026381402,14,5.0,-12598
54.264251013596684,6,3.0,8275
54.266535511361,6,11.0,8185
54.266560486446764,10,8.0,8298
54.26857694396249,6,29.0,8260
54.26924980675579,17,3.0,-12296
54.27111894430421,7,9.0,8201
54.271140589101044,11,10.0,8030
54.274246173267,11,11.0,8154
54.27614547788709,4,6.0,8321
54.27653249462181,9,1.0,8121
54.282062558277055,11,13.0,8027
54.28435944561394,4,56.0,8322
54.28447196395954,7,33.0,8157
54.28905190901557,10,1.0,8097
54.29311351043875,10,6.0,8281
54.296425660372655,7,5.0,8186
54.30669940392944,10,10.0,8152
54.310624485173975,11,34.0,8138
54.3126117134908,17,2.0,-12325
54.31434554206757,17,1.0,-12179
54.31709829795804,10,10.0,8307
54.3171764017914,11,17.0,8038
54.31884683438824,16,5.0,7580
54.31927819086741,6,2.0,8276
54.327827668552366,11,30.0,8072
54.32994522641131,4,7.0,8323
54.330179513449416,7,3.0,8169
54.332546192196666,7,6.0,8087
54.33332955606829,10,44.0,8300
54.333344602200796,6,1.0,8315
54.33626444906027,1,2.0,8324
54.33807626624674,10,59.0,8240
54.341896883592085,1,2.0,8325
54.343877873313836,1,2.0,8326
54.344164943483975,17,6.0,-12074
54.34421296012209,1,1.0,8327
54.344615498043204,7,4.0,8109
54.345262694926674,4,6.0,8328
54.345708303312584,4,43.0,8329
54.34867480304969,4,2.0,8330
54.352924510708135,6,2.0,8094
54.35294923680335,10,3.0,8317
54.35412423128572,5,3.0,0
54.354386857838804,5,4.0,0
54.360172180689155,6,3.0,8250
54.361722921787816,5,3.0,0
54.37059696241027,13,12.0,-12589
54.37207116290167,15,3.0,-12563
54.376704731150674,5,1.0,0
54.37674025250074,17,1.0,-12228
54.3785555564535,5,2.0,0
54.38532822961997,4,12.0,8331
54.38933207936413,5,4.0,0
54.38978499620532,1,2.0,8332
54.39961849487339,6,4.0,8251
54.40790096586069,3,25.0,8333
54.411025695803765,10,3.0,8224
54.412788480683986,6,10.0,8215
54.41573217381795,4,14.0,8334
54.417081111879924,1,58.0,8335
54.41861133626463,6,1.0,8231
54.41870366036015,10,4.0,8111
54.420480397489946,1,9.0,8336
54.42090842484616,6,2.0,8332
54.42359771956644,10,11.0,8287
54.42548519883067,1,8.0,8337
54.42592520719083,17,2.0,-10372
54.42641309171545,1,5.0,8338
54.429262629153705,7,2.0,8125
54.43808770845181,6,2.0,8203
54.44045258446616,1,9.0,8339
54.442419480283775,17,1.0,-12353
54.446208497872256,1,48.0,8340
54.4481659215215,5,2.0,0
54.449682834643276,7,2.0,8078
54.45540303774646,17,4.0,-12454
54.45875542917857,4,5.0,8341
54.46029561988415,10,54.0,8191
54.460908044662425,7,2.0,8102
54.465298206828486,3,16.0,8342
54.46849919006963,4,47.0,8343
54.47211882372953,13,1.0,-12584
54.473967149380684,5,3.0,0
54.47658955666712,1,2.0,8344
54.47758411852515,1,2.0,8345
54.47801656945973,6,5.0,8256
54.491829855060594,4,1.0,8346
54.493250552574004,3,19.0,8347
54.49371945184497,10,45.0,8270
54.49569499838144,7,7.0,8115
54.49624106608061,17,3.0,-12191
54.49835589867,10,14.0,8334
54.501954839737266,4,5.0,8348
54.5037695856181,1,2.0,8349
54.50400454284365,7,10.0,8139
54.50733178937418,6,1.0,8189
54.50793477587614,14,1.0,-12593
54.51282323930474,1,5.0,8350
54.51775360676462,7,1.0,8076
54.52650431545636,15,1.0,-12559
54.52673269511307,15,2.0,-12555
54.526907968383846,17,1.0,-12288
54.53686947041711,17,2.0,-11422
54.537994640376354,10,7.0,8286
54.53982363361459,3,60.0,8351
54.539923976173974,5,3.0,0
54.54021987783084,8,1.0,8172
54.541179557032024,16,2.0,7336
54.54487778481676,1,2.0,8352
54.5491808791992,11,2.0,8181
54.55286977576431,5,2.0,0
54.55688458858592,5,3.0,0
54.55759184425155,15,1.0,-12552
54.55857366942915,17,1.0,-11281
54.55983652469948,4,5.0,8353
54.56141128226328,5,1.0,0
54.56699596501648,9,7.0,8123
54.56789196260694,5,3.0,0
54.56793712164802,1,1.0,8354
54.5699502753874,10,5.0,8353
54.5705643850569,17,2.0,-12014
54.57165768919191,11,10.0,8108
54.5722859405704,10,57.0,8312
54.57289905653494,1,2.0,8355
54.57312803830504,3,5.0,8356
54.57425751033288,6,5.0,8350
54.57685360638369,17,1.0,-11380
54.578049295061604,16,13.0,7794
54.578820841535276,11,56.0,8044
54.590016800302934,10,6.0,8321
54.59714224469127,7,3.0,8165
54.59840740099303,17,10.0,-12154
54.59955721315507,11,5.0,7996
54.6015162985179,17,2.0,-11164
54.60548901287678,5,2.0,0
54.605998254269856,7,1.0,8184
54.608491385505076,17,1.0,-10710
54.61100742300904,10,15.0,8280
54.611372247649406,10,3.0,8241
54.6154212729867,11,7.0,8120
54.617694076607705,5,1.0,0
54.626870494848305,1,2.0,8357
54.62793887947098,3,46.0,8358
54.63081242680469,15,2.0,-12560
54.63376715719909,5,1.0,0
54.63547139695312,10,39.0,8198
54.640064250793,17,1.0,-12093
54.64040665916698,1,2.0,8359
54.64330332134235,13,2.0,-12600
54.64740860585737,10,56.0,8242
54.65490974033406,10,5.0,8348
54.655956938656466,10,12.0,8331
54.65619821092503,6,6.0,8235
54.65627411489577,5,3.0,0
54.65729755081552,11,29.0,8150
54.65737541807699,1,3.0,8360
54.66247710237378,1,3.0,8361
54.66600619935048,17,1.0,-10270
54.666358765796346,1,4.0,8362
54.66648154060076,7,10.0,8207
54.669977483691525,13,4.0,-12596
54.67448467303114,5,3.0,0
54.67786705473594,11,3.0,8145
54.67816262757539,4,3.0,8363
54.67816394966979,1,11.0,8364
54.68265058231661,6,23.0,8292
54.68710338247206,4,4.0,8365
54.68744468924379,17,4.0,-9428
54.69015304492305,3,30.0,8366
54.691278123933266,8,5.0,8263
54.691472650198136,15,1.0,-12549
54.69459994778745,17,2.0,-11618
54.69665060977459,10,2.0,8330
54.69702653891273,5,5.0,0
54.7014756228324,5,2.0,0
54.70436036840322,17,1.0,-11825
54.70470851951364,3,44.0,8367
54.71091006688454,1,1.0,8368
54.713043710546714,5,2.0,0
54.72569507952608,5,5.0,0
54.72835215476464,5,16.0,0
54.728497508748056,15,19.0,-12564
54.73163908679967,1,4.0,8369
54.73295529445168,10,46.0,8358
54.73987567654656,17,1.0,-12279
54.7423766891619,10,23.0,8204
54.742431914717116,16,13.0,3242
54.742948717736304,1,8.0,8370
54.74661336223069,11,9.0,8122
54.74818680461851,11,3.0,8080
54.74849500746728,5,1.0,0
54.74866155976874,1,3.0,8371
54.74979749060955,10,7.0,8323
54.75084685662297,3,39.0,8372
54.75199432433203,13,6.0,-12592
54.754423154403995,6,58.0,8335
54.75468835812868,1,10.0,8373
54.754829242309995,5,7.0,0
54.756634768256916,5,7.0,0
54.7583142699209,17,1.0,-11510
54.761079210632325,10,11.0,8252
54.762301138157795,17,1.0,-10825
54.770733608465775,6,2.0,8277
54.7747319817456,1,6.0,8374
54.77685410939283,7,3.0,8135
54.77727797595755,17,3.0,-10660
54.78095869713273,14,4.0,-12590
54.78336769203538,6,7.0,8249
54.78848595003588,11,37.0,8141
54.79062687204542,6,2.0,8092
54.79130674289374,5,1.0,0
54.79264466703829,10,15.0,8134
54.79356376555734,17,1.0,-11941
54.7945070400576,12,52.0,8052
54.79622146854177,6,3.0,8371
54.80751222834,10,10.0,8219
54.808259004218364,15,1.0,-12553
54.815329394147504,1,1.0,8375
54.817130759242595,6,4.0,8369
54.82599539198207,3,6.0,8376
54.82990130140115,6,7.0,8311
54.83724233880539,11,36.0,8158
54.83911950948712,10,5.0,8341
54.84420629176958,17,4.0,-11506
54.844453015562905,10,46.0,8301
54.85368168491056,5,3.0,0
54.85582542968401,15,12.0,-12557
54.860384626658224,11,3.0,8077
54.86068485959418,6,3.0,8217
54.86504924815476,15,4.0,-12561
54.866664736045216,14,3.0,-12586
54.871871242622774,17,1.0,-12054
54.87536467018012,15,3.0,-12554
54.877378123440124,6,6.0,8313
54.87800856430416,17,1.0,-9819
54.879105695079666,7,8.0,8199
54.88158132144462,5,1.0,0
54.88289784069541,5,1.0,0
54.885127426132954,6,1.0,8302
54.88791620604279,17,1.0,-8995
54.88870317694249,6,9.0,8336
54.889914605005565,11,10.0,8132
54.8952534920932,17,7.0,-12143
54.89978822453029,7,12.0,8221
54.90032830719953,11,11.0,8257
54.90103065210481,5,2.0,0
54.902403985419774,17,1.0,-11897
54.913003847513174,1,1.0,8377
54.915818305614806,11,1.0,8074
54.91596452080253,5,2.0,0
54.916048409492646,10,4.0,8053
54.92242462481283,10,49.0,8271
54.92984935790473,7,3.0,8105
54.93138143658968,3,46.0,8378
54.934526478437064,17,55.0,-12011
54.94194513827162,3,19.0,8379
54.94350086537491,10,44.0,8367
54.94479809824722,1,3.0,8380
54.94595553974439,5,2.0,0
54.94757447870342,10,47.0,8343
54.951352787967735,4,9.0,8381
54.96017774123408,11,23.0,8177
54.963498861184554,7,3.0,8275
54.96375987745837,11,11.0,8147
54.9722475440899,1,10.0,8382
54.97274585136617,11,5.0,8143
54.97397825892288,8,1.0,8231
54.97770544535106,10,10.0,8319
54.9781089232212,5,4.0,0
54.97833902324031,17,1.0,-11530
54.98512392620728,11,6.0,8140
54.9861644326743,4,2.0,8383
54.99071530569734,10,6.0,8328
54.992773835313066,10,57.0,8320
54.99675586403232,6,2.0,8359
54.99698398001269,5,7.0,0
54.998146409714735,6,2.0,8352
54.99912639686852,6,5.0,8338
54.99915887260395,10,56.0,8322
55.003416675815394,11,4.0,8259
55.00752324367053,1,7.0,8384
55.008252309078586,1,38.0,8385
55.00916324996099,6,1.0,8296
55.020524921571436,1,2.0,8386
55.022375691758455,3,8.0,8387
55.0249532245384,1,5.0,8388
55.02649814279991,10,6.0,8195
55.0271967869135,6,16.0,8268
55.02841150275304,10,3.0,8247
55.028553389632954,7,8.0,8085
55.028569891423416,4,14.0,8389
55.02913826928984,5,2.0,0
55.0320242584928,16,4.0,8036
55.03269003854444,4,2.0,8390
55.032997952561274,9,4.0,7988
55.03354459874606,7,5.0,8162
55.039097347238084,11,6.0,8149
55.039102790946124,4,4.0,8391
55.041799618210334,5,2.0,0
55.04431477282446,10,33.0,8258
55.04456721274654,11,12.0,8098
55.04535975613482,3,40.0,8392
55.04557197910984,15,1.0,-12573
55.04848414868057,6,1.0,8267
55.05268721336069,17,3.0,-7033
55.05470646858718,1,3.0,8393
55.05553371964119,10,30.0,8366
55.057687113435215,6,3.0,8380
55.05911662794695,7,3.0,8192
55.059517641623664,5,4.0,0
55.06633971304803,4,25.0,8394
55.0685724398502,17,1.0,-4631
55.071654794470675,14,20.0,-12607
55.07230684870801,7,7.0,8089
55.07450253754806,5,4.0,0
55.076813295009636,6,1.0,8234
55.07789228158195,5,2.0,0
55.0790528077114,6,7.0,8290
55.08414355201039,5,2.0,0
55.08763869241723,6,16.0,8293
55.08917913834741,1,1.0,8395
55.09180110225013,4,7.0,8396
55.099852370879276,7,3.0,8128
55.101357745287544,5,4.0,0
55.10269039710257,15,1.0,-12581
55.103035044523864,13,4.0,-12603
55.105205622722785,15,6.0,-12566
55.105948597702906,1,2.0,8397
55.115734255115946,6,5.0,8216
55.11645413808546,5,2.0,0
55.13061953522976,3,52.0,8398
55.135273031757514,17,31.0,-11367
55.13682319031467,5,7.0,0
55.13739859594475,7,3.0,8133
55.13964232472728,9,5.0,8263
55.142159351954795,11,3.0,8253
55.144225608224275,1,3.0,8399
55.14794883995289,5,1.0,0
55.14890899776367,10,6.0,8264
55.149937980475244,1,3.0,8400
55.15127806003474,10,60.0,8351
55.15292318258527,13,2.0,-12616
55.15350849113763,11,52.0,8126
55.15756889460657,5,10.0,0
55.15858726232428,1,1.0,8401
55.16162271327553,7,8.0,8232
55.16301956649803,7,1.0,8137
55.16301956649803,16,1.0,8137
55.169653762636266,10,25.0,8333
55.178967811262,1,6.0,8402
55.18105751775185,10,19.0,8347
55.18107889022611,15,4.0,-12570
55.182880814017146,7,10.0,8178
55.18369513053311,13,1.0,-12618
55.19086079841786,7,6.0,8194
55.19630060505448,1,3.0,8403
55.198814283153,17,2.0,-7630
55.200245075695776,5,4.0,0
55.20030928892261,5,1.0,0
55.200596488174156,4,4.0,8404
55.20093700134123,11,4.0,8111
55.20560866576406,11,6.0,8281
55.20585873921198,13,1.0,-12612
55.20764852282271,15,3.0,-12582
55.207860689242175,5,2.0,0
55.210485551068274,13,2.0,-12605
55.21887670003196,6,1.0,8368
55.21915478807527,16,53.0,947
55.22159039274623,5,8.0,0
55.22793445617261,15,1.0,-12578
55.23148185261319,3,4.0,8405
55.23176970278326,1,1.0,8406
55.23206298621834,5,2.0,0
55.23370047255494,5,12.0,0
55.23381775464731,7,9.0,8273
55.23493722137812,1,2.0,8407
55.23897694638186,16,1.0,7866
55.23918538200104,1,1.0,8408
55.2402400542134,10,4.0,8405
55.24215839143647,17,2.0,-12453
55.24320878625529,3,22.0,8409
55.24435237240648,11,57.0,8095
55.245509885048136,6,7.0,8261
55.24692714107099,4,17.0,8410
55.249476323619575,8,2.0,8203
55.25104268743421,15,2.0,-12569
55.25335417564995,15,5.0,-12572
55.259655002459795,3,47.0,8411
55.26410011259478,17,3.0,-6591
55.266774913220644,10,25.0,8394
55.268998123288476,1,1.0,8412
55.26935411977946,11,4.0,8022
55.27667137888705,4,12.0,8413
55.277968290364875,14,2.0,-12604
55.27843087583739,13,1.0,-12606
55.279761355808226,10,52.0,8398
55.28182883914866,4,3.0,8414
55.28793546275582,17,3.0,-11358
55.28840709545402,6,5.0,8388
55.29216003740712,4,6.0,8415
55.29251024747551,5,1.0,0
55.2949190574763,7,4.0,8237
55.29680392556424,11,59.0,8240
55.298357162717,17,4.0,-11574
55.30203810079311,5,5.0,0
55.30215799972978,5,3.0,0
55.30237126502455,3,10.0,8416
55.30251555199474,17,1.0,-11128
55.30707511185469,1,5.0,8417
55.30986579304601,1,3.0,8418
55.31158022480003,1,10.0,8419
55.31516916278534,4,8.0,8420
55.31623830574813,6,10.0,8382
55.3193359829814,1,2.0,8421
55.32247439121779,4,7.0,8422
55.329993585472494,17,1.0,-12105
55.33161146635618,13,1.0,-12608
55.332094478014476,1,9.0,8423
55.33276661476798,17,4.0,-12111
55.33927705874287,6,6.0,8374
55.339291505198,1,2.0,8424
55.341002116567594,10,10.0,8416
55.34445075471875,11,3.0,8289
55.34578190535765,11,2.0,8222
55.3465401252235,10,47.0,8208
55.34777166756634,15,2.0,-12571
55.34820059207191,5,1.0,0
55.35083176383476,6,2.0,8386
55.352303220233566,17,4.0,-12262
55.35231091690198,6,5.0,8417
55.35266363601423,11,3.0,8247
55.35317998163477,10,3.0,8363
55.35564014442841,5,4.0,0
55.3580527150548,13,14.0,-12617
55.358640485789564,4,50.0,8425
55.36313860019595,1,2.0,8426
55.36435626227475,6,10.0,8269
55.36803112247974,10,6.0,8283
55.37342464355092,4,22.0,8427
55.37381950646185,1,2.0,8428
55.378965687940095,6,2.0,8407
55.37998130256415,1,11.0,8429
55.38608092303594,5,3.0,0
55.38848299639927,7,10.0,8136
55.38848299639927,16,10.0,8136
55.39249926778601,17,1.0,-1742
55.39276313330372,7,2.0,8082
55.39492947856553,5,6.0,0
55.39993777531488,5,5.0,0
55.40053781321497,7,11.0,8185
55.40774549693814,11,14.0,8334
55.411297572516936,4,18.0,8430
55.412081004782586,3,11.0,8431
55.41381911484453,3,6.0,8432
55.414228493093425,5,5.0,0
55.415725438666634,17,20.0,-11361
55.41990176304332,1,3.0,8433
55.420868918945565,11,4.0,8288
55.427328417441046,1,3.0,8434
55.43504976838119,4,53.0,8435
55.43589495994728,4,7.0,8436
55.43643546263589,10,22.0,8427
55.437587647607955,6,11.0,8429
55.43889898222531,17,5.0,-12378
55.438926097379,5,3.0,0
55.44309040847231,14,1.0,-12601
55.44358952394334,6,2.0,8355
55.44766679390262,7,1.0,8210
55.451744335749694,11,2.0,8236
55.45660543451045,1,8.0,8437
55.458317366779035,17,1.0,-10985
55.46262501445307,4,4.0,8438
55.46275022741766,7,2.0,8116
55.46455948617942,7,3.0,8182
55.469425938290335,17,18.0,-2154
55.47159168074782,11,42.0,8107
55.471932968285024,4,14.0,8439
55.47210806804334,17,5.0,-12497
55.48201526016547,10,17.0,8410
55.482737796042734,7,2.0,8213
55.48332439265671,4,8.0,8440
55.4851568424288,4,10.0,8441
55.48741304929856,4,2.0,8442
55.490093680107776,3,44.0,8443
55.491954297268826,4,9.0,8444
55.49287455363663,1,3.0,8445
55.49361563889612,11,13.0,8223
55.4977769062608,10,40.0,8392
55.50481625099274,1,2.0,8446
55.50815932889885,7,2.0,8156
55.509682648940895,3,45.0,8447
55.5126692376818,10,4.0,8365
55.513777072594635,3,48.0,8448
55.51525900225317,5,1.0,0
55.5181258161178,4,2.0,8449
55.52152142066624,6,38.0,8385
55.524589811427084,4,4.0,8450
55.52922337614623,7,1.0,8239
55.5308125522379,4,6.0,8451
55.53545779521925,16,2.0,7972
55.5374008397862,5,1.0,0
55.53792556924444,4,13.0,8452
55.5436817497434,10,6.0,8432
55.54517153898098,15,1.0,-12576
55.54875218382797,10,19.0,8379
55.55204437688537,10,11.0,8431
55.55553969549452,5,3.0,0
55.55590028569706,6,8.0,8337
55.55634698459323,6,5.0,8314
55.564463083024705,1,11.0,8453
55.56476715988943,6,48.0,8340
55.56580262558297,4,6.0,8454
55.56708795341148,14,3.0,-12611
55.56972934231749,1,4.0,8455
55.57020152400278,11,11.0,8287
55.5709857482493,1,1.0,8456
55.57144920291609,7,21.0,8170
55.57510249317179,6,3.0,8297
55.57873919115347,4,9.0,8457
55.57911988633687,9,2.0,7980
55.57979036071485,14,2.0,-12615
55.58072192441833,3,49.0,8458
55.58448647731575,5,3.0,0
55.590222211759844,1,4.0,8459
55.5905964168154,3,30.0,8460
55.59236423817436,5,3.0,0
55.59291479372219,6,9.0,8339
55.59382571930468,5,2.0,0
55.596006126871934,1,5.0,8461
55.6025113742074,10,2.0,8303
55.602788744531175,4,6.0,8462
55.60303168713147,1,2.0,8463
55.60452004609585,6,2.0,8428
55.606164261952735,6,2.0,8424
55.61165481769539,10,48.0,8448
55.61603473672678,1,2.0,8464
55.61799986161302,11,3.0,8224
55.619685649275866,5,2.0,0
55.62271891167376,11,4.0,8167
55.623626688390615,1,3.0,8465
55.63072944668827,1,4.0,8466
55.64070419107993,17,7.0,-12190
55.6427601732776,7,5.0,8196
55.6427915395818,10,45.0,8447
55.64420876708422,7,1.0,8131
55.64469113575336,10,30.0,8460
55.64743791489052,5,1.0,0
55.648056147064594,1,6.0,8467
55.65327112997245,3,40.0,8468
55.65495291398433,5,2.0,0
55.658215888258525,6,8.0,8370
55.66278144671286,1,2.0,8469
55.66643108890529,11,33.0,8171
55.66767280448353,11,11.0,8226
55.66816228451012,1,2.0,8470
55.670525940877305,15,1.0,-12565
55.67117031644109,16,24.0,6153
55.67860684235348,10,2.0,8449
55.684813688723985,6,2.0,8470
55.68634676765505,5,1.0,0
55.69053726871949,11,41.0,8155
55.69432196294899,7,5.0,8103
55.69662687921319,6,1.0,8327
55.699309220842544,17,2.0,-12188
55.70058146085337,10,13.0,8452
55.704484779316765,3,23.0,8471
55.705902321931084,11,56.0,8245
55.706649175370394,6,3.0,8445
55.71331536289544,1,7.0,8472
55.71377780392433,5,6.0,0
55.71692144395763,3,50.0,8473
55.72387417459433,3,30.0,8474
55.72408492474479,17,2.0,-6137
55.725738776757304,11,2.0,8093
55.7262670212833,10,7.0,8422
55.72704438056053,6,3.0,8360
55.72742805167136,1,4.0,8475
55.7300486992766,17,1.0,-11123
55.73115629583132,5,2.0,0
55.73124331323952,1,4.0,8476
55.731904840274105,15,1.0,-12579
55.731904840274105,17,1.0,-12579
55.73391159608771,13,2.0,-12602
55.73587908533403,3,3.0,8477
55.737052160818,17,2.0,-12245
55.73763633760695,10,9.0,8444
55.73779249198404,4,7.0,8478
55.73969806257139,5,4.0,0
55.746109125172204,5,5.0,0
55.74649388606331,10,4.0,8450
55.747627524253474,3,11.0,8479
55.7482880931153,5,2.0,0
55.749447707102725,11,44.0,8300
55.75058874649576,8,2.0,8428
55.75180095160767,3,14.0,8480
55.75503061345208,14,5.0,-12610
55.7557081339502,4,15.0,8481
55.757796408488964,1,1.0,8482
55.75827399281561,6,7.0,8472
55.75841251342372,7,1.0,8189
55.758523578763445,13,7.0,-12609
55.75961556014077,6,10.0,8373
55.76098043461622,17,5.0,-11208
55.771137893413986,5,1.0,0
55.77142227294608,10,6.0,8454
55.776241050314844,8,5.0,7984
55.77779140128578,5,3.0,0
55.77829590385824,5,1.0,0
55.77995293880395,5,2.0,0
55.78774737448876,15,2.0,-12568
55.791188518600165,17,2.0,-12372
55.792023791047484,1,6.0,8483
55.793822417519856,4,4.0,8484
55.79427147193611,11,3.0,8317
55.794700932735644,1,3.0,8485
55.79491405853474,3,9.0,8486
55.79755802938829,12,6.0,8328
55.800108545494965,5,6.0,0
55.800522476310185,10,14.0,8480
55.8049310367921,5,4.0,0
55.805853608777475,15,1.0,-12574
55.80769022432194,16,3.0,7075
55.80789888820455,17,1.0,-9478
55.80796485868474,11,5.0,8341
55.80820081333222,5,2.0,0
55.81152862873929,5,6.0,0
55.8132051174225,11,2.0,8291
55.81388955999488,6,9.0,8423
55.81775061713935,9,1.0,8172
55.81801113136339,10,47.0,8411
55.821662610100795,6,2.0,8349
55.82430660277272,8,9.0,8339
55.82856510554634,13,5.0,-12614
55.82947042250444,6,9.0,8262
55.83444931369217,3,2.0,8487
55.834664972705156,3,3.0,8488
55.83641594367474,7,7.0,8290
55.84202187543121,11,4.0,8294
55.844097754803826,1,3.0,8489
55.84644207573402,3,7.0,8490
55.847916191269874,17,1.0,-11912
55.85298144845096,15,1.0,-12577
55.854209001298806,11,6.0,8166
55.855550322412306,11,7.0,8090
55.85696269333586,15,1.0,-12567
55.860714524729296,17,1.0,-12470
55.86189469316351,1,2.0,8491
55.86367155096161,6,8.0,8220
55.864607805774895,1,2.0,8492
55.865605934863204,3,34.0,8493
55.86742637585939,10,30.0,8474
55.86771230999609,4,40.0,8494
55.86791065644059,6,2.0,8492
55.86863272525879,1,2.0,8495
55.875832869860695,6,3.0,8465
55.887894819353924,10,7.0,8436
55.889463749182234,10,3.0,8244
55.88948277354268,15,1.0,-12580
55.89026130200098,4,4.0,8496
55.89028753325092,6,2.0,8426
55.8916633598527,1,1.0,8497
55.89373136904319,17,1.0,-11751
55.89394404178987,3,6.0,8498
55.89659876222315,11,56.0,8242
55.89977711450956,5,2.0,0
55.90065481035634,4,10.0,8499
55.90161298315578,11,23.0,8204
55.90181049840889,11,54.0,8191
55.905208350277995,7,5.0,8248
55.90602257838372,10,56.0,8161
55.90785865114903,1,5.0,8500
55.909794071080675,7,1.0,8202
55.91002545399429,7,2.0,8310
55.91136547849359,7,5.0,8256
55.912257017790274,7,5.0,8299
55.912881828514585,17,9.0,-8370
55.9139400666193,7,1.0,8209
55.91495061526168,6,1.0,8354
55.921895885058476,11,60.0,8306
55.92315539083367,10,9.0,8457
55.923678749615554,1,5.0,8501
55.92373476730765,7,2.0,8359
55.92547253738807,1,3.0,8502
55.929025247417336,10,14.0,8439
55.93096062706307,17,2.0,-7922
55.93246055980694,1,5.0,8503
55.93249532873456,13,2.0,-12613
55.93294601747323,7,1.0,8305
55.93416311330902,10,9.0,8381
55.934953334562636,3,16.0,8504
55.93576553741015,10,7.0,8396
55.9382273169296,4,1.0,8505
55.938581392368114,3,51.0,8506
55.93956340102802,6,2.0,8397
55.94250670000798,17,7.0,-12367
55.942554520070054,11,10.0,8152
55.9476188957578,5,2.0,0
55.953750723531684,4,8.0,8507
55.955386402903585,7,10.0,8382
55.95885544859835,17,3.0,-12284
55.96094772808053,1,2.0,8508
55.964028880687785,16,3.0,7772
55.964228117117564,6,9.0,8246
55.97158731848849,5,1.0,0
55.97497629164758,17,2.0,-5160
55.9795861180907,6,3.0,8489
55.98024509016853,15,3.0,-12575
55.98659215782751,6,8.0,8437
55.988215736376866,5,1.0,0
55.99029107069837,11,32.0,8266
55.990536159776234,4,1.0,8509
55.99105653288927,6,3.0,8243
55.99642993825325,9,2.0,8203
55.99755539197887,1,1.0,8510
55.998703089554404,5,2.0,0
56.00087572347941,1,1.0,8511
56.005713903752564,3,17.0,8512
56.00652396188415,15,16.0,-12588
56.008447798562685,15,3.0,-12599
56.01375127079574,1,1.0,8513
56.0191862372811,4,4.0,8514
56.022821211972754,17,4.0,-12206
56.02334509658627,6,3.0,8403
56.02476900097803,10,10.0,8499
56.0298393524501,1,1.0,8515
56.03223597401738,10,55.0,8227
56.03610948166235,3,3.0,8516
56.036207720777945,6,4.0,8362
56.038569883210116,11,5.0,8183
56.04051988104571,9,52.0,8052
56.04171851272755,10,1.0,8509
56.04351532885591,6,2.0,8469
56.04429518479434,1,2.0,8517
56.044680953723535,6,5.0,8461
56.04570462717702,5,3.0,0
56.04664524460562,1,4.0,8518
56.04708333226441,5,6.0,0
56.04925788025337,10,16.0,8504
56.05068278804745,6,3.0,8393
56.05105739181011,1,2.0,8519
56.053142200443205,6,2.0,8344
56.058004226178085,7,1.0,8282
56.06220515559486,7,8.0,8050
56.06380243272522,3,58.0,8520
56.06713933739549,7,5.0,8119
56.07004316040314,6,3.0,8434
56.07039760545102,6,2.0,8345
56.0711852914115,10,9.0,8486
56.072775084234834,17,1.0,-10887
56.07421621906681,15,2.0,-12595
56.08240289916429,11,57.0,8320
56.08433990449423,15,4.0,-12590
56.08572754322989,13,1.0,-12627
56.08582910448147,7,1.0,8296
56.089322543085274,17,2.0,-11259
56.09134292740337,1,5.0,8521
56.093257685202275,7,4.0,8200
56.09485602233727,4,1.0,8522
56.097231941821406,17,1.0,-10639
56.09774888615216,4,11.0,8523
56.09928890307311,11,5.0,8353
56.09990318740718,6,2.0,8495
56.1072005151159,10,43.0,8329
56.10922711134107,10,2.0,8442
56.11166012146817,13,1.0,-12621
56.116352170314194,6,2.0,8325
56.11738191066227,7,1.0,8073
56.11914374203654,5,5.0,0
56.119963610881804,10,1.0,8346
56.135058570111646,6,4.0,8455
56.15080545366049,13,6.0,-12620
56.15350849113763,16,52.0,8126
56.15646540375118,3,32.0,8524
56.157821761378734,14,2.0,-12624
56.1601931212052,7,1.0,8113
56.16176116438107,1,5.0,8525
56.163285142318365,1,1.0,8526
56.16548557100974,10,14.0,8389
56.1743447732888,16,13.0,7768
56.174924026646366,4,5.0,8527
56.17620898891565,10,17.0,8512
56.17788008989365,3,8.0,8528
56.179098761564845,5,3.0,0
56.17955785212078,1,12.0,8529
56.180298203562145,11,12.0,8331
56.18331447956831,7,5.0,8314
56.190019140389055,5,4.0,0
56.19037283723781,1,5.0,8530
56.19182846203425,6,6.0,8483
56.19211620540806,10,1.0,8505
56.1937008003488,5,2.0,0
56.197873051717295,6,1.0,8526
56.20512173911733,7,3.0,8217
56.206207997814865,3,48.0,8531
56.208463462795585,1,1.0,8532
56.2090066700051,15,1.0,-12591
56.209054545979555,1,1.0,8533
56.21233639344608,5,3.0,0
56.21479575556955,5,1.0,0
56.21580568927708,10,15.0,8481
56.21646353372062,1,7.0,8534
56.21711102797519,1,4.0,8535
56.21734012120465,1,1.0,8536
56.222556486856554,1,4.0,8537
56.22789034494712,3,30.0,8538
56.23122886773427,1,4.0,8539
56.23301380918445,4,1.0,8540
56.233192082121334,17,14.0,-10087
56.2346621293226,1,4.0,8541
56.237643260240986,10,4.0,8484
56.2377722322901,5,2.0,0
56.238431620438774,11,7.0,8323
56.23888594654061,5,4.0,0
56.239550577467554,4,2.0,8542
56.2439719456019,11,5.0,8348
56.24612433818708,11,10.0,8416
56.247765499560956,1,4.0,8543
56.24928333266249,10,58.0,8520
56.24987596159358,1,41.0,8544
56.25046860852277,5,3.0,0
56.251495264631835,5,1.0,0
56.25308627398955,7,2.0,8094
56.25494187336377,5,3.0,0
56.25580351476221,4,4.0,8545
56.2565440265343,5,2.0,0
56.26121476226898,6,3.0,8502
56.26135927254395,5,14.0,0
56.267853660334126,1,5.0,8546
56.26882370886038,14,4.0,-12622
56.27849350341788,9,5.0,7984
56.280564725981556,1,1.0,8547
56.281619966180976,6,3.0,8418
56.290316999741876,17,2.0,-4748
56.29591025974524,1,3.0,8548
56.29683237101241,5,3.0,0
56.30077148198335,6,7.0,8384
56.3023840740418,6,1.0,8536
56.30344140058439,11,46.0,8301
56.30397161781565,11,1.0,8163
56.304636655514145,5,5.0,0
56.30583200166105,6,1.0,8395
56.31027574474125,10,34.0,8493
56.31323111042518,1,11.0,8549
56.316184052167166,5,1.0,0
56.31685950645644,13,3.0,-12633
56.320712790662554,10,23.0,8471
56.324681750662265,10,7.0,8490
56.32604805934516,6,6.0,8467
56.327259602304295,1,3.0,8550
56.33040284020074,3,43.0,8551
56.33156036840018,14,5.0,-12628
56.33507228894888,16,2.0,5774
56.33660204392303,5,1.0,0
56.33819856693865,10,40.0,8468
56.3445790804956,6,4.0,8543
56.34559223017317,5,1.0,0
56.34605663231306,15,1.0,-12593
56.347287596030846,1,9.0,8552
56.34911039529387,7,2.0,8233
56.35156658749191,17,1.0,-11368
56.35162828673685,1,7.0,8553
56.3557504994643,1,2.0,8554
56.35650689897829,17,1.0,-11091
56.363768039729955,1,28.0,8555
56.36510506987752,6,1.0,8408
56.3652173582094,17,2.0,-12089
56.365938359168446,1,2.0,8556
56.367097058001946,4,4.0,8557
56.36946533774629,17,1.0,-9156
56.37094562478143,11,46.0,8358
56.371180178832745,7,4.0,8369
56.37125966110781,11,15.0,8134
56.37371463467624,5,1.0,0
56.373944811576784,11,2.0,8173
56.37823348167165,6,1.0,8456
56.37905661322775,6,1.0,8406
56.3791949749819,1,4.0,8558
56.37932990259309,5,4.0,0
56.379797249317726,7,16.0,8268
56.381161544218145,6,8.0,8284
56.38182233905353,6,4.0,8466
56.383243043442675,10,4.0,8557
56.38839390566467,1,48.0,8559
56.39130910076841,1,2.0,8560
56.395138033787674,17,2.0,-12414
56.398384865024894,10,50.0,8473
56.39842119824845,4,6.0,8561
56.400616972318275,6,11.0,8453
56.40331704034362,6,4.0,8541
56.40917986330294,13,1.0,-12636
56.41047385739043,1,1.0,8562
56.411188730530725,1,9.0,8563
56.4157652759333,7,3.0,8308
56.417331515915876,17,2.0,-12209
56.41957461819495,1,7.0,8564
56.42145402463141,10,3.0,8516
56.42689965663874,6,11.0,8364
56.42745153605077,10,3.0,8254
56.427494480477314,1,8.0,8565
56.4320036936327,11,3.0,8241
56.43213572846109,5,4.0,0
56.43396071863967,14,2.0,-12634
56.43801069118449,1,9.0,8566
56.44202687217607,13,1.0,-12623
56.44536332059829,4,2.0,8567
56.446937825260015,15,2.0,-12600
56.447146409649704,7,5.0,8218
56.44748220932693,5,3.0,0
56.45711479560673,4,2.0,8568
56.458613898994656,7,9.0,8225
56.4594306382948,3,2.0,8569
56.460976361915726,15,4.0,-12594
56.46163081891254,4,4.0,8570
56.4643821749129,6,1.0,8562
56.46565451672462,5,4.0,0
56.46821656993526,6,5.0,8525
56.46861128805213,6,7.0,8564
56.46997491777927,5,4.0,0
56.473568873065325,6,2.0,8324
56.47586139632017,17,1.0,-5364
56.47956433757186,15,8.0,-12587
56.49112038315829,3,20.0,8571
56.491330412660986,6,3.0,8400
56.4926996798912,10,6.0,8561
56.49345947966523,10,44.0,8443
56.49622912187065,1,2.0,8572
56.49794813589598,1,4.0,8573
56.49935409695028,16,1.0,4000
56.50000322142617,1,1.0,8574
56.502817042464365,1,4.0,8575
56.503371293104095,6,2.0,8519
56.50692085460892,4,1.0,8576
56.50695939018911,3,7.0,8577
56.51177669244405,5,6.0,0
56.51382181394267,16,2.0,3393
56.51915083222473,6,5.0,8500
56.521275680047715,1,1.0,8578
56.52276350482829,1,24.0,8579
56.52876561961099,10,8.0,8528
56.52918881834764,114,25.0,-12632
56.53108745416833,7,9.0,8423
56.53110325983597,10,6.0,8193
56.533156032395006,5,2.0,0
56.536353212923906,1,4.0,8580
56.53642823610211,10,6.0,8451
56.53813760211602,1,2.0,8581
56.5399578046751,4,10.0,8582
56.53999923625058,17,1.0,-11806
56.54724494217601,4,30.0,8583
56.54822345020543,3,49.0,8584
56.551490684748885,5,3.0,0
56.55274467434842,17,2.0,-8922
56.5535591259026,11,1.0,8097
56.55394006091711,3,56.0,8585
56.55403941481775,16,5.0,8020
56.554708136730454,15,4.0,-12596
56.55599405888868,1,2.0,8586
56.55898665523046,5,1.0,0
56.561065035373495,4,3.0,8587
56.56119681147905,4,14.0,8588
56.561626269624284,10,47.0,8318
56.56174988037043,1,7.0,8589
56.563803583232534,3,9.0,8590
56.566182454779195,11,25.0,8333
56.56636331752857,14,7.0,-12619
56.567193647376115,5,4.0,0
56.56757549846295,1,3.0,8591
56.569284214552475,7,1.0,8144
56.57267060465099,7,5.0,8338
56.57387371851301,17,4.0,-10168
56.57461434652137,1,7.0,8592
56.575756644450266,6,5.0,8503
56.57686836368885,6,9.0,8552
56.58049916311452,5,2.0,0
56.58083222303656,4,4.0,8593
56.58193571811475,4,3.0,8594
56.58311870465063,17,3.0,-3628
56.58420936616134,1,1.0,8595
56.58671380709235,3,8.0,8596
56.58805814094287,7,7.0,8272
56.59125927651693,11,2.0,8151
56.59286072547227,5,4.0,0
56.59773346481659,10,1.0,8540
56.5995844193422,10,53.0,8435
56.601911700225884,13,1.0,-12625
56.60472047670324,11,56.0,8161
56.60491755258652,1,18.0,8597
56.609433337054284,14,2.0,-12629
56.60961344535407,6,1.0,8574
56.61343726100878,15,1.0,-12597
56.61523325636927,10,4.0,8496
56.61640362156567,4,25.0,8598
56.617867563439376,5,1.0,0
56.61796593112308,6,9.0,8566
56.621568300549114,1,2.0,8599
56.62178270100817,5,1.0,0
56.623350596995245,5,2.0,0
56.62419701488331,6,1.0,8547
56.62517080651283,4,9.0,8600
56.626144998962225,4,29.0,8601
56.630693628434074,4,7.0,8602
56.632214152720216,6,9.0,8563
56.63640954999196,8,3.0,8265
56.63727708644921,1,1.0,8603
56.638001130927066,6,2.0,8581
56.63828530789298,4,3.0,8604
56.64043003036694,17,9.0,-12236
56.64223320808787,13,3.0,-12631
56.64249009362349,7,4.0,8255
56.6429241399192,6,6.0,8402
56.64352849303958,4,13.0,8605
56.64436695057651,11,47.0,8411
56.64606918636594,10,8.0,8507
56.64626781772641,11,9.0,8486
56.65021713985198,17,3.0,-9483
56.65081296968805,7,7.0,8206
56.65097021017229,10,7.0,8602
56.65223810873088,6,48.0,8559
56.65387246756168,15,12.0,-12589
56.654028968037935,7,8.0,8048
56.65515056137665,5,2.0,0
56.65555504528161,1,1.0,8606
56.66127396488588,5,1.0,0
56.66258683806254,10,9.0,8590
56.6645881802648,8,1.0,8562
56.66590085015229,6,7.0,8553
56.66654901399672,5,1.0,0
56.66811362521208,7,7.0,8127
56.67836462576673,6,1.0,8513
56.67982278568708,5,24.0,0
56.68651869118382,9,3.0,8265
56.68765058035785,6,2.0,8554
56.68869559138284,15,6.0,-12592
56.69149872800142,3,9.0,8607
56.69164457480162,4,2.0,8608
56.69284383735416,6,2.0,8560
56.69411572794217,6,24.0,8579
56.695867008881464,11,10.0,8307
56.696489147589396,1,2.0,8609
56.70303920207823,10,2.0,8542
56.70410185141922,4,34.0,8610
56.70426265716291,13,1.0,-12635
56.70705332652229,4,4.0,8611
56.70822314651889,1,1.0,8612
56.70877423510342,6,5.0,8501
56.708981878016736,17,2.0,-12203
56.70947891923116,6,2.0,8357
56.70977149620818,5,3.0,0
56.71084557795244,6,7.0,8592
56.714485547380114,1,2.0,8613
56.716724610180826,10,6.0,8415
56.71678590757963,6,3.0,8361
56.7193630445704,6,3.0,8548
56.721365767673156,11,3.0,8188
56.72188526268217,10,4.0,8545
56.72282310438994,16,1.0,5755
56.722928335511334,7,2.0,8332
56.723435733289044,7,9.0,8262
56.723442867026066,10,8.0,8420
56.723960788264705,5,6.0,0
56.724052304146596,6,4.0,8459
56.72881992841045,10,8.0,8440
56.728837135619685,15,4.0,-12585
56.728837135619685,17,4.0,-12585
56.73011070950552,10,4.0,8514
56.73063183839845,1,33.0,8614
56.733938600649125,6,2.0,8326
56.73652895552993,1,2.0,8615
56.741530805379924,1,6.0,8616
56.74187292555844,7,2.0,8424
56.74188628312699,6,1.0,8606
56.74415326819051,7,2.0,8277
56.74596273771344,11,11.0,8431
56.74737067374747,4,49.0,8617
56.7504093922625,1,7.0,8618
56.751145097167935,14,6.0,-12626
56.75239471620712,7,58.0,8335
56.75272102117934,10,2.0,8383
56.75422854507908,8,5.0,8500
56.75807975158109,7,10.0,8269
56.75893846240868,11,40.0,8392
56.759312517518765,5,15.0,0
56.7622702751766,1,7.0,8619
56.76423771355911,6,12.0,8529
56.76475785293121,16,14.0,4818
56.77137922120147,7,10.0,8215
56.77256357803433,3,20.0,8620
56.77352560321056,5,15.0,0
56.77399995566287,6,4.0,8573
56.77402895418292,6,2.0,8508
56.77437599439614,6,2.0,8613
56.77462307653633,5,2.0,0
56.77539470364007,5,1.0,0
56.77948444453341,4,1.0,8621
56.78220819876725,3,40.0,8622
56.78692923630066,10,22.0,8409
56.78871467599804,1,1.0,8623
56.78921090190954,3,5.0,8624
56.79322366960709,5,1.0,0
56.798585588857385,6,1.0,8533
56.80092542466097,1,2.0,8625
56.80202618786212,15,5.0,-12598
56.80213040059186,1,3.0,8626
56.80653454195491,1,11.0,8627
56.808584560802764,7,7.0,8311
56.808646390527876,17,11.0,-12117
56.80894722105243,5,1.0,0
56.81034493982349,6,3.0,8433
56.813589981401776,1,6.0,8628
56.8177961521738,6,8.0,8565
56.81820665753165,1,1.0,8629
56.8210498947216,3,34.0,8630
56.821681407572896,15,4.0,-12583
56.821681407572896,17,4.0,-12583
56.823904709204164,10,1.0,8278
56.82759103242855,11,49.0,8285
56.8288748812124,13,1.0,-12630
56.829380376455376,3,2.0,8631
56.82982560034381,17,47.0,-12460
56.831702643867246,5,7.0,0
56.83491065923753,10,10.0,8582
56.83694756778881,11,60.0,8351
56.8380449986671,4,3.0,8632
56.84387736867009,7,5.0,8304
56.84524909370273,4,4.0,8633
56.84879506017812,3,60.0,8634
56.84886638975429,3,9.0,8635
56.850121067124405,5,2.0,0
56.85623934027468,4,3.0,8636
56.857355050208525,17,1.0,-11045
56.857551970087876,17,2.0,-7817
56.860069673675866,5,9.0,0
56.86080461935729,10,3.0,8477
56.8629600153556,11,19.0,8379
56.86644067917524,15,3.0,-12586
56.86813121656632,10,4.0,8633
56.87015733010437,10,30.0,8583
56.87390855650806,10,6.0,8376
56.874549659826066,1,2.0,8637
56.875825558414874,17,1.0,-1186
56.879599712970595,11,4.0,8405
56.881913521827755,4,1.0,8638
56.88252340398853,6,2.0,8446
56.88298642477217,11,7.0,8214
56.884007193023244,3,60.0,8639
56.884383429329034,7,6.0,8313
56.88653599067315,4,15.0,8640
56.89223050259731,1,6.0,8641
56.89382832537052,4,7.0,8642
56.89398277792653,16,3.0,7845
56.90033510410456,1,3.0,8643
56.9041860936922,6,1.0,8148
56.90596612366747,17,1.0,-3432
56.90726213128861,1,10.0,8644
56.909848925418096,11,42.0,8238
56.9099473199532,1,1.0,8645
56.90995698103776,5,7.0,0
56.9134361065009,5,7.0,0
56.91380424260148,5,1.0,0
56.918629995401496,11,7.0,8396
56.920597024488465,11,15.0,8230
56.92163533854551,4,1.0,8646
56.92442591817539,7,1.0,8234
56.924598368773026,6,2.0,8463
56.93013149995531,3,36.0,8647
56.93040331430258,1,5.0,8648
56.93236043703117,3,8.0,8649
56.9324887582231,11,58.0,8520
56.93722863153956,17,6.0,-12506
56.93878578491697,7,3.0,8360
56.93960347242715,6,1.0,8603
56.94277115003885,6,3.0,8643
56.950194010370474,6,1.0,8401
56.951374644650876,15,1.0,-12584
56.95583620617014,10,1.0,8621
56.95736630031556,4,21.0,8650
56.95853541795411,11,47.0,8208
56.95913751051044,10,4.0,8611
56.9635299925488,10,2.0,8631
56.96584513982619,6,6.0,8641
56.97013213543525,6,1.0,8497
56.97133085592551,11,8.0,8298
56.97196179715754,6,2.0,8556
56.9733857442359,6,1.0,8612
56.97840420416482,4,2.0,8651
56.980237911236884,6,7.0,8589
56.98258291933948,10,10.0,8441
56.98428438044736,7,2.0,8397
56.98661919683284,6,5.0,8521
56.991154687054355,4,8.0,8652
56.99168058423017,11,1.0,8509
56.995145251976496,3,13.0,8653
56.99708901921631,1,3.0,8654
56.99850904301515,1,7.0,8655
57.000429167329024,10,3.0,8488
57.00224428962907,17,1.0,-12208
57.00238548049127,6,2.0,8187
57.002695786064336,17,1.0,-11548
57.00334501511885,17,2.0,-9919
57.00646755141216,1,4.0,8656
57.01070062338519,17,6.0,-10085
57.010881490655045,5,3.0,0
57.01162477371825,4,13.0,8657
57.01280830029641,11,19.0,8347
57.01430672854311,6,11.0,8627
57.01687551917204,15,20.0,-12607
57.017767388217386,6,1.0,8578
57.02170921854429,11,6.0,8454
57.02205925688071,7,2.0,8386
57.02208601665975,10,2.0,8569
57.024013677446995,5,1.0,0
57.029919304946304,5,29.0,0
57.03159045663515,7,9.0,8229
57.033552450924496,17,5.0,-12451
57.033572834501314,17,2.0,-7706
57.03476343439021,10,2.0,8567
57.03592209734857,7,3.0,8393
57.03786479315904,4,12.0,8658
57.04000580436276,5,6.0,0
57.04104337993808,11,1.0,8205
57.04139890788532,5,3.0,0
57.04149391235437,14,1.0,-12653
57.04155693335836,11,56.0,8322
57.043633921417715,1,1.0,8659
57.04619440927924,6,2.0,8421
57.046452602358045,10,20.0,8620
57.04774638622282,11,7.0,8436
57.05291092995391,10,13.0,8605
57.05294191267674,1,4.0,8660
57.05539315011319,1,11.0,8661
57.05636696900938,1,1.0,8662
57.05967697798729,15,2.0,-12602
57.063544499071035,11,6.0,8264
57.067378664501476,6,1.0,8377
57.07631957567803,6,1.0,8482
57.08778871965052,6,3.0,8626
57.08954403817108,7,1.0,8354
57.0927219943891,6,4.0,8660
57.0927398152781,17,2.0,-12490
57.09283357853307,11,1.0,8346
57.093001804476316,1,3.0,8663
57.09383024391547,10,46.0,8378
57.09720037704473,4,3.0,8664
57.10485318843137,9,6.0,8328
57.109236511012554,11,7.0,8286
57.1105373607138,1,4.0,8665
57.111673594201385,4,11.0,8666
57.11452758293388,7,1.0,8101
57.11874059781482,1,1.0,8667
57.12293835695435,10,4.0,8570
57.12351258908806,6,4.0,8575
57.12385763129597,13,3.0,-12641
57.1253387439042,7,3.0,8297
57.12793735289813,11,2.0,8330
57.13456966380783,13,2.0,-12645
57.134831046656124,3,9.0,8668
57.13616010214067,7,2.0,8519
57.13995598647152,7,8.0,8211
57.14110939127458,10,2.0,8568
57.142610133712594,16,41.0,8002
57.144832949398086,10,1.0,8638
57.14682831522234,5,1.0,0
57.157408856149566,10,13.0,8653
57.15833444185426,11,10.0,8219
57.15887308487324,1,5.0,8669
57.164302945942154,15,4.0,-12603
57.16611454029009,6,4.0,8475
57.16648073331728,10,9.0,8607
57.16664413626077,15,5.0,-12614
57.16685806625322,10,34.0,8630
57.16754381347174,5,2.0,0
57.17327094885803,17,1.0,-5119
57.17902609355656,5,1.0,0
57.18228020518959,6,10.0,8419
57.184315158470554,3,56.0,8670
57.1852562479401,3,41.0,8671
57.18712604811196,4,1.0,8672
57.190375501776685,10,3.0,8594
57.19041311127077,3,14.0,8673
57.19364365942631,10,49.0,8584
57.195725031592616,10,49.0,8458
57.196536624974435,11,52.0,8398
57.20221003184956,1,2.0,8674
57.20307267215808,15,14.0,-12617
57.20602190408082,6,1.0,8659
57.214308765158606,1,10.0,8675
57.21587219334765,5,2.0,0
57.218807802340855,7,8.0,8370
57.21920118518752,17,3.0,-11877
57.224412137944576,6,3.0,8485
57.22485679183689,7,7.0,8249
57.23550097439051,6,5.0,8546
57.23647733393416,1,1.0,8676
57.237143331140075,1,8.0,8677
57.23952440992242,10,6.0,8462
57.24340369785961,5,2.0,0
57.245909929491425,17,3.0,-6876
57.247446723838216,10,49.0,8617
57.24987116287389,4,15.0,8678
57.25325129783883,6,1.0,8676
57.254065384980045,12,4.0,8545
57.25496482597547,4,3.0,8679
57.25655194948321,7,5.0,8525
57.256772520629696,1,4.0,8680
57.25723692221925,6,6.0,8309
57.26485010977741,10,11.0,8523
57.26543629534621,1,6.0,8681
57.26604690081125,11,3.0,8363
57.26712217033369,16,2.0,8007
57.2703349785325,7,2.0,8349
57.27195851032237,6,1.0,8623
57.27316558911707,10,32.0,8524
57.27811733106809,10,3.0,8587
57.2787623971123,10,8.0,8649
57.2823628907931,15,1.0,-12606
57.288696190219675,1,5.0,8682
57.28879144330036,10,14.0,8673
57.290265504467506,8,3.0,8400
57.290342235264255,15,3.0,-12611
57.29108499421046,6,2.0,8674
57.29232670940135,7,9.0,8336
57.297122730762794,11,45.0,8270
57.29930879019647,6,1.0,8629
57.30040940186534,17,2.0,-4856
57.300618428311815,3,40.0,8683
57.30329362906451,14,3.0,-12648
57.30406382501807,5,3.0,0
57.304704718312784,10,60.0,8639
57.305846456041806,10,11.0,8479
57.306355732810594,4,4.0,8684
57.30736253043359,7,48.0,8340
57.3082889707903,6,33.0,8614
57.309574233794905,6,1.0,8532
57.311886466420354,11,10.0,8319
57.31657881161434,1,2.0,8685
57.31748047444564,1,2.0,8686
57.32140034540482,1,1.0,8687
57.321401143622346,11,15.0,8481
57.331161169807295,13,11.0,-12654
57.33193983908601,1,2.0,8688
57.33334095277922,10,3.0,8632
57.333741067007246,7,1.0,8315
57.333741067007246,16,1.0,8315
57.337061239523514,1,7.0,8689
57.337116229784286,7,1.0,8368
57.33934268933477,1,4.0,8690
57.339785363973206,1,6.0,8691
57.34088369895547,17,6.0,-9683
57.3518501080686,10,7.0,8642
57.35211176915975,10,39.0,8372
57.352882583161126,4,2.0,8692
57.353638505426936,13,2.0,-12649
57.35377419489773,10,40.0,8622
57.355339123487454,3,3.0,8693
57.360449211046024,5,2.0,0
57.36580093099624,7,11.0,8453
57.36607419541885,10,3.0,8693
57.370368432082124,11,14.0,8439
57.37038643447047,7,2.0,8325
57.370583666774,3,24.0,8694
57.37086489627516,7,6.0,8374
57.37182456326398,7,8.0,8220
57.3730530511328,6,2.0,8637
57.377070923012695,11,48.0,8448
57.378789488989334,7,10.0,8373
57.37901538484686,10,4.0,8684
57.38174758875901,1,4.0,8695
57.382820650424286,1,7.0,8696
57.38578989473232,6,2.0,8464
57.38742812372681,7,23.0,8292
57.3883089234543,7,3.0,8371
57.388935444261065,14,2.0,-12650
57.389325616396135,4,55.0,8697
57.39101743142661,6,6.0,8616
57.39239622771889,1,2.0,8698
57.393904404517066,6,1.0,8510
57.39534858746961,1,5.0,8699
57.39953116405996,13,1.0,-12637
57.40230668767927,7,29.0,8260
57.40428981482461,5,2.0,0
57.40442316275888,3,23.0,8700
57.407372250623396,15,1.0,-12618
57.40894820603618,11,13.0,8452
57.40959814324381,6,2.0,8517
57.41307897834377,13,1.0,-12651
57.41572449848264,10,36.0,8647
57.41674918849672,3,9.0,8701
57.428112759629364,1,1.0,8702
57.4284516969173,4,11.0,8703
57.42938717441538,10,6.0,8498
57.42951934828658,5,14.0,0
57.429596037421334,4,14.0,8704
57.43073052211941,4,16.0,8705
57.43722956661774,6,4.0,8665
57.440744059961474,11,45.0,8447
57.44469930570434,15,2.0,-12605
57.4450575315792,6,2.0,8586
57.45024887753782,4,6.0,8706
57.45380064045972,13,2.0,-12642
57.45444613641024,10,2.0,8651
57.45693987324551,11,33.0,8258
57.45906819945799,10,6.0,8706
57.45961616030697,5,2.0,0
57.46006597715849,10,7.0,8577
57.46219250578125,1,27.0,8707
57.463433641522165,6,1.0,8375
57.46663393142413,6,1.0,8595
57.466772860318436,10,4.0,8404
57.46960400612293,1,3.0,8708
57.4750800175235,10,2.0,8692
57.480267202996174,3,8.0,8709
57.48424161763626,10,50.0,8425
57.48531693494944,17,2.0,-12195
57.48579758727538,3,49.0,8710
57.48960940080386,10,13.0,8657
57.491617966632184,10,7.0,8478
57.49293314856977,7,3.0,8445
57.49560893977409,3,11.0,8711
57.4964534948395,10,40.0,8683
57.49708055622883,1,6.0,8712
57.50417701131296,15,5.0,-12610
57.50474870731221,15,2.0,-12613
57.50648154254617,6,2.0,8572
57.50655928078731,1,2.0,8713
57.50706736343749,5,4.0,0
57.507434300485514,4,1.0,8714
57.507861952583184,10,49.0,8710
57.50840854003348,13,4.0,-12647
57.50987442652517,7,2.0,8495
57.51483690741489,6,4.0,8690
57.51838837248927,10,4.0,8391
57.52012165111207,1,3.0,8715
57.52079503476778,6,4.0,8539
57.52349267629179,3,59.0,8716
57.52359914761072,6,2.0,8698
57.53265515194827,6,6.0,8712
57.5368682607825,7,1.0,8267
57.53870053475735,6,3.0,8663
57.539804644091284,7,2.0,8492
57.54022014718276,6,1.0,8645
57.54413494499792,1,22.0,8717
57.54544509785723,1,3.0,8718
57.548817683283424,10,29.0,8601
57.54949999780238,1,2.0,8719
57.551810769548666,17,2.0,-12278
57.55342993139761,7,1.0,8547
57.55479737741227,1,4.0,8720
57.55940810084507,11,2.0,8542
57.55949966908475,11,30.0,8366
57.55963088954147,7,2.0,8352
57.56279980970538,4,53.0,8721
57.568721980148894,5,2.0,0
57.56944091025577,1,4.0,8722
57.57191506238166,1,4.0,8723
57.5719686909053,10,41.0,8671
57.572281444521735,10,15.0,8640
57.58072477620715,6,2.0,8609
57.581793409647396,8,6.0,8483
57.58375985557497,6,7.0,8295
57.58395315928517,4,1.0,8724
57.586930253437295,7,6.0,8235
57.587299521290866,5,2.0,0
57.588289669083224,1,1.0,8725
57.59195403469224,7,5.0,8350
57.5991548251508,6,4.0,8656
57.60203082216771,1,1.0,8726
57.6022107109105,1,5.0,8727
57.604110310401445,4,3.0,8728
57.60752524475498,1,1.0,8729
57.609673996657285,17,6.0,-12121
57.6111940051998,11,3.0,8244
57.616499323065014,1,4.0,8730
57.618995151101885,6,3.0,8399
57.62768731891345,2,51.0,8731
57.6406152872112,6,7.0,8655
57.64201334804948,11,6.0,8321
57.643536593346816,9,3.0,8400
57.6448152754561,11,6.0,8283
57.64527192140132,4,18.0,8732
57.64702419096186,11,11.0,8252
57.64726757770527,7,2.0,8470
57.649017851479066,10,20.0,8571
57.64978191346813,10,2.0,8390
57.65544276249849,15,7.0,-12609
57.66097970670515,11,15.0,8280
57.66870095431118,5,3.0,0
57.67301930547348,7,2.0,8276
57.67600123331528,7,1.0,8327
57.677308366235096,6,4.0,8723
57.67865848169981,5,4.0,0
57.68052516608461,10,5.0,8527
57.68217696093236,6,22.0,8717
57.68269679680105,1,5.0,8733
57.68455774598381,1,5.0,8734
57.68532491445496,1,11.0,8735
57.68602490628564,11,1.0,8638
57.68659946629458,7,2.0,8554
57.692774568653256,4,10.0,8736
57.69295310996596,1,1.0,8737
57.6933410335504,10,14.0,8704
57.70275513816686,10,1.0,8190
57.70487426878615,6,2.0,8625
57.70649335812489,1,5.0,8738
57.7114343634608,5,5.0,0
57.711702435295074,9,2.0,8428
57.712891530092314,4,1.0,8739
57.71304838655564,10,43.0,8551
57.713717119238,16,5.0,1772
57.715154088030346,6,18.0,8597
57.71833707273815,10,1.0,8714
57.71843774316724,10,18.0,8732
57.71868364737133,5,2.0,0
57.72570506171087,7,3.0,8361
57.725885628645884,3,54.0,8740
57.726434252456556,1,1.0,8741
57.73147106819221,10,5.0,8624
57.734086496920774,3,46.0,8742
57.73543341943668,4,4.0,8743
57.741950417224686,6,1.0,8702
57.742948694537844,10,3.0,8636
57.74341157600793,3,3.0,8744
57.743760013525495,3,59.0,8745
57.74476777390709,11,1.0,8505
57.745765345648536,5,5.0,0
57.745938358435026,16,58.0,7964
57.75428549308776,4,3.0,8746
57.75669383143276,15,2.0,-12616
57.7572656648627,5,2.0,0
57.757599755492755,5,2.0,0
57.757963489403174,17,4.0,-12215
57.759489238367706,15,1.0,-12612
57.76008008912407,4,11.0,8747
57.76081960801401,4,6.0,8748
57.76650440821994,6,5.0,8734
57.77008615372073,1,3.0,8749
57.77049015409341,4,1.0,8750
57.77103622906158,3,17.0,8751
57.7771022997198,10,3.0,8679
57.77812665352192,13,1.0,-12640
57.77912234794413,6,4.0,8722
57.78207480966427,7,2.0,8407
57.785552036647815,7,4.0,8455
57.79071468366735,1,1.0,8752
57.791011736391624,15,2.0,-12604
57.79236861059167,6,7.0,8696
57.79362126264793,11,14.0,8480
57.7945969809848,7,3.0,8643
57.796620491344264,10,3.0,8664
57.80385757263327,10,1.0,8672
57.80439466937989,15,1.0,-12601
57.80440718029211,14,3.0,-12644
57.805707451815,4,2.0,8753
57.80614954705077,1,1.0,8754
57.80656029295006,4,7.0,8755
57.81160735593114,10,8.0,8387
57.8127734810218,4,1.0,8756
57.81355934259907,7,11.0,8429
57.81376003293245,7,1.0,8148
57.81406372213754,10,14.0,8588
57.8144833165442,10,59.0,8716
57.81672121138631,7,1.0,8536
57.818797623519785,1,2.0,8757
57.819353453950065,1,6.0,8758
57.82016599440181,6,4.0,8537
57.82401801703812,1,2.0,8759
57.82575476452173,4,2.0,8760
57.8279456199968,7,7.0,8472
57.83669916278956,11,39.0,8198
57.83834362719936,4,11.0,8761
57.8384440428968,5,2.0,0
57.840683874162664,7,5.0,8461
57.84292265792382,4,3.0,8762
57.84375903034534,5,1.0,0
57.84466021801546,10,3.0,8744
57.84533561402717,11,4.0,8557
57.8538411030131,5,51.0,0
57.856237241080386,7,4.0,8459
57.85766228523291,17,1.0,-11503
57.85918370101811,14,1.0,-12646
57.86109302502515,7,4.0,8543
57.86278120293493,10,4.0,8743
57.863643763724696,10,3.0,8762
57.86673547325998,6,3.0,8654
57.86796115037629,6,4.0,8558
57.868024187246135,3,7.0,8763
57.870038340772695,4,4.0,8764
57.87025317521163,1,2.0,8765
57.87375423234602,9,1.0,8562
57.87649092988816,4,7.0,8766
57.87649773682714,13,1.0,-12652
57.87735949239172,6,7.0,8619
57.88076657231476,11,17.0,8410
57.883464758069664,17,1.0,-11515
57.883770396780726,6,4.0,8476
57.89300006274711,1,5.0,8767
57.89318902937372,6,6.0,8628
57.89331309442786,1,4.0,8768
57.89532281680638,1,2.0,8769
57.8971110433917,6,11.0,8661
57.89723274200374,11,47.0,8318
57.89945989912516,10,11.0,8761
57.89992628493678,11,3.0,8516
57.901887418238914,5,3.0,0
57.90605862596862,11,8.0,8528
57.907419295469566,4,8.0,8770
57.91237437417148,11,6.0,8195
57.916027413127765,1,6.0,8771
57.91613111357355,6,11.0,8735
57.91986503156772,16,3.0,7912
57.92042892565389,10,7.0,8755
57.92438261504329,6,5.0,8682
57.92515387860621,6,4.0,8680
57.92693764768625,7,38.0,8385
57.92798760204373,6,5.0,8767
57.9307171118508,6,4.0,8730
57.93171436461099,4,5.0,8772
57.93556594511458,3,42.0,8773
57.93834963907358,13,3.0,-12638
57.94577550331637,4,1.0,8774
57.94901940133285,14,9.0,-12643
57.94987960789184,5,4.0,0
57.95497951378521,4,7.0,8775
57.95525962594115,4,5.0,8776
57.95725452753948,15,2.0,-12615
57.95983499669396,6,4.0,8518
57.959932951471686,11,13.0,8657
57.96027365557491,15,1.0,-12608
57.960421144873806,17,15.0,-10273
57.96601481355792,10,1.0,8522
57.966981869216646,16,3.0,7804
57.96975934677078,7,6.0,8641
57.97254044633129,4,3.0,8777
57.974408149157306,7,2.0,8355
57.981746576266474,1,10.0,8778
57.9842647530666,13,1.0,-12639
57.987489993411714,5,1.0,0
57.9893056621477,7,2.0,8345
57.990668138021185,1,5.0,8779
57.9918491094014,4,6.0,8780
57.99646469443258,1,3.0,8781
57.99881164759715,4,2.0,8782
58.00088778420714,11,2.0,8449
58.00270328796891,16,2.0,6014
58.002929628441805,7,5.0,8417
58.00522540301552,1,2.0,8783
58.00826517200769,2,55.0,8784
58.011440592640994,5,3.0,0
58.013545821890624,7,7.0,8592
58.01421954217468,4,2.0,8785
58.015070188264396,10,9.0,8668
58.016377702133944,3,45.0,8786
58.01807759458185,1,6.0,8787
58.018351653147334,11,6.0,8706
58.01838055731234,6,3.0,8718
58.01851467227394,10,1.0,8316
58.01892855348789,1,1.0,8788
58.0208744433332,4,41.0,8789
58.02374251149401,11,39.0,8372
58.02375887207229,13,5.0,-12661
58.02488018826349,4,1.0,8790
58.02530501443536,1,4.0,8791
58.02596704811072,5,2.0,0
58.02766559836594,6,3.0,8591
58.02778419623301,6,10.0,8675
58.02814296421407,6,2.0,8713
58.03693938702161,4,1.0,8792
58.038501749938256,11,7.0,8422
58.03941360781598,15,5.0,-12628
58.04122955560613,5,1.0,0
58.044016526240654,10,40.0,8494
58.04462417408103,6,1.0,8687
58.04781588351969,4,5.0,8793
58.048103543438,3,47.0,8794
58.05149197625672,5,7.0,0
58.05258252626456,6,6.0,8787
58.054466833937774,6,2.0,8783
58.05573332049543,10,17.0,8751
58.06121386897477,17,1.0,-12465
58.06185410067374,7,4.0,8251
58.06385310768615,5,1.0,0
58.06754658676255,11,30.0,8583
58.06935086020934,10,7.0,8775
58.069390909773176,17,5.0,-12517
58.07206423321772,14,5.0,-12655
58.07295819713771,6,6.0,8681
58.07428662669425,5,5.0,0
58.07612519841018,7,5.0,8216
58.07622284883466,7,11.0,8364
58.07723403618361,17,2.0,-11724
58.079115174561785,5,1.0,0
58.080499031544065,1,1.0,8795
58.08145621199852,10,46.0,8742
58.083030014796776,11,14.0,8389
58.08341874845343,4,5.0,8796
58.084223058050675,5,4.0,0
58.08454758460018,6,2.0,8719
58.08466683466388,10,3.0,8746
58.0866512248566,14,1.0,-12660
58.08670379628733,6,1.0,8795
58.08808101519987,14,5.0,-12671
58.090258797393915,1,6.0,8797
58.09184967915984,7,2.0,8508
58.096028682494286,11,34.0,8630
58.096525643563396,9,1.0,8231
58.099758063525734,11,7.0,8490
58.10038527325827,5,9.0,0
58.10530984940137,7,8.0,8437
58.10937497709549,11,4.0,8053
58.10992958211317,11,47.0,8343
58.112607792034126,11,3.0,8254
58.113574479873996,3,10.0,8798
58.11470307121323,5,1.0,0
58.11717262323869,6,2.0,8685
58.11898576792794,5,7.0,0
58.12109331892545,4,6.0,8799
58.12348595564664,10,3.0,8728
58.12795989745501,7,4.0,8475
58.128012531035345,6,1.0,8737
58.12834019478279,4,2.0,8800
58.13268737776679,5,1.0,0
58.13412247441136,16,55.0,1105
58.13666515581783,7,1.0,8302
58.13914667760307,3,4.0,8801
58.13971258284121,3,33.0,8802
58.14065005959383,6,5.0,8699
58.1414685854836,1,3.0,8803
58.1419591586171,7,12.0,8529
58.145457761631974,5,1.0,0
58.14805323320563,7,1.0,8395
58.15029144467325,11,44.0,8443
58.16010429251105,4,5.0,8804
58.16317465689924,5,1.0,0
58.168335731088526,11,11.0,8279
58.17320312559874,11,8.0,8440
58.17556828459717,4,13.0,8805
58.175668725802495,7,5.0,8501
58.18253744300284,10,10.0,8736
58.192509005007565,11,2.0,8303
58.194347085763525,5,41.0,0
58.19773457919096,17,4.0,-2460
58.19904294630777,14,2.0,-12670
58.200439895973005,11,3.0,8594
58.20079885726019,10,21.0,8650
58.20126413920863,14,3.0,-12666
58.206790501863814,1,6.0,8806
58.20904196110438,5,1.0,0
58.21273122363584,4,25.0,8807
58.214210428215964,11,22.0,8427
58.215633871474836,1,2.0,8808
58.21721147427551,7,9.0,8246
58.218615165500076,5,3.0,0
58.221580634187134,10,2.0,8782
58.221598377810956,1,1.0,8809
58.2232873334143,10,1.0,8750
58.22334664251026,11,55.0,8227
58.223650497896024,7,3.0,8548
58.22483499045827,17,2.0,-12558
58.22516847881334,17,4.0,-11922
58.22677372709277,4,8.0,8810
58.22812379307999,10,13.0,8805
58.22948068497516,15,1.0,-12623
58.231340982136594,17,3.0,-1339
58.23590793902162,16,4.0,261
58.23708048200767,17,1.0,-11904
58.23865064284922,5,7.0,0
58.23937463094039,17,1.0,-3718
58.242942247504445,7,22.0,8717
58.24619242843232,4,3.0,8811
58.24784602328046,11,7.0,8577
58.24994491074474,15,1.0,-12636
58.25031410270404,3,4.0,8812
58.25149219009067,11,44.0,8367
58.252736625393226,17,2.0,-6482
58.253520595417235,15,1.0,-12627
58.25580132965645,1,10.0,8813
58.256137395899664,15,1.0,-12630
58.25617776093908,10,2.0,8608
58.25662863330567,17,1.0,-3742
58.26015608344869,15,7.0,-12619
58.26167517874214,7,2.0,8326
58.261992981624694,6,11.0,8549
58.26260311877893,13,1.0,-12662
58.26527727928001,7,1.0,8401
58.2667967356525,10,11.0,8747
58.26750367277141,10,8.0,8770
58.2688699322869,7,3.0,8243
58.270472612470435,1,8.0,8814
58.27346078442827,10,3.0,8414
58.27434513230029,10,12.0,8413
58.27495095284363,7,2.0,8698
58.27597862458644,11,49.0,8617
58.27659336998733,7,1.0,8676
58.2793352865831,11,25.0,8394
58.28312216413635,4,7.0,8815
58.28481494645767,6,1.0,8729
58.28522008342879,4,2.0,8816
58.28675568735179,3,36.0,8817
58.287420151612835,15,3.0,-12631
58.28884696257194,10,4.0,8801
58.28903730714481,13,1.0,-12669
58.291654172529135,4,1.0,8818
58.29353656141522,1,2.0,8819
58.29482010071695,6,6.0,8797
58.30068499658894,6,7.0,8689
58.306475764471706,10,1.0,8646
58.30874151270933,5,1.0,0
58.3088564396989,1,2.0,8820
58.310876748989685,4,2.0,8821
58.31206996609832,7,1.0,8612
58.317399885993,7,1.0,8606
58.31748780276693,11,23.0,8471
58.31772401202701,1,3.0,8822
58.31990245612447,17,1.0,-10715
58.32300810643456,7,3.0,8485
58.323434487158146,10,23.0,8700
58.32412420909623,11,2.0,8383
58.32542815366512,17,2.0,-8588
58.32567450793941,1,10.0,8823
58.32688378148397,3,37.0,8824
58.32751226644647,11,10.0,8441
58.328103663433346,10,5.0,8796
58.32882104447712,4,8.0,8825
58.33213251596285,11,4.0,8365
58.333031122801835,1,6.0,8826
58.335177593383484,6,5.0,8738
58.33709241780874,5,3.0,0
58.337228195963064,9,4.0,8545
58.33928265636002,13,3.0,-12658
58.340699217592494,10,33.0,8802
58.34538967668259,6,1.0,8788
58.345587275834504,7,3.0,8433
58.346107220460475,15,1.0,-12621
58.347767779146686,13,1.0,-12664
58.34810091240303,5,20.0,0
58.3496885997429,11,29.0,8601
58.35021494720749,6,4.0,8720
58.35025878366446,6,7.0,8534
58.35037932612955,1,2.0,8827
58.35129356418673,7,4.0,8362
58.35224103663723,15,1.0,-12635
58.354092738401626,3,57.0,8828
58.35458298057822,7,4.0,8656
58.35579788074532,1,2.0,8829
58.35596151359424,1,4.0,8830
58.356068241319,11,57.0,8312
58.356942265917745,10,2.0,8785
58.358567619652966,6,2.0,8765
58.360738379844996,11,4.0,8611
58.36117920666139,14,1.0,-12667
58.362000146423696,4,3.0,8831
58.362401517244585,7,1.0,8377
58.36299704759571,10,9.0,8701
58.36398294734518,7,2.0,8469
58.365699333886816,6,2.0,8827
58.368343860238255,7,2.0,8613
58.36856241215637,6,3.0,8708
58.36938779775292,17,4.0,-11710
58.37237550660702,1,6.0,8832
58.37294388465218,11,6.0,8193
58.37297555691426,6,2.0,8688
58.374444903915865,5,2.0,0
58.37670574662491,5,1.0,0
58.37733972275794,4,6.0,8833
58.37820117464343,11,43.0,8329
58.381432778963934,11,20.0,8620
58.381818125829774,16,34.0,7849
58.38283986076032,1,3.0,8834
58.38374835291305,10,4.0,8438
58.39030761675315,1,5.0,8835
58.39101277555982,10,18.0,8430
58.391215763402286,1,1.0,8836
58.3917629865504,10,2.0,8821
58.39884524204504,17,11.0,-9588
58.39925552445075,1,3.0,8837
58.4029435180794,7,9.0,8566
58.40355042404665,11,1.0,8540
58.40429269000941,4,6.0,8838
58.40551591725057,1,2.0,8839
58.40618509933325,7,1.0,8408
58.40705644246731,10,1.0,8774
58.40735996388219,10,3.0,8604
58.40878432128758,4,5.0,8840
58.4104169253245,5,11.0,0
58.41075826244819,7,1.0,8406
58.411463304131125,10,42.0,8773
58.414382207549785,10,1.0,8724
58.41812660743402,6,1.0,8809
58.41985336158881,1,7.0,8841
58.420034185218654,9,6.0,8483
58.42320570978985,5,1.0,0
58.42368432322375,17,4.0,-3766
58.42707940179418,8,7.0,8655
58.42812675029464,7,8.0,8284
58.42898926208187,11,2.0,8442
58.435704623376715,11,32.0,8524
58.43835287535181,11,6.0,8432
58.44063971900412,10,15.0,8678
58.44184165377541,11,10.0,8499
58.442539690723024,5,5.0,0
58.444793200137596,7,4.0,8665
58.44504383585477,10,1.0,8818
58.44842605441875,11,1.0,8621
58.450423856376126,6,2.0,8686
58.45275097818757,5,7.0,0
58.45424268015832,11,16.0,8504
58.45902169304119,7,9.0,8552
58.46099656589035,15,6.0,-12620
58.46100838336229,7,7.0,8589
58.46226654923191,4,2.0,8842
58.470680631139416,10,7.0,8766
58.4719341371563,10,11.0,8703
58.47370064082926,5,3.0,0
58.47832710440506,13,1.0,-12672
58.48239154944275,17,5.0,-8393
58.48595165417055,3,1.0,8843
58.48695236774632,10,4.0,8764
58.48797608786463,1,4.0,8844
58.4888616823523,6,10.0,8823
58.48915092282431,11,4.0,8484
58.4892059060751,5,3.0,0
58.489447666498215,7,2.0,8357
58.49092398202457,7,2.0,8324
58.49192515020214,4,3.0,8845
58.493374283076605,5,1.0,0
58.493949122044974,3,16.0,8846
58.496103302369704,4,36.0,8847
58.49915905186273,4,8.0,8848
58.49993655834328,4,3.0,8849
58.49998706892151,4,8.0,8850
58.50314648687726,7,2.0,8572
58.50314648687726,16,2.0,8572
58.50394597323386,14,20.0,-12656
58.504204857058134,6,2.0,8839
58.5068908722663,7,5.0,8546
58.50751915343396,17,2.0,-12323
58.5076364266673,5,2.0,0
58.510657464183794,1,4.0,8851
58.513932185421176,7,3.0,8403
58.51563339903838,1,1.0,8852
58.51793430664164,11,2.0,8569
58.51825242453018,10,7.0,8763
58.523296139684604,15,2.0,-12634
58.52379281493903,11,2.0,8631
58.523891635521224,6,28.0,8555
58.52753853132918,10,36.0,8847
58.528287762080026,17,30.0,-12346
58.52830666214394,7,6.0,8616
58.53072054136261,1,1.0,8853
58.53168228706606,16,1.0,6206
58.531719906980555,10,5.0,8772
58.536971485914435,6,6.0,8806
58.54289014233519,15,2.0,-12624
58.545435436117614,17,2.0,-11578
58.54558169191251,4,9.0,8854
58.54792825268213,1,4.0,8855
58.55666617826396,6,4.0,8851
58.558325718429046,11,49.0,8271
58.56102583906427,7,5.0,8388
58.5628708507068,3,21.0,8856
58.56332230904953,15,6.0,-12626
58.56409221936561,1,10.0,8857
58.565490039692236,6,41.0,8544
58.56623116363856,13,2.0,-12665
58.56670918325368,6,10.0,8778
58.56944882367356,7,4.0,8466
58.57027229063717,6,4.0,8791
58.570607659054836,1,4.0,8858
58.57174968054548,17,3.0,-12373
58.572561141908565,17,9.0,-11041
58.57277807149264,1,2.0,8859
58.573257769081295,11,10.0,8582
58.57338819034922,11,22.0,8409
58.57387414979017,4,18.0,8860
58.57499783677358,17,9.0,-12399
58.57514113890657,11,46.0,8378
58.575472657147365,11,59.0,8716
58.57567682279138,7,9.0,8563
58.58026781503041,1,2.0,8861
58.58314405594487,16,10.0,5708
58.58355840092027,10,5.0,8356
58.58408038867596,11,8.0,8507
58.5869915608324,4,2.0,8862
58.58747612124379,3,56.0,8863
58.58807838083806,6,5.0,8835
58.59093341419667,10,6.0,8748
58.59790052756868,10,56.0,8670
58.59841061622074,6,3.0,8837
58.599222591462585,1,1.0,8864
58.599871960424146,5,1.0,0
58.60381229526972,7,2.0,8426
58.60409122176383,1,2.0,8865
58.6052405151235,6,2.0,8759
58.60591383892248,7,2.0,8517
58.60983336379442,6,2.0,8757
58.61277300598719,6,1.0,8864
58.61290412196444,11,4.0,8570
58.615859437109094,4,4.0,8866
58.618034235808594,1,8.0,8867
58.61955498840255,6,1.0,8725
58.61956787404644,11,50.0,8473
58.6220678838854,7,3.0,8654
58.6220678838854,16,3.0,8654
58.62395895114448,3,7.0,8868
58.62402749744265,7,3.0,8465
58.62497462159104,1,9.0,8869
58.626287624615735,10,36.0,8817
58.63596033882821,6,1.0,8667
58.639632065731554,7,4.0,8558
58.639849621987416,10,3.0,8777
58.641988444062775,10,7.0,8815
58.64281018963665,11,7.0,8602
58.642814478587304,10,6.0,8780
58.65018396786729,3,2.0,8870
58.651046305489174,5,9.0,0
58.655284181703244,5,7.0,0
58.65694565452417,17,2.0,-11913
58.657272537754,1,9.0,8871
58.6585346515754,10,5.0,8840
58.660791376021976,5,2.0,0
58.667897705443465,1,10.0,8872
58.66853469256385,5,1.0,0
58.67105364053696,6,5.0,8733
58.6714765958099,3,8.0,8873
58.67438407364476,4,31.0,8874
58.674456038860775,11,2.0,8651
58.67607858784375,1,6.0,8875
58.676152770102554,1,1.0,8876
58.67742011528407,15,3.0,-12633
58.678864636649216,10,11.0,8666
58.68032995247662,11,40.0,8468
58.68063280617857,1,6.0,8877
58.68160454276209,1,3.0,8878
58.68369301965555,5,1.0,0
58.68514199786528,4,4.0,8879
58.687235000559035,15,4.0,-12622
58.68775040900407,6,2.0,8769
58.68889299763631,6,3.0,8822
58.6918877053832,7,1.0,8629
58.69295644816066,6,2.0,8491
58.697972982322455,11,4.0,8684
58.69847125299275,3,3.0,8880
58.70121263568376,3,26.0,8881
58.7013302606214,10,34.0,8610
58.704529959144985,13,4.0,-12668
58.71009786754796,4,2.0,8882
58.710789157966914,6,2.0,8861
58.710981146150836,13,7.0,-12663
58.71222217226676,3,8.0,8883
58.71318022913125,16,7.0,1176
58.71689086244562,7,1.0,8729
58.718421451935264,11,60.0,8639
58.7197132849943,7,6.0,8402
58.71984179967605,13,2.0,-12657
58.72134159771298,5,5.0,0
58.72308658448002,16,16.0,1099
58.72705115211463,7,7.0,8384
58.72761118206934,7,1.0,8532
58.732914541802856,6,2.0,8615
58.7339310708305,10,16.0,8846
58.734198202488834,10,7.0,8868
58.73716764512438,1,3.0,8884
58.74009607241771,1,2.0,8885
58.740393656979876,7,2.0,8464
58.74722221152634,10,24.0,8694
58.747472774404386,4,2.0,8886
58.748819613820785,6,9.0,8871
58.753268876917765,6,5.0,8779
58.754767997282244,10,8.0,8850
58.755170983341834,5,3.0,0
58.75618124019359,10,24.0,8228
58.756971878121774,17,1.0,-9832
58.75819837804489,6,1.0,8662
58.76057195537335,10,9.0,8854
58.76098294528297,11,30.0,8460
58.76124228381976,5,4.0,0
58.7635195198214,1,5.0,8887
58.76624323458633,4,22.0,8888
58.76708550108162,5,1.0,0
58.775519205075994,6,5.0,8530
58.77617750677749,10,1.0,8756
58.778593870031486,6,5.0,8727
58.780564115664426,3,27.0,8889
58.780989236037136,4,2.0,8890
58.781222084533006,16,1.0,6066
58.78223822723021,10,16.0,8705
58.78223940068584,1,4.0,8891
58.78313736288435,6,3.0,8834
58.78453830214371,5,3.0,0
58.78464573021258,7,7.0,8553
58.78596393369836,3,4.0,8892
58.79163308298231,5,2.0,0
58.7942278855892,7,1.0,8533
58.79545694602945,1,5.0,8893
58.79587003502478,1,3.0,8894
58.79604751248394,17,2.0,-3877
58.797165057997226,12,4.0,8404
58.79991821944562,10,2.0,8487
58.80984112659016,7,2.0,8586
58.810280537606246,7,1.0,8574
58.813298976023525,1,2.0,8895
58.816230280255795,7,2.0,8187
58.819188811836305,14,3.0,-12659
58.81959512406049,1,1.0,8896
58.82030979542046,11,6.0,8415
58.82313667406441,5,14.0,0
58.82436352571972,17,20.0,-9581
58.82619840608919,1,7.0,8897
58.82824392584079,11,8.0,8649
58.8289846489302,10,1.0,8739
58.83266028169042,9,7.0,8655
58.83397307964327,6,2.0,8885
58.83629101869984,1,15.0,8898
58.84007128044241,10,8.0,8709
58.84095840911921,10,4.0,8866
58.84320987002866,3,23.0,8899
58.845616822129685,1,8.0,8900
58.850321120631094,10,8.0,8825
58.85334984417365,4,2.0,8901
58.853701204286914,17,6.0,-9874
58.85481106601387,6,2.0,8895
58.8595904122549,6,2.0,8820
58.859678953317534,1,5.0,8902
58.859930672262145,4,7.0,8903
58.86075486511047,6,4.0,8535
58.86898946418041,10,6.0,8799
58.86925374882325,17,1.0,-10469
58.871562251488676,16,33.0,1789
58.87208128820992,11,17.0,8512
58.87596465023217,5,1.0,0
58.878542937123655,10,57.0,8828
58.87898702068041,16,3.0,2820
58.88193474075515,7,1.0,8578
58.88215382195059,17,2.0,-10903
58.88514531797604,6,2.0,8859
58.885277413161205,4,24.0,8904
58.88664719340169,11,6.0,8451
58.89040086455059,1,9.0,8905
58.894085666583194,10,2.0,8760
58.897909022737295,10,1.0,8790
58.90162839023788,11,6.0,8376
58.90165201889625,6,3.0,8781
58.902972633280015,10,47.0,8794
58.90807838944153,1,21.0,8906
58.91161860154282,6,10.0,8857
58.91182763319937,7,1.0,8623
58.91231829379246,11,6.0,8561
58.91257516405292,5,3.0,0
58.9173683335268,11,6.0,8498
58.92007384428068,10,8.0,8596
58.92262519426757,6,10.0,8644
58.92415419000706,1,6.0,8907
58.92444811222352,3,34.0,8908
58.928524026106174,6,6.0,8691
58.9291444771675,10,51.0,8506
58.929680520742146,4,28.0,8909
58.9305801314377,4,6.0,8910
58.93211254816608,1,1.0,8911
58.93522276082931,1,3.0,8912
58.93736031594179,1,2.0,8913
58.93752095252614,11,40.0,8622
58.93890773889708,10,2.0,8901
58.939618014643656,10,53.0,8721
58.9405824579051,17,3.0,-12104
58.94071176536865,11,43.0,8551
58.94100493916464,11,1.0,8190
58.94100493916464,16,1.0,8190
58.943239493240355,16,2.0,7931
58.944925727298724,1,3.0,8914
58.94507445241103,10,24.0,8904
58.94583156526369,8,11.0,8627
58.94614358378476,15,2.0,-12629
58.9498869574855,6,3.0,8914
58.951814310548976,15,1.0,-12625
58.95363768683228,1,3.0,8915
58.95366837443117,7,4.0,8573
58.95821145015472,11,36.0,8647
58.96236798163783,7,2.0,8637
58.96784376608002,10,11.0,8711
58.96870647630618,10,22.0,8888
58.97106295356333,1,3.0,8916
58.97426811296295,10,27.0,8889
58.975135339807956,1,10.0,8917
58.97837255231551,7,4.0,8690
58.97929555720479,17,2.0,-11002
58.97942611180722,11,13.0,8653
58.9877298867632,4,12.0,8918
58.99023774448622,17,7.0,-12068
58.991103651656275,6,10.0,8872
58.99727474386092,6,2.0,8819
58.997758159432365,10,5.0,8776
59.00504856975406,1,4.0,8919
59.00645518133316,4,4.0,8920
59.01068342638099,11,7.0,8478
59.01110833892217,11,1.0,8714
59.011813170261426,11,34.0,8493
59.012203183776435,5,2.0,0
59.0124068723222,3,4.0,8921
59.01336191622516,7,6.0,8787
59.013636368192955,10,48.0,8531
59.01464427684401,4,1.0,8922
59.01621134980078,6,9.0,8869
59.02185201647254,7,3.0,8399
59.02484780255796,4,6.0,8923
59.02500910073126,10,4.0,8921
59.02619467137603,3,6.0,8924
59.02676035796596,1,1.0,8925
59.02868255140876,12,48.0,8531
59.029635945736736,11,2.0,8608
59.034188495009325,10,4.0,8892
59.03966866808284,4,4.0,8926
59.0403704609307,6,9.0,8905
59.0432825808368,10,2.0,8886
59.04430805989208,1,2.0,8927
59.04500046244128,5,7.0,0
59.045686890927996,3,11.0,8928
59.047818667366656,5,1.0,0
59.04785762407727,5,1.0,0
59.04817986831324,11,4.0,8391
59.04829431260174,6,2.0,8808
59.05135589095748,11,40.0,8494
59.056040912352586,10,12.0,8918
59.0563395196152,11,9.0,8607
59.05706767103572,11,41.0,8671
59.0609640438891,4,20.0,8929
59.06274783464445,7,2.0,8421
59.06403801287971,5,2.0,0
59.066443568644935,1,6.0,8930
59.06661122535203,4,57.0,8931
59.066865760078244,6,51.0,8731
59.06781158642116,10,25.0,8807
59.069533715311984,10,2.0,8800
59.06968915784749,12,9.0,8444
59.07120379481873,10,55.0,8697
59.074050929166205,6,1.0,8412
59.07436798091514,6,4.0,8580
59.07498429990178,1,5.0,8932
59.07516528239215,13,28.0,-12674
59.0760995877349,10,60.0,8634
59.07852063668348,5,7.0,0
59.07990682213388,1,4.0,8933
59.08177802611235,1,3.0,8934
59.08433922054203,10,1.0,8922
59.08822454656614,7,6.0,8628
59.08916416395611,1,4.0,8935
59.09021687494904,11,11.0,8479
59.090930684309726,10,8.0,8873
59.09397155897949,7,2.0,8092
59.09589385895548,1,4.0,8936
59.098674109500486,6,3.0,8912
59.09895097116134,10,54.0,8740
59.09971319528816,7,4.0,8539
59.09987017298911,8,4.0,8730
59.100911728809294,6,5.0,8648
59.110455099374015,7,3.0,8502
59.11065217995985,11,3.0,8604
59.11173763708941,1,2.0,8937
59.114654418812286,7,4.0,8660
59.12026908775709,4,17.0,8938
59.120398940567895,14,6.0,-12683
59.12228644366947,11,9.0,8457
59.12659332400156,6,1.0,8925
59.126714636477615,1,6.0,8939
59.13718687625754,15,1.0,-12646
59.14234184795363,11,4.0,8514
59.1441721749017,1,7.0,8940
59.14582694334205,1,3.0,8941
59.147061972289045,3,20.0,8942
59.149291578372,1,2.0,8943
59.14933524583987,10,3.0,8849
59.1515349712228,15,1.0,-12652
59.153315836533615,3,4.0,8944
59.153739881689916,4,16.0,8945
59.16653840423302,1,1.0,8946
59.1668802027682,3,11.0,8947
59.16823574968944,11,9.0,8590
59.16936851643045,15,1.0,-12639
59.1738049261818,10,2.0,8862
59.17394326663851,5,5.0,0
59.176264517092754,6,6.0,8877
59.17645479483461,5,4.0,0
59.177034215736064,6,4.0,8891
59.1828920080888,1,4.0,8948
59.183102190317314,11,7.0,8775
59.18511686899874,11,49.0,8584
59.18523852118058,7,3.0,8489
59.18791288032818,14,2.0,-12675
59.18791755437672,10,6.0,8924
59.18847259383319,5,1.0,0
59.188802357446356,4,2.0,8949
59.189275585315,7,1.0,8456
59.1895261468259,17,18.0,-11066
59.19124771731903,10,4.0,8593
59.191515807203096,12,6.0,8924
59.19169862570225,7,5.0,8767
59.19184852602241,16,2.0,7886
59.19268506178733,10,11.0,8928
59.19289786878912,13,2.0,-12677
59.19551798544262,10,41.0,8789
59.195519362106914,15,4.0,-12647
59.196839889149494,7,2.0,8757
59.19731923192232,11,40.0,8683
59.197344032426905,6,1.0,8511
59.19939517363071,10,6.0,8838
59.19974480411966,17,2.0,-11423
59.20034245974845,11,1.0,8646
59.20092167847349,1,5.0,8950
59.20212344720777,11,14.0,8704
59.202133954035396,11,12.0,8413
59.2040844318098,6,1.0,8852
59.20848625966081,7,2.0,8446
59.21156449653554,3,5.0,8951
59.2134236879855,7,7.0,8689
59.214242863225174,10,5.0,8951
59.214929794980335,10,16.0,8342
59.22103741606925,6,15.0,8898
59.22398177488266,1,3.0,8952
59.22924781487938,13,3.0,-12676
59.23244472896294,17,1.0,-903
59.23288176801912,10,8.0,8810
59.23327600920768,17,4.0,-12276
59.235036647688034,1,5.0,8953
59.23723571235776,11,9.0,8381
59.242667712228226,9,11.0,8627
59.245460896931384,11,2.0,8390
59.24899366388233,5,1.0,0
59.250283822238806,4,2.0,8954
59.25574194660178,1,10.0,8955
59.26071691038476,6,3.0,8550
59.2616828136535,17,3.0,-10328
59.26287052622014,10,17.0,8938
59.2633645525621,11,9.0,8668
59.26363732443785,1,9.0,8956
59.26377692783618,11,8.0,8420
59.26696747712834,1,7.0,8957
59.26721984116732,8,10.0,8419
59.26864887587853,5,2.0,0
59.26911090151199,12,2.0,8567
59.2699535360389,15,11.0,-12654
59.27206896915008,6,6.0,8826
59.27612431398752,6,5.0,8893
59.27830917350093,17,1.0,-9559
59.283501270131836,7,2.0,8556
59.284272077872004,7,2.0,8463
59.291765076125685,6,4.0,8933
59.29184744352531,9,4.0,8730
59.29188476707694,11,14.0,8588
59.292181811007346,14,1.0,-12680
59.29340106178071,5,1.0,0
59.29374162594323,6,2.0,8599
59.29488276111708,11,13.0,8605
59.29924525570042,4,14.0,8958
59.30167934485995,4,5.0,8959
59.304677254095154,7,7.0,8295
59.30528555846529,11,3.0,8477
59.307029621861126,3,7.0,8960
59.30824210673728,11,4.0,8801
59.309282291734206,6,1.0,8896
59.30958369693703,4,10.0,8961
59.312698014929225,13,2.0,-12686
59.3131101624265,5,1.0,0
59.3133322370742,6,3.0,8915
59.31541986884135,17,4.0,-11511
59.31567143464154,5,4.0,0
59.31817610728616,5,2.0,0
59.31894599864397,1,2.0,8962
59.32392622730557,7,3.0,8626
59.32464429456442,15,3.0,-12638
59.32632304822345,16,22.0,7902
59.32650475847639,1,2.0,8963
59.33111214813715,7,11.0,8661
59.33122856872223,1,4.0,8964
59.331311123092135,4,1.0,8965
59.33457421904716,10,4.0,8812
59.33704142121622,10,2.0,8842
59.338338602444075,5,1.0,0
59.34323862445448,5,3.0,0
59.34375931033748,1,7.0,8966
59.34407816791003,7,10.0,8823
59.34438293257679,6,1.0,8515
59.34513673129245,7,7.0,8261
59.34915670640464,6,1.0,8741
59.35185781886019,17,2.0,-12400
59.35508234809547,11,3.0,8728
59.35727896891005,7,16.0,8293
59.358196823107065,5,28.0,0
59.35909640342382,1,6.0,8967
59.36753783277551,4,4.0,8968
59.36976372832045,6,3.0,8878
59.3703565493229,1,5.0,8969
59.37450314826391,1,1.0,8970
59.37538925656786,1,2.0,8971
59.379216489073535,7,11.0,8735
59.379353205707154,1,2.0,8972
59.38584995904918,3,31.0,8973
59.38931090424872,1,1.0,8974
59.39172028232296,1,2.0,8975
59.392058957384926,1,3.0,8976
59.39241948739597,10,25.0,8598
59.39322692676778,7,1.0,8497
59.39394537694446,5,4.0,0
59.395337966094196,10,7.0,8903
59.39551276783024,17,10.0,-1095
59.398729346424474,6,7.0,8940
59.40005472626802,5,2.0,0
59.40020343511887,5,3.0,0
59.40062809912713,10,57.0,8931
59.40092893764484,3,3.0,8977
59.401104508289116,11,21.0,8650
59.402719233840045,11,49.0,8710
59.40550511734442,6,6.0,8758
59.40609308173909,3,1.0,8978
59.406241940751286,1,7.0,8979
59.40806969733204,5,3.0,0
59.41013100232595,5,5.0,0
59.41067997069999,4,2.0,8980
59.41230156577996,6,4.0,8948
59.41489259431918,13,2.0,-12689
59.41497566353537,5,1.0,0
59.41567417036953,11,4.0,8633
59.415884502929394,5,1.0,0
59.42066995458728,11,8.0,8770
59.42194986158593,5,3.0,0
59.42334400183501,7,2.0,8344
59.42421385191456,11,53.0,8435
59.42491581733625,6,7.0,8897
59.425045227232914,3,32.0,8981
59.43227932533698,6,3.0,8934
59.43304182366679,7,2.0,8759
59.43414442777581,17,1.0,-12363
59.436058982759825,7,41.0,8544
59.43671527758853,3,9.0,8982
59.437229551816806,4,10.0,8983
59.438472949169196,5,1.0,0
59.440466900760356,4,15.0,8984
59.44495614707293,6,3.0,8715
59.44515601432663,17,1.0,-9126
59.44876995416786,7,3.0,8250
59.45178032707489,6,2.0,8937
59.45223657780701,1,1.0,8985
59.4523429971077,15,1.0,-12653
59.45283068714113,6,1.0,8985
59.45483126607367,1,12.0,8986
59.45522050539757,7,7.0,8564
59.456756197990465,1,2.0,8987
59.45713265115053,1,4.0,8988
59.45914509187838,5,4.0,0
59.46039207035747,11,49.0,8458
59.46251724632683,3,4.0,8989
59.46520054337532,5,1.0,0
59.46660840464044,1,2.0,8990
59.46826126300678,7,2.0,8560
59.47401663999744,7,7.0,8534
59.47493257457853,3,9.0,8991
59.47716645192073,4,3.0,8992
59.48253643593208,9,9.0,8339
59.4828309497095,4,46.0,8993
59.48517375659086,10,9.0,8991
59.487650378273244,1,13.0,8994
59.488631871086845,6,3.0,8894
59.48926175441873,6,4.0,8855
59.4896730180646,1,4.0,8995
59.49142172863043,6,1.0,8752
59.494426893824425,7,2.0,8625
59.495555478767024,11,3.0,8679
59.49880874909571,1,2.0,8996
59.499963319905,10,1.0,8978
59.50416496964819,4,4.0,8997
59.50766219859727,3,57.0,8998
59.508297458543495,10,56.0,8585
59.512040673626835,7,4.0,8722
59.51273855252637,17,5.0,-12290
59.51828826657469,6,3.0,8884
59.51877667571418,4,24.0,8999
59.52042557167517,11,3.0,8693
59.528005734192654,1,4.0,9000
59.529658581294484,17,7.0,-12214
59.53450508179493,11,1.0,8750
59.536918541989195,4,12.0,9001
59.53762160904416,3,9.0,9002
59.5404259979364,6,1.0,8970
59.54050123600299,6,6.0,8875
59.54245081340355,1,2.0,9003
59.544032921002156,10,2.0,8949
59.544098246654286,1,4.0,9004
59.54473232288662,11,5.0,8527
59.554288596766185,4,3.0,9005
59.55541379218517,8,1.0,8513
59.557487084670115,15,1.0,-12637
59.558559915719414,6,4.0,9004
59.562390635528274,16,6.0,8114
59.56269368057949,1,4.0,9006
59.563127764502184,11,3.0,8488
59.563484301316215,13,2.0,-12690
59.56542940714325,10,2.0,8753
59.56610360797771,7,33.0,8614
59.56705443449393,6,12.0,8986
59.56881131735084,7,2.0,8581
59.56968594590802,6,5.0,8950
59.570494462516066,4,1.0,9007
59.57121012743831,3,49.0,9008
59.57284106853064,7,3.0,8663
59.57284134929461,10,3.0,8977
59.57458668094804,1,5.0,9009
59.57542923507124,15,2.0,-12649
59.57757865463235,5,2.0,0
59.58024374653051,4,6.0,9010
59.5840403729036,6,1.0,8974
59.58663659348058,7,1.0,8687
59.5889960584558,1,1.0,9011
59.59139997923823,11,2.0,8782
59.59472676723588,1,7.0,9012
59.59693498955066,10,3.0,8811
59.597502500872544,10,9.0,8600
59.597895104572956,13,2.0,-12679
59.602945953117114,17,5.0,-9690
59.60473735960393,11,24.0,8228
59.60543746143679,10,4.0,8968
59.60559475504029,1,8.0,9013
59.60724262282456,1,3.0,9014
59.608168485357155,14,10.0,-12682
59.61046194451831,7,2.0,8719
59.611203179203684,6,7.0,8966
59.613851424937266,10,32.0,8981
59.61416579447399,10,1.0,8792
59.61608613990391,6,5.0,9009
59.61885554401513,6,5.0,8902
59.62084601180647,5,2.0,0
59.622618631084606,6,8.0,8677
59.623047863126395,11,2.0,8692
59.62724068259337,13,1.0,-12684
59.62758351339501,6,4.0,8935
59.62852378605169,3,5.0,9015
59.63581434957294,17,2.0,-11449
59.63680625726563,6,3.0,8976
59.63712205723029,11,8.0,8825
59.63729827751628,5,6.0,0
59.638476278968156,10,3.0,8831
59.64191123400617,7,6.0,8797
59.6486213713928,6,2.0,8996
59.64919059599386,11,20.0,8571
59.64931834051281,5,1.0,0
59.651716948980436,6,7.0,8841
59.65422737430944,5,1.0,0
59.656310273133315,10,30.0,8538
59.65711103326837,1,9.0,9016
59.659463324790785,5,4.0,0
59.66493586197659,11,11.0,8703
59.66532714403429,7,10.0,8675
59.666307444884126,11,18.0,8430
59.66878058254146,10,10.0,8961
59.67629654012429,16,3.0,4850
59.67806886976911,6,2.0,8962
59.68041929712533,13,1.0,-12673
59.68164619846307,10,4.0,8879
59.681872436629405,1,4.0,9017
59.682360911139185,17,1.0,-10223
59.68237174334749,11,1.0,8278
59.6836021880287,6,5.0,8969
59.68421898726755,5,1.0,0
59.68685568228474,6,1.0,9011
59.68924171013975,10,9.0,9002
59.6893545753101,4,5.0,9018
59.69373386939099,3,7.0,9019
59.69641208155974,10,6.0,8923
59.69695827137521,7,5.0,8521
59.699147160259265,1,5.0,9020
59.69984621625457,4,4.0,9021
59.70353601632358,11,11.0,8747
59.7065832669702,10,10.0,8983
59.71190521011005,11,6.0,8462
59.71191242407443,6,6.0,8771
59.712846402815416,6,1.0,8911
59.713605259233645,4,1.0,9022
59.71398441749996,1,1.0,9023
59.71742015790246,13,3.0,-12681
59.7186152981375,11,4.0,8743
59.7244490777115,6,9.0,8956
59.72488823837283,10,1.0,9007
59.725497046600026,1,4.0,9024
59.727620015836834,13,1.0,-12688
59.73205094551523,5,2.0,0
59.73236577393912,17,2.0,-4364
59.732454490387816,5,1.0,0
59.73273507293945,4,1.0,9025
59.73892492556858,5,36.0,0
59.74106957143709,1,9.0,9026
59.74152348312769,6,2.0,8990
59.75066993200635,1,16.0,9027
59.750830606430014,7,1.0,8852
59.75160737864878,1,3.0,9028
59.75340544110725,11,15.0,8640
59.75385163325625,7,1.0,8603
59.75625168455799,10,20.0,8942
59.756953976081896,6,3.0,9028
59.76002315182911,3,3.0,9029
59.7612032394982,5,1.0,0
59.76124474326231,3,46.0,9030
59.76287390387454,16,5.0,5689
59.76333753542795,1,5.0,9031
59.7635875330982,7,3.0,8708
59.76466543446355,10,18.0,8860
59.76524147383877,11,8.0,8873
59.76700485714601,10,5.0,9015
59.76861429346354,15,1.0,-12651
59.768983477693865,10,8.0,8883
59.769954177220264,6,4.0,9017
59.77062524721566,10,45.0,8786
59.77428488462034,11,6.0,8838
59.77561443483586,4,2.0,9032
59.777124646957695,5,1.0,0
59.77748228989324,7,4.0,8720
59.777542113270414,10,59.0,8745
59.7783417932983,10,56.0,8863
59.78079060188378,9,2.0,8567
59.781186333634146,1,2.0,9033
59.781391143369696,15,2.0,-12642
59.78460325523217,11,3.0,8746
59.78509534481422,10,1.0,8843
59.78650525620155,5,3.0,0
59.790514771399494,7,1.0,8725
59.79110250138084,3,4.0,9034
59.79185424704236,5,2.0,0
59.797510695005215,17,1.0,-11461
59.79805147317122,13,6.0,-12687
59.799016499832895,1,1.0,9035
59.7990353844665,15,3.0,-12644
59.80031232290217,9,4.0,8404
59.801094406008154,1,1.0,9036
59.80336182839493,4,5.0,9037
59.80932848993512,17,50.0,-11624
59.81347767553524,17,1.0,-5062
59.81422071789028,4,11.0,9038
59.81672378377244,4,15.0,9039
59.817797164393625,7,7.0,8696
59.819274014885686,6,3.0,8941
59.81946233841253,1,1.0,9040
59.81991063924766,7,1.0,8375
59.821523205548274,7,2.0,8688
59.82154861139927,11,4.0,8496
59.82430197273531,6,4.0,8695
59.82489692513603,5,1.0,0
59.83045861069476,6,1.0,9035
59.83053849391884,7,3.0,8434
59.83380117588182,1,2.0,9041
59.8369361973738,13,3.0,-12685
59.83761495211756,15,2.0,-12645
59.83824148782419,1,3.0,9042
59.839091823327536,10,5.0,9037
59.84296958911352,1,9.0,9043
59.844054527269904,7,1.0,8737
59.8457227403933,1,1.0,9044
59.84687032203089,3,4.0,9045
59.85017469758202,3,60.0,9046
59.85198948991018,1,1.0,9047
59.85208112984475,1,5.0,9048
59.85489751519465,15,1.0,-12640
59.858296187516856,12,45.0,8786
59.85857061957576,10,31.0,8874
59.85859231683395,7,7.0,8619
59.860823439174524,6,10.0,8955
59.86988856751982,7,15.0,8898
59.87096484052309,11,3.0,8744
59.873904804093044,4,15.0,9049
59.874625613665074,12,5.0,9037
59.875533895639045,17,1.0,-7440
59.880299161301984,15,9.0,-12643
59.8809285581935,7,6.0,8467
59.8833861470491,7,4.0,8476
59.885204034668554,17,1.0,-6288
59.885241700649736,1,1.0,9050
59.885559116309835,10,5.0,8804
59.88828658542848,5,4.0,0
59.889923986152276,6,2.0,8913
59.89321492964404,10,20.0,8929
59.89452481675707,5,1.0,0
59.8947087067347,11,42.0,8773
59.8947087067347,16,42.0,8773
59.89528749620936,4,12.0,9051
59.89654718317815,11,30.0,8474
59.89661306434481,1,1.0,9052
59.898227664517925,3,25.0,9053
59.90016163161111,17,4.0,-9894
59.90131245278171,6,5.0,8887
59.90198498614695,17,4.0,-12489
59.903374627488475,7,1.0,8526
59.905398701888416,10,5.0,8959
59.907892894260215,11,5.0,8951
59.909397621795925,17,7.0,-12229
59.91128542957035,3,7.0,9054
59.91149295707642,1,3.0,9055
59.916445345635,10,11.0,8947
59.92617029030337,4,3.0,9056
59.92828107978604,11,11.0,8666
59.92898063187166,6,3.0,8952
59.92992166541965,4,36.0,9057
59.93037438047062,10,4.0,8989
59.93163270221812,3,41.0,9058
59.935685625795436,17,2.0,-5501
59.936752945393245,11,11.0,8761
59.93822584032347,16,4.0,6167
59.939809345472966,6,2.0,8963
59.941427100516364,10,2.0,8954
59.944019911522645,7,11.0,8549
59.947280087276084,10,2.0,8890
59.949733539193744,16,7.0,7919
59.95074121787443,10,5.0,8793
59.95337250137216,5,2.0,0
59.96176615178885,1,11.0,9059
59.963021963996056,15,3.0,-12641
59.96395575911663,6,1.0,8836
59.96789096061731,6,6.0,8907
59.968781028011854,1,2.0,9060
59.969187693420764,17,2.0,-11596
59.970170459329104,15,2.0,-12650
59.97279955355118,16,52.0,7870
59.97299553007543,4,2.0,9061
59.97403345498163,7,2.0,8839
59.97847423122329,6,3.0,8916
59.97875304414088,10,5.0,9018
59.9791544401857,11,36.0,8817
59.97947057134849,11,4.0,8450
59.984889670087156,10,4.0,8944
59.98507978272675,1,9.0,9062
59.986529403137595,10,41.0,9058
59.98677572248889,7,2.0,8674
59.98684794018813,13,1.0,-12678
59.98688722395572,11,6.0,8748
59.987166208805114,17,6.0,-12542
59.98860514365762,1,1.0,9063
59.98890258490775,1,3.0,9064
59.989307023972295,17,3.0,-10266
59.99042929140872,15,3.0,-12648
59.99530210801562,17,1.0,-9389
59.996887197260556,4,3.0,9065
59.997371314203264,1,1.0,9066
59.99998589335663,9,9.0,8444
60.00083891328271,5,2.0,0
60.001030826678445,14,4.0,-12701
60.00110025951452,5,5.0,0
60.00224314860825,10,46.0,8993
60.00309263010759,11,2.0,8862
60.00366460209594,5,1.0,0
60.00532791146655,7,6.0,8712
60.00741032512367,7,5.0,8835
60.00771021561573,6,2.0,8865
60.01039919998636,6,9.0,9043
60.014066405098426,7,5.0,8733
60.01685736018658,11,5.0,8356
60.01769621033736,11,11.0,8523
60.026136970447304,6,4.0,8988
60.02799625687135,11,5.0,8796
60.028406718018594,7,2.0,8685
60.029449581284936,1,3.0,9067
60.033203679081765,5,2.0,0
60.03386687360867,5,1.0,0
60.0357842381217,7,2.0,8769
60.03682262840661,15,2.0,-12657
60.03862097408651,10,3.0,9056
60.03983970354765,5,7.0,0
60.040286910635956,15,1.0,-12662
60.04163693988057,11,5.0,8624
60.04268104366563,11,46.0,8742
60.04427965184709,4,11.0,9068
60.04552222387983,6,21.0,8906
60.054432392226445,7,1.0,8645
60.05509788326123,1,2.0,9069
60.05523598115498,7,5.0,8682
60.05729418215124,4,6.0,9070
60.0619943375273,3,41.0,9071
60.06342236731109,10,2.0,9032
60.065756056592285,10,6.0,9070
60.067162447582135,6,8.0,8900
60.06787025238645,5,1.0,0
60.06977474270627,15,3.0,-12666
60.07747316703555,10,3.0,9005
60.077667567569904,1,3.0,9072
60.07872086663354,11,6.0,8799
60.08145811807869,6,2.0,9069
60.08323039288705,11,34.0,8610
60.084862856394274,1,2.0,9073
60.08654591837709,17,1.0,-11347
60.08883845096838,11,2.0,8568
60.090303054147114,1,1.0,9074
60.09371602351334,6,7.0,8957
60.09588569872419,6,9.0,9062
60.09719052577436,10,3.0,9029
60.100852990968654,6,2.0,8829
60.1089676005718,5,1.0,0
60.10914249352608,1,3.0,9075
60.11079993370535,7,8.0,8565
60.11082002125133,5,1.0,0
60.114146837089585,7,3.0,8822
60.11451658226524,7,3.0,8380
60.11465211552756,10,10.0,8798
60.11632427320372,11,16.0,8705
60.117996592944046,10,25.0,9053
60.12116393817768,5,2.0,0
60.121543114248574,5,5.0,0
60.12372452151618,1,1.0,9076
60.12409786333916,5,8.0,0
60.12687055626956,6,2.0,9041
60.12741117570889,1,3.0,9077
60.128275155648396,15,7.0,-12663
60.12836828130681,1,3.0,9078
60.12846897550225,3,18.0,9079
60.12864673536804,13,4.0,-12692
60.12865684724032,7,2.0,8819
60.129817682569865,11,7.0,8766
60.129830564041725,7,2.0,8765
60.13219774298249,6,2.0,8943
60.13247867690527,6,1.0,9040
60.13307328310122,7,24.0,8579
60.13332231900986,1,7.0,9080
60.13367341601668,10,2.0,8980
60.13536850157819,4,31.0,9081
60.13809387431585,7,4.0,8535
60.13886437636893,6,1.0,8946
60.1409788319266,4,3.0,9082
60.14275523873342,11,7.0,8755
60.144518145293155,6,1.0,9063
60.14501497390206,4,13.0,9083
60.14526231084135,4,6.0,9084
60.149192902834955,7,5.0,8648
60.15601652641648,4,21.0,9085
60.160296746582794,6,7.0,8979
60.16079843851536,7,6.0,8758
60.16127681696469,10,13.0,9083
60.1615092931317,7,3.0,8915
60.16228588551703,7,3.0,8914
60.16724983132584,10,1.0,9025
60.16867157588324,1,12.0,9086
60.169522267924044,1,3.0,9087
60.169856632223684,6,2.0,8987
60.17011342357572,1,5.0,9088
60.17048143614382,1,1.0,9089
60.170538578968014,10,26.0,8881
60.17094841262414,16,1.0,2763
60.17344337735188,7,1.0,8702
60.17663227109632,4,2.0,9090
60.177582010232285,3,4.0,9091
60.177842768385645,6,1.0,9052
60.17812799477632,4,2.0,9092
60.179611884241226,7,1.0,8741
60.18047019810245,6,3.0,9067
60.1821010617043,10,21.0,9085
60.18241310953774,7,2.0,8686
60.18438688031213,7,5.0,8738
60.184604872292034,5,13.0,0
60.18500727871072,11,1.0,8818
60.18724131999937,12,5.0,8804
60.1874928935055,1,2.0,9093
60.19196734825958,12,2.0,8980
60.195892080247724,5,10.0,0
60.201534087909685,3,41.0,9094
60.202316533805025,10,4.0,9045
60.20314206350938,7,4.0,8933
60.20446373485593,1,15.0,9095
60.20918135714946,1,6.0,9096
60.21141405939674,11,17.0,8751
60.21194899726916,5,9.0,0
60.21640396211079,11,54.0,8740
60.216421200110126,16,22.0,4542
60.22145886669316,10,6.0,9084
60.22174648518763,4,1.0,9097
60.226139848206735,4,20.0,9098
60.226568921225585,7,4.0,8680
60.22887543067643,13,3.0,-12706
60.22964057129064,11,4.0,8438
60.23101192612959,1,5.0,9099
60.231664194049344,1,5.0,9100
60.23619878207391,7,5.0,8699
60.23785198359628,1,5.0,9101
60.23968118226324,4,4.0,9102
60.244624788612306,7,4.0,8537
60.24625310407416,11,9.0,8701
60.24774476855668,15,5.0,-12671
60.25190937424772,14,2.0,-12697
60.253911306149114,6,5.0,9099
60.260406204814934,6,3.0,9064
60.261277362779445,15,20.0,-12656
60.264317301571914,11,5.0,8776
60.267303723093136,11,32.0,8981
60.267303723093136,16,32.0,8981
60.26850582979211,11,57.0,8931
60.269816784261494,10,1.0,8965
60.271464981500024,5,1.0,0
60.271994947646654,5,5.0,0
60.27719906264108,10,4.0,8274
60.27786324485892,1,1.0,9103
60.27936523173298,5,42.0,0
60.280120268470405,11,24.0,8694
60.282628415894514,6,5.0,9100
60.28358963470159,11,5.0,8840
60.28551670489582,1,1.0,9104
60.29024362337738,6,2.0,9003
60.29232670940135,16,9.0,8336
60.29453000355397,5,2.0,0
60.30310078881665,7,2.0,8808
60.30310078881665,16,2.0,8808
60.30427705294432,10,37.0,8824
60.30632949649295,11,3.0,8762
60.308295768857505,5,2.0,0
60.31162742642982,5,2.0,0
60.313406433633894,3,8.0,9105
60.314313230358074,17,3.0,-10964
60.31545347682673,15,3.0,-12659
60.31560416287338,10,12.0,9051
60.31563488717181,10,3.0,9065
60.32488536784341,4,1.0,9106
60.32505232342336,6,10.0,8813
60.325075058939035,11,3.0,8664
60.32623246312654,4,2.0,9107
60.32925550989792,6,1.0,8754
60.33236520599429,7,18.0,8597
60.33340342876595,15,4.0,-12668
60.33557711748391,1,3.0,9108
60.34135969311468,6,3.0,9077
60.34140206149752,4,8.0,9109
60.3415035582064,9,1.0,8513
60.342191100195585,5,3.0,0
60.343797055347565,5,1.0,0
60.34402245899846,5,1.0,0
60.34497563875786,4,1.0,9110
60.34565410642835,4,4.0,9111
60.35228955637004,1,6.0,9112
60.35307337026547,3,7.0,9113
60.35453650694404,16,6.0,7761
60.35494738519689,6,3.0,9055
60.355991555543625,10,11.0,9068
60.36224769445906,4,5.0,9114
60.36384010970089,10,21.0,8856
60.363895656280306,7,6.0,8681
60.36456990515928,11,50.0,8425
60.36530549308806,10,7.0,9054
60.36791853586415,6,1.0,9050
60.36864513290873,11,60.0,8634
60.36888732970164,10,41.0,9071
60.37137840107977,10,15.0,9039
60.37323989509565,6,5.0,8953
60.37560107392837,5,4.0,0
60.37853221255005,10,3.0,8992
60.37898597972252,6,1.0,8876
60.3830341654473,10,20.0,9098
60.38378909583244,1,34.0,9115
60.383960330563504,6,3.0,9042
60.38470590053746,4,22.0,9116
60.38502644808099,1,4.0,9117
60.386134050486135,1,7.0,9118
60.386957544732994,7,7.0,8966
60.39098034374156,9,10.0,8419
60.39516789675475,5,1.0,0
60.395785862171984,7,6.0,8691
60.39692011600562,1,6.0,9119
60.40182918851008,10,1.0,9110
60.40201313057608,7,2.0,8491
60.402581631724075,1,3.0,9120
60.40928701470105,11,16.0,8846
60.41629620762198,10,8.0,8848
60.41787636359655,11,9.0,8854
60.41810564947514,11,1.0,8792
60.42122007313897,5,3.0,0
60.42425852353635,13,3.0,-12696
60.424682382867395,4,4.0,9121
60.42495671204638,17,1.0,-12540
60.426399080068755,4,7.0,9122
60.42660051313287,11,3.0,8777
60.427405080923144,7,5.0,8727
60.42766794960928,16,7.0,2363
60.4315207684747,10,3.0,8880
60.43336416874241,11,7.0,8642
60.43442871274643,6,6.0,9119
60.43462031890818,11,3.0,8977
60.43647621282293,5,6.0,0
60.437929477779306,17,1.0,-2413
60.44264017561535,1,1.0,9123
60.44469930570434,17,2.0,-12605
60.44649012134269,5,1.0,0
60.44800233116638,11,2.0,8487
60.45041199844086,6,13.0,8994
60.450731256098,5,1.0,0
60.453963147844995,5,40.0,0
60.45443300675604,1,26.0,9124
60.45453970192477,7,2.0,8609
60.454672912848324,6,3.0,9120
60.45516499859516,11,33.0,8802
60.4555644739946,1,1.0,9125
60.45900911280809,7,12.0,8986
60.46108945128659,3,56.0,9126
60.463033710569725,1,4.0,9127
60.46369726490533,15,1.0,-12672
60.464697087355425,5,4.0,0
60.4649545306952,6,6.0,8832
60.465968443494575,1,18.0,9128
60.467894348512104,1,2.0,9129
60.470618214893655,4,8.0,9130
60.47172787334268,6,55.0,8784
60.47225996105147,1,5.0,9131
60.47506751062248,17,1.0,-11430
60.475630299569154,6,2.0,9129
60.47643376296859,10,4.0,9091
60.477046055793714,10,31.0,8973
60.47817998217719,7,5.0,8503
60.48015080015835,10,57.0,8998
60.48296096409678,15,1.0,-12660
60.485031409915685,7,1.0,8510
60.48524360645583,8,5.0,8734
60.48553988700594,5,36.0,0
60.49199516655463,17,2.0,-12018
60.492909376997744,6,4.0,8936
60.493494060711875,6,1.0,9104
60.49524459880346,11,3.0,8831
60.49936736219622,1,11.0,9132
60.499961787925756,6,11.0,9132
60.503903994198104,6,12.0,9086
60.504214126763436,6,5.0,9031
60.50429573268951,3,42.0,9133
60.50465697052257,6,3.0,8803
60.50533376536308,1,3.0,9134
60.50556205314747,17,4.0,-12447
60.512410365151894,1,2.0,9135
60.51388023306406,5,1.0,0
60.51838008412554,10,46.0,9030
60.52287148866604,4,2.0,9136
60.524764261651825,4,6.0,9137
60.52629933585651,11,1.0,8672
60.53223024348206,4,7.0,9138
60.53337121555847,7,2.0,8783
60.533882398200696,13,1.0,-12703
60.53424279492483,15,1.0,-12669
60.53686954798605,1,7.0,9139
60.53864841099852,10,14.0,8958
60.54577598686222,3,4.0,9140
60.54622677022896,13,1.0,-12693
60.5551218057645,1,4.0,9141
60.56099223257108,17,1.0,-10296
60.56236787605995,6,1.0,9076
60.56241065040837,7,6.0,8309
60.56400290317421,1,1.0,9142
60.56529123792432,5,1.0,0
60.568912808913936,11,18.0,8732
60.57476390330942,1,7.0,9143
60.574828903632955,5,7.0,0
60.575482857102045,7,1.0,8970
60.576368478298896,11,4.0,8921
60.57725810641081,11,7.0,8903
60.57849096921662,4,2.0,9144
60.57911988633687,16,2.0,7980
60.58080234091085,6,1.0,9123
60.58202044988945,6,7.0,9080
60.58231646158951,6,4.0,9141
60.58343675222451,1,1.0,9145
60.58345275642523,1,5.0,9146
60.58455034693892,4,7.0,9147
60.591610616402804,7,2.0,8599
60.59238903419724,10,23.0,8899
60.592859285588496,6,16.0,9027
60.593326230044426,15,5.0,-12655
60.593326230044426,17,5.0,-12655
60.602166043354984,11,2.0,8785
60.60504188706467,17,4.0,-11636
60.607161978068156,10,4.0,9034
60.60851653340373,11,56.0,8670
60.610021956192206,10,28.0,8909
60.61147318982365,7,3.0,8878
60.61469458549694,5,2.0,0
60.619264624366,1,7.0,9148
60.620256445159576,11,56.0,8863
60.621084053452726,7,3.0,8834
60.62109424316165,11,10.0,8736
60.621917230427215,6,2.0,9033
60.62313061445079,4,2.0,9149
60.62890977595724,1,4.0,9150
60.62970526827165,13,3.0,-12699
60.62990454446544,1,9.0,9151
60.63101976953931,6,8.0,9013
60.63328645439748,10,2.0,8870
60.63633765780452,10,7.0,9113
60.636841674762664,1,5.0,9152
60.64330860457919,10,5.0,9114
60.6439395378586,1,8.0,9153
60.64495059620231,6,4.0,8768
60.646031084596686,17,5.0,-8949
60.650094803298806,17,1.0,-12022
60.65113286307439,11,17.0,8938
60.65242037634699,1,10.0,9154
60.65741280762748,1,1.0,9155
60.65917153911474,7,4.0,8518
60.66068378372846,6,1.0,9023
60.66180401900758,10,4.0,9140
60.664802744735724,1,5.0,9156
60.66808485704368,1,2.0,9157
60.67033534530396,7,4.0,8541
60.67122154118107,7,1.0,8809
60.67209883275467,7,1.0,8659
60.674803103963285,3,50.0,9158
60.679090991020495,3,35.0,9159
60.682235407366676,11,1.0,8316
60.682475519937064,5,3.0,0
60.68352054104891,7,4.0,8891
60.68521558852503,17,1.0,-12171
60.685369904079245,11,7.0,8815
60.68609545003498,11,36.0,8847
60.686741496719414,13,1.0,-12698
60.68829204996519,1,5.0,9160
60.6905175361375,1,1.0,9161
60.69088090736737,13,1.0,-12691
60.6919937235342,5,1.0,0
60.69201439146845,11,47.0,8794
60.695955028371884,7,4.0,8851
60.69731875380887,14,2.0,-12694
60.7032799145933,11,8.0,8709
60.703665356941535,5,1.0,0
60.70408081263871,7,7.0,8841
60.70499228870961,10,15.0,8984
60.711141909860864,10,2.0,9092
60.71307327750322,11,24.0,8904
60.71362836114149,10,6.0,8910
60.721167119924324,1,1.0,9162
60.7222080219194,1,11.0,9163
60.723692424037196,9,5.0,8500
60.723692424037196,16,5.0,8500
60.727660352139736,10,8.0,9130
60.72889489441628,7,1.0,8511
60.73060425876721,10,7.0,9138
60.73089692599847,5,2.0,0
60.73226316253304,10,12.0,9001
60.73954409777002,11,1.0,8724
60.74424596413789,6,2.0,9093
60.74442813254097,11,2.0,8901
60.74748027155291,9,45.0,8786
60.74874312357931,7,1.0,8515
60.74929846863831,14,2.0,-12705
60.75592182791353,14,4.0,-12700
60.7568145560205,1,2.0,9164
60.75724034795166,5,8.0,0
60.75980745716288,16,26.0,7846
60.76049596181699,7,3.0,8912
60.76129887305603,6,5.0,9048
60.76223554121139,6,3.0,9108
60.76798116438051,4,4.0,9165
60.77159535239028,6,4.0,9006
60.77327452413465,7,3.0,8884
60.77434684849084,7,4.0,9017
60.774733173327796,3,52.0,9166
60.77495593765922,6,1.0,9103
60.77498367219705,11,3.0,8849
60.77631420690599,10,4.0,8920
60.77644425342481,1,20.0,9167
60.77719817251151,15,1.0,-12664
60.7834704022328,17,2.0,-11389
60.79232982245278,10,12.0,8658
60.792832109714425,13,4.0,-12708
60.80087728949175,7,1.0,8667
60.80307601711881,11,14.0,8673
60.80320798967675,1,1.0,9168
60.80440217042304,10,56.0,9126
60.80453683139912,15,5.0,-12661
60.805772919017045,16,33.0,5490
60.80656693078977,6,4.0,9127
60.80968797530964,7,2.0,8827
60.813184879514154,1,1.0,9169
60.816315412536966,7,9.0,8871
60.81810299123091,6,9.0,9151
60.81895542697917,17,8.0,-7234
60.82129003149703,5,2.0,0
60.82187155208599,1,5.0,9170
60.822656329912505,1,13.0,9171
60.8237317867345,7,2.0,8861
60.82384199134441,1,1.0,9172
60.82488049117769,5,2.0,0
60.83230341448251,7,2.0,8615
60.836772197898235,7,5.0,8902
60.84018620153205,7,48.0,8559
60.84421554508241,10,2.0,9144
60.844567730901005,6,3.0,9134
60.846694647438454,11,3.0,8587
60.8475739415494,7,8.0,8900
60.849057384096994,11,41.0,8789
60.84954295830375,1,1.0,9173
60.85044896781892,11,11.0,8711
60.856718235698246,6,5.0,9152
60.85792887832809,11,5.0,8793
60.85873136750162,1,2.0,9174
60.86176034356211,7,3.0,8894
60.862975614982886,6,9.0,9026
60.86332785603524,16,59.0,7929
60.864456026626215,7,2.0,8820
60.86520347275119,15,2.0,-12670
60.869979823228434,15,3.0,-12658
60.87023268056125,11,46.0,8993
60.87345637565463,1,1.0,9175
60.87369950524216,15,1.0,-12667
60.874763758898304,10,52.0,9166
60.87629721665633,7,1.0,9052
60.87727382579859,7,3.0,8934
60.88116007532971,12,2.0,8949
60.884386954147516,6,2.0,9060
60.8849215216845,13,1.0,-12695
60.88676944392819,13,5.0,-12704
60.889724637281276,17,4.0,-9988
60.891665237865844,14,5.0,-12702
60.89535637525143,5,1.0,0
60.898726653758416,3,11.0,9176
60.90213137408967,6,1.0,9036
60.90466538339747,7,1.0,8595
60.90585519122613,10,2.0,9136
60.90919882148179,15,2.0,-12665
60.909350147385204,7,1.0,8795
60.91354233978507,11,1.0,8790
60.915792527762264,10,2.0,8816
60.91656415060194,7,10.0,8872
60.92028513886169,11,10.0,8983
60.92039760970002,5,18.0,0
60.92385832604366,6,4.0,8844
60.92489403625408,1,4.0,9177
60.92945596875337,10,24.0,8999
60.92954211391244,7,3.0,8715
60.930868989279006,11,4.0,8892
60.932879327413616,4,5.0,9178
60.93336229049483,5,5.0,0
60.93634401647365,5,8.0,0
60.93723522932533,6,4.0,8830
60.93819068996481,7,4.0,8723
60.93857849975721,7,5.0,8530
60.94030423699991,4,5.0,9179
60.94680191065546,6,20.0,9167
60.95100527729216,10,22.0,9116
60.95123640551245,1,1.0,9180
60.95371609827688,4,2.0,9181
60.95608284654503,11,8.0,8387
60.95902922669449,14,8.0,-12707
60.96101763629427,10,50.0,9158
60.96118180968911,11,23.0,8700
60.964408789695845,10,9.0,8635
60.96707677884927,10,31.0,9081
60.967940462980955,6,9.0,9016
60.97057459412972,6,4.0,9024
60.975707505055105,6,5.0,8932
60.97730020502918,10,36.0,9057
60.97757075195695,6,2.0,8975
60.97772860563245,5,5.0,0
60.97823327518848,5,1.0,0
60.98428845549687,10,2.0,9181
60.984585502281334,10,3.0,9082
60.98512392620728,16,6.0,8140
60.98706967908287,5,1.0,0
60.98836527272477,11,27.0,8889
60.98995892897663,6,5.0,9131
60.99308423125781,5,4.0,0
60.99412062217028,1,1.0,9182
60.99560655900274,6,6.0,8939
60.9972720840344,1,4.0,9183
60.99859081263359,5,6.0,0
60.9989327132592,7,3.0,8916
61.002645090908594,7,5.0,8969
61.003934788371325,6,8.0,9153
61.00633304473463,4,4.0,9184
61.006845740832354,5,8.0,0
61.007849327957544,6,5.0,9088
61.010180464779225,11,18.0,8860
61.01061683294893,6,2.0,9157
61.013219388648935,10,8.0,9109
61.015705391348774,10,6.0,9010
61.01620596786088,7,1.0,8788
61.01733379139748,7,1.0,9040
61.01770553519378,10,4.0,9102
61.01914304194807,5,3.0,0
61.020158331450666,1,4.0,9185
61.02603947325604,15,1.0,-12680
61.02603947325604,17,1.0,-12680
61.02700398419587,7,2.0,8713
61.029134357065395,1,2.0,9186
61.031042976301165,6,1.0,9161
61.03369043152828,5,2.0,0
61.035920685804825,11,9.0,8600
61.03879975205304,11,7.0,8763
61.03981928349029,11,10.0,8961
61.042096323050494,4,20.0,9187
61.04428537841527,7,8.0,8677
61.044701776744624,10,2.0,9149
61.046033620605165,11,4.0,8812
61.046033620605165,16,4.0,8812
61.04614373069273,3,39.0,9188
61.0465089721086,11,25.0,8807
61.050257618259515,10,15.0,9049
61.051868281886726,5,3.0,0
61.053305563589404,4,1.0,9189
61.0539728994113,3,53.0,9190
61.05609177838591,7,3.0,8781
61.057204274161876,6,1.0,9125
61.05782421433166,7,2.0,8990
61.05788965234188,6,7.0,9148
61.059353047367324,6,1.0,9047
61.060139823698734,11,16.0,8342
61.06185410067374,16,4.0,8251
61.06220515559486,16,8.0,8050
61.063247835944786,11,53.0,8721
61.06360913747056,7,1.0,8752
61.06481087914652,6,5.0,9160
61.069570014378144,6,6.0,8930
61.069936554550075,3,2.0,9191
61.07028791415384,3,9.0,9192
61.07351688235062,6,3.0,9087
61.07715817315589,6,8.0,8814
61.077843470667126,5,3.0,0
61.07837630638509,1,1.0,9193
61.07924462810506,6,13.0,9171
61.07972544885443,15,2.0,-12689
61.083030014796776,16,14.0,8389
61.08490059681541,1,1.0,9194
61.08582910448147,16,1.0,8296
61.08940213894689,7,10.0,8644
61.092358022136274,3,23.0,9195
61.09293368022236,6,1.0,9155
61.096818541964815,10,1.0,9022
61.09940825087525,1,4.0,9196
61.101500722610574,10,5.0,9178
61.10468410520801,10,2.0,9107
61.10469476397563,6,1.0,9066
61.11115396756285,7,3.0,8976
61.11255367896454,7,1.0,8662
61.114745290088706,4,3.0,9197
61.1162632215972,7,5.0,8779
61.118044700170366,8,13.0,9171
61.11911232586225,7,3.0,8941
61.11960891027917,6,1.0,8853
61.123219599823386,4,10.0,9198
61.124388797591735,8,4.0,9141
61.1255182281066,4,21.0,9199
61.12832962743195,7,3.0,8418
61.12932294915602,10,42.0,9133
61.12941968963941,5,4.0,0
61.13117252006703,7,6.0,8875
61.131649915531085,6,5.0,9020
61.13199446702422,1,5.0,9200
61.13370981847075,10,7.0,9147
61.13732213156424,10,2.0,9090
61.13738339875687,7,9.0,8869
61.13827876087957,11,2.0,8753
61.138818388216215,1,3.0,9201
61.14130980542121,11,4.0,8866
61.14331289775973,10,1.0,9189
61.14657341969945,5,1.0,0
61.14676924830553,5,2.0,0
61.15088201867188,5,2.0,0
61.151602597314564,11,4.0,8968
61.16179848779944,11,57.0,8828
61.16455196166746,10,2.0,8882
61.16689736017064,10,34.0,8908
61.172268528059995,1,4.0,9202
61.17559034853992,4,35.0,9203
61.175657122814684,3,9.0,9204
61.176785418464,10,16.0,8945
61.17911509318923,7,3.0,9077
61.18077848056403,1,16.0,9205
61.1811555735258,1,10.0,9206
61.18257627034913,13,1.0,-12709
61.183102190317314,16,7.0,8775
61.18386780040802,6,10.0,8917
61.18543340983025,11,3.0,9029
61.186687532836764,3,47.0,9207
61.18670930594262,7,6.0,8806
61.18771499296172,11,2.0,8760
61.1902498010532,5,5.0,0
61.19223927628079,16,5.0,1275
61.193335338591055,5,3.0,0
61.196622530680926,7,5.0,8950
61.19806229038917,5,1.0,0
61.20509965824353,3,38.0,9208
61.20805973694794,1,13.0,9209
61.21127668376658,5,1.0,0
61.21218096327497,6,2.0,9186
61.21284872101021,5,6.0,0
61.21325079565596,4,13.0,9210
61.214781400861455,16,1.0,1479
61.22035043383815,17,1.0,-12335
61.221865373648725,1,6.0,9211
61.22408477774318,6,10.0,9206
61.224662970734116,6,15.0,9095
61.22630585149109,5,2.0,0
61.2270827726892,11,2.0,8886
61.2278023009115,5,2.0,0
61.22881820148728,17,8.0,-12302
61.23013343074379,1,5.0,9212
61.2360184909434,1,6.0,9213
61.241978281285306,1,28.0,9214
61.24301410689847,11,55.0,8697
61.245754849919635,1,3.0,9215
61.24579221912143,3,7.0,9216
61.25025454724406,17,5.0,-12473
61.250616501502556,11,1.0,8774
61.25550984364008,1,10.0,9217
61.25961196655057,10,1.0,9106
61.26103429695966,7,4.0,8948
61.262095118515866,1,8.0,9218
61.26278707348616,3,34.0,9219
61.26530044848841,5,5.0,0
61.266090697242944,11,10.0,8798
61.270965508900005,7,2.0,8895
61.27647047697357,17,2.0,-9384
61.281139395664745,5,4.0,0
61.28120414429698,1,7.0,9220
61.28496816696403,6,5.0,9212
61.285167615145745,10,11.0,9176
61.285236616037885,11,51.0,8506
61.28585622960113,1,4.0,9221
61.28901985128417,7,2.0,8829
61.29052651361886,7,9.0,8905
61.29057584096985,3,13.0,9222
61.30001137519217,3,30.0,9223
61.30072720017181,6,3.0,9072
61.30503406903451,1,3.0,9224
61.308960440635424,6,1.0,9044
61.3118581011789,17,1.0,-6496
61.31211998492899,10,7.0,9122
61.31316340261487,13,1.0,-12712
61.3142755920439,10,8.0,8652
61.31910565967608,7,5.0,9009
61.32045547032116,3,11.0,9225
61.324812014029256,16,8.0,8164
61.32497341108397,16,4.0,4347
61.3262451461165,16,12.0,8000
61.32795909746898,10,5.0,9179
61.332051584757174,7,1.0,8412
61.33615064191523,17,1.0,-12511
61.33682811863694,10,4.0,9121
61.33883188473599,6,7.0,9143
61.344037222041884,6,5.0,9170
61.344198803620124,10,18.0,9079
61.34772182540251,7,2.0,9033
61.34845315066501,1,1.0,9226
61.3486741516135,10,1.0,9097
61.348928532369136,4,7.0,9227
61.34967387047966,11,3.0,9056
61.34991239497954,3,59.0,9228
61.35129858218453,8,7.0,9148
61.35481865293601,1,2.0,9229
61.357169884990824,6,7.0,9118
61.359448058377374,1,18.0,9230
61.36151099583882,3,9.0,9231
61.37026217176209,6,5.0,9101
61.370368432082124,16,14.0,8439
61.373980459832,4,1.0,9232
61.37414718679963,1,6.0,9233
61.37662721528938,6,6.0,9213
61.37889654223375,1,7.0,9234
61.37976796708406,7,1.0,8974
61.38137898162203,10,59.0,9228
61.38644012895762,7,1.0,8876
61.38849916395602,7,6.0,8826
61.38924043545536,16,55.0,7896
61.389811734743695,7,13.0,8994
61.39037649670959,5,3.0,0
61.39263410760397,9,2.0,8980
61.39333492336283,7,7.0,8940
61.39513740042083,10,49.0,9008
61.397785217156425,12,59.0,9228
61.399194014809574,15,28.0,-12674
61.39993374277003,7,1.0,8864
61.41073000858682,8,3.0,9042
61.41213749089339,1,2.0,9235
61.41677978254573,11,13.0,8805
61.417718574920976,10,7.0,9216
61.418596255588945,11,2.0,8890
61.42334397346832,11,22.0,8888
61.42653966386816,10,1.0,9232
61.43699558593874,1,2.0,9236
61.4370841963806,3,12.0,9237
61.441007857225486,5,2.0,0
61.44183567595255,11,2.0,8800
61.442376443355975,5,1.0,0
61.44576651230561,10,53.0,9190
61.449139287044424,17,2.0,-12432
61.44919761904022,8,5.0,9170
61.452835198604305,4,13.0,9238
61.457435463121385,13,2.0,-12711
61.458425881455575,7,1.0,9035
61.459122176259456,1,2.0,9239
61.45947379410452,1,1.0,9240
61.4601637183561,5,1.0,0
61.461046722445225,6,7.0,9234
61.462732934973886,4,11.0,9241
61.46538058479694,7,6.0,8832
61.46548843444095,6,8.0,9218
61.46610472392583,5,7.0,0
61.469264837000054,6,1.0,9169
61.471833909737924,5,1.0,0
61.47217741561345,1,1.0,9242
61.47578162058104,7,3.0,8718
61.47958407431221,10,11.0,9241
61.48049917715851,8,3.0,8591
61.481496891866904,3,5.0,9243
61.48360604074206,13,21.0,-12714
61.483816531459226,11,4.0,8274
61.48422837377983,10,1.0,8576
61.48639980511565,1,2.0,9244
61.48740989649905,7,2.0,8962
61.48767429159246,6,1.0,9145
61.4898282364469,6,7.0,8618
61.49037961010937,1,1.0,9245
61.490794778131296,15,2.0,-12677
61.494669470056415,7,4.0,8575
61.50078387446712,5,3.0,0
61.500915460283345,11,59.0,8745
61.50252925002406,3,24.0,9246
61.50278897503329,8,4.0,8791
61.50454693535435,10,34.0,9219
61.50545535234975,4,2.0,9247
61.507878417833425,7,4.0,8695
61.50990439900198,9,4.0,8791
61.51028115451189,17,5.0,-12369
61.51365952235474,1,1.0,9248
61.51511895095388,11,3.0,9005
61.51704327780357,5,6.0,0
61.51904085166225,5,1.0,0
61.520556613601194,8,5.0,9101
61.52094528766904,17,1.0,-11293
61.52285246925758,4,3.0,9249
61.523296139684604,17,2.0,-12634
61.52418636039617,14,2.0,-12710
61.53064736973428,11,7.0,8868
61.53457412652338,7,10.0,8778
61.53599061837468,6,2.0,8927
61.53682836582672,11,1.0,8739
61.5370034138615,10,21.0,9199
61.538020967016514,6,7.0,9139
61.540079112888904,1,7.0,9250
61.54042110643409,3,36.0,9251
61.541217408625286,5,2.0,0
61.54272974152767,1,3.0,9252
61.54759129256333,10,30.0,9223
61.552884230392536,5,44.0,0
61.55465094201346,6,3.0,9201
61.55641948934893,1,5.0,9253
61.558296085002624,6,6.0,9112
61.55891129483742,6,1.0,9168
61.56099370504405,7,2.0,8963
61.56121307461003,7,2.0,8913
61.5612915431513,6,4.0,9202
61.563167428028024,1,2.0,9254
61.565904316890396,1,7.0,9255
61.56777892484932,15,2.0,-12675
61.56777892484932,17,2.0,-12675
61.57007083088012,5,1.0,0
61.57011689497116,7,4.0,8988
61.57071708355004,7,5.0,9100
61.57256971624483,1,8.0,9256
61.57957521518429,4,2.0,9257
61.583580590186976,11,4.0,8944
61.586475368804635,17,3.0,-12500
61.58777597358134,7,6.0,8771
61.58980719303227,7,2.0,8859
61.591220862807454,4,6.0,9258
61.59840137968125,5,1.0,0
61.603448924848394,4,2.0,9259
61.60847602737292,9,5.0,8804
61.60854517561091,7,3.0,8803
61.60863439034252,6,1.0,9089
61.61255291638759,4,3.0,9260
61.61478895914907,10,3.0,9260
61.61492717129543,3,10.0,9261
61.61724141782067,5,4.0,0
61.62111144311632,6,2.0,9239
61.621985087904605,4,41.0,9262
61.62338420715047,17,23.0,-2783
61.6244659693655,1,6.0,9263
61.62609782624861,4,44.0,9264
61.62736314898322,6,4.0,8858
61.628203521515836,7,4.0,8855
61.63459158324125,16,3.0,7763
61.63581192720535,13,1.0,-12713
61.64287498696974,10,47.0,9207
61.64696842736238,1,2.0,9265
61.649485502149865,4,14.0,9266
61.652403654576595,7,20.0,9167
61.654081082877255,4,2.0,9267
61.65416676438824,17,1.0,-12066
61.654445103633286,1,1.0,9268
61.65500382791859,10,7.0,9227
61.658367976436615,6,1.0,9240
61.66094851883662,6,1.0,9162
61.66104676895149,16,59.0,7969
61.661064154959256,6,1.0,9194
61.66409133887647,6,6.0,9233
61.66692334757704,4,4.0,9269
61.66904316603419,10,23.0,9195
61.67183736365704,11,30.0,8538
61.675385944697375,7,4.0,9004
61.67656734045337,5,3.0,0
61.67727246430089,7,5.0,8893
61.67730309416187,11,4.0,8764
61.68402312787332,17,5.0,-10678
61.6851290595306,11,56.0,8585
61.68530054922409,10,2.0,9061
61.68595374817397,5,1.0,0
61.68843516605546,15,2.0,-12686
61.6897353360332,11,3.0,8636
61.69049514414145,11,4.0,8989
61.69422306950008,5,5.0,0
61.69689362632268,6,2.0,9244
61.6976019058055,9,2.0,8949
61.6976019058055,16,2.0,8949
61.698200569996416,6,7.0,9220
61.69825711986417,11,15.0,8678
61.699434168342236,7,8.0,8337
61.70022517667418,5,3.0,0
61.70594115061552,17,1.0,-12466
61.70850530451613,4,9.0,9270
61.709442491634825,1,4.0,9271
61.709682499321886,11,12.0,9051
61.71590145603583,7,6.0,8877
61.72159897356579,11,5.0,9018
61.72205767367812,5,4.0,0
61.72534671118916,5,8.0,0
61.7270257657321,4,2.0,9272
61.73218804603072,1,4.0,9273
61.73301824983591,7,1.0,9063
61.73426470295626,5,1.0,0
61.734930979566954,16,3.0,7871
61.735454334417184,11,6.0,9084
61.73573076528275,11,2.0,9136
61.73686270309782,6,11.0,9163
61.73694302554849,11,3.0,9082
61.742662845681544,11,8.0,8810
61.74489519980108,11,11.0,8928
61.74502278493192,4,24.0,9274
61.74740217045124,11,3.0,8992
61.74884382136792,7,5.0,8887
61.74890285828504,4,1.0,9275
61.749241330533025,6,2.0,8971
61.75542800279092,10,2.0,9272
61.76140207254329,11,4.0,9034
61.76432305951368,5,3.0,0
61.76524980523833,15,6.0,-12683
61.768535322453175,10,3.0,8845
61.7704394477161,6,4.0,8995
61.77237484251138,16,6.0,7920
61.77255098910266,5,4.0,0
61.77351530609236,11,3.0,8632
61.77476205287165,1,1.0,9276
61.77562503610447,7,4.0,8935
61.77588517041601,4,46.0,9277
61.77855074824909,15,2.0,-12690
61.78059326170061,10,2.0,9267
61.781964507053914,4,3.0,9278
61.785160205469566,9,5.0,8734
61.78812832679378,7,51.0,8731
61.790438465058834,7,11.0,9132
61.79070967560351,10,46.0,9277
61.79220669558932,5,1.0,0
61.79442883123202,9,5.0,9037
61.797139121008925,10,6.0,9137
61.79892971088012,5,4.0,0
61.79928483113517,3,48.0,9279
61.79945546587494,6,3.0,9014
61.79998509027885,6,6.0,9211
61.805872573989156,1,7.0,9280
61.80878727330146,6,8.0,9256
61.80949497257809,10,9.0,8982
61.81147469410397,11,5.0,9179
61.81362304032396,7,4.0,8580
61.814049200815326,10,6.0,9258
61.814542490572805,15,2.0,-12679
61.81760638092531,7,1.0,8925
61.817745208665194,16,4.0,8047
61.81947792285591,1,3.0,9281
61.82085114597871,12,46.0,9277
61.83224364274147,6,10.0,9217
61.840160887747736,7,9.0,8956
61.84038525428486,10,1.0,9275
61.842983677515505,10,24.0,9246
61.84458268859129,1,3.0,9282
61.84517704158041,7,9.0,9043
61.846005155712135,6,18.0,9128
61.84673382346889,1,5.0,9283
61.84687875539132,11,1.0,8965
61.8480130712402,11,26.0,8881
61.85884990207732,17,2.0,-5869
61.85933963698813,4,2.0,9284
61.859761375224444,1,4.0,9285
61.86427822917628,6,7.0,9255
61.86531915382642,3,48.0,9286
61.865319619928165,11,1.0,8843
61.86656480511858,11,2.0,8870
61.871483573355725,4,5.0,9287
61.87236112733969,1,4.0,9288
61.87240156177474,1,10.0,9289
61.87261670799541,6,1.0,9180
61.87311944307431,6,3.0,9075
61.87616724232885,1,2.0,9290
61.87624850223987,11,6.0,8780
61.880871993596344,7,1.0,8946
61.88295023103865,7,1.0,8482
61.888276228467326,10,38.0,9208
61.88903086233826,7,4.0,9127
61.889957507832456,4,2.0,9291
61.892932739638255,1,5.0,9292
61.89318763569404,10,4.0,8926
61.89681312005809,5,1.0,0
61.90543990595,10,3.0,9249
61.905791475201774,17,12.0,-11986
61.90631905291717,4,2.0,9293
61.9066019593984,6,1.0,9245
61.91411047811198,9,3.0,9042
61.924089917247656,15,3.0,-12676
61.92536284187133,10,6.0,8833
61.926137718507654,1,4.0,9294
61.92655138305643,10,41.0,9262
61.92812554701852,6,7.0,9250
61.92892587464781,11,3.0,8414
61.93380801461992,11,1.0,8756
61.935541302780685,10,2.0,9291
61.93703335193262,11,7.0,9138
61.93812078744854,5,2.0,0
61.94150348451936,5,5.0,0
61.9442059256388,4,3.0,9295
61.94489338901935,7,2.0,8885
61.952754696792866,1,4.0,9296
61.95515737592805,4,22.0,9297
61.957451941899116,9,6.0,8924
61.95790859850843,7,2.0,8937
61.957961497446234,9,4.0,9141
61.95957266271012,3,34.0,9298
61.96034861779614,1,1.0,9299
61.96166229927958,17,2.0,-8429
61.965103724232335,6,8.0,8867
61.96733922657161,4,4.0,9300
61.96860928209109,11,13.0,9083
61.969708953542366,10,9.0,9270
61.97025326222973,6,4.0,9000
61.974614322303125,6,18.0,9230
61.97543623767262,14,2.0,-12715
61.977695675270716,6,1.0,9142
61.97792727543461,7,4.0,8844
61.98039698661516,6,2.0,9236
61.98376698206468,16,3.0,8015
61.98567464819326,3,5.0,9301
61.98799885734904,6,3.0,9224
61.988503249156985,11,6.0,8923
61.990746451959886,6,2.0,9235
61.9954458615421,6,34.0,9115
61.99659956837577,6,10.0,9154
61.99731454175294,6,28.0,9214
61.99870003092115,7,1.0,8836
61.99983782431392,5,1.0,0
62.00157021214835,11,49.0,9008
62.003881594764685,4,5.0,9302
62.00576033983255,7,10.0,8813
62.010608463924115,5,2.0,0
62.015641583675105,1,7.0,9303
62.0163021990977,11,5.0,8772
62.01701780097633,1,8.0,9304
62.01769621033736,16,11.0,8523
62.02188289685116,11,21.0,8856
62.02857285366685,1,32.0,9305
62.03178659938928,1,1.0,9306
62.032507242183655,1,7.0,9307
62.036967176453,6,4.0,9271
62.03746913133696,7,2.0,9003
62.03971687181357,7,4.0,8830
62.04021118931066,12,2.0,9090
62.04533727936825,10,20.0,9187
62.04568136225355,4,19.0,9308
62.0501902489624,4,23.0,9309
62.050820684015356,4,1.0,9310
62.05205467660368,7,9.0,9026
62.05257496529754,6,1.0,9242
62.05304729552357,1,1.0,9311
62.05498739005903,1,4.0,9312
62.05968266004115,1,6.0,9313
62.063143503981536,5,1.0,0
62.06455552487624,10,3.0,9295
62.06480149848141,6,1.0,9074
62.06515818707416,1,1.0,9314
62.06626412794453,11,8.0,8848
62.06679255558457,17,2.0,-11967
62.06682597938158,10,4.0,9269
62.06726592736642,1,6.0,9315
62.08358952643732,6,2.0,9265
62.08431797838732,6,2.0,9073
62.084383348896694,4,5.0,9316
62.08667222033442,11,25.0,9053
62.087194826661324,11,2.0,8954
62.08749120904346,13,1.0,-12721
62.08871202758582,5,4.0,0
62.08978184605132,1,1.0,9317
62.09547056765044,1,4.0,9318
62.096614914581664,10,7.0,8960
62.09670425163177,11,9.0,8991
62.09766610204226,7,5.0,9152
62.0977502477323,6,1.0,9248
62.100008464161455,11,4.0,8593
62.10152744497608,6,4.0,9177
62.102074457892755,6,1.0,9317
62.106640759364716,11,2.0,8882
62.10763199961312,11,31.0,8973
62.10848335921044,1,2.0,9319
62.11300228193347,8,5.0,9212
62.11981142019379,5,1.0,0
62.11987030833565,5,3.0,0
62.12045223015479,8,5.0,9031
62.12211868048541,7,2.0,8865
62.13174694792339,8,8.0,9153
62.1413052740585,1,13.0,9320
62.14305002040027,11,7.0,9054
62.14541654340934,11,1.0,9007
62.14728841752624,1,6.0,9321
62.15049911851551,11,41.0,9071
62.155757821696504,11,41.0,9058
62.15686372647265,5,3.0,0
62.15833444185426,16,10.0,8219
62.158509266968764,9,2.0,9090
62.15880290569009,11,4.0,9140
62.162481753305684,6,1.0,9311
62.16628237808597,6,1.0,9276
62.171617430798086,4,3.0,9322
62.17331889122343,5,10.0,0
62.17607504859689,7,5.0,8953
62.17607504859689,16,5.0,8953
62.177215769308816,7,15.0,9095
62.17898771658917,11,20.0,8942
62.18046271775245,7,5.0,9048
62.18061105488786,11,6.0,8910
62.180691526353804,6,5.0,9292
62.18108220208744,11,2.0,9092
62.185192119624965,5,1.0,0
62.18533831947321,6,5.0,8669
62.18669307360569,3,14.0,9323
62.18690067077281,10,5.0,9316
62.18812409110362,3,16.0,9324
62.19031318398838,7,7.0,9143
62.193188657927244,7,10.0,8857
62.196181406340735,1,4.0,9325
62.197255579754895,7,5.0,9020
62.200852718811554,4,1.0,9326
62.20214252797525,1,1.0,9327
62.20377133997908,16,7.0,6706
62.20994963226821,11,30.0,9223
62.21669043191183,7,2.0,8996
62.21852961964801,11,23.0,8899
62.218672277467775,5,10.0,0
62.221234164595344,6,16.0,9205
62.22581509035133,11,1.0,8522
62.227385455009035,16,6.0,6142
62.231096253552494,5,1.0,0
62.231405858333936,6,1.0,9299
62.23268719329846,6,7.0,9307
62.234750964157726,1,2.0,9328
62.23637532887089,4,5.0,9329
62.23808458900912,6,5.0,9283
62.24300134410586,6,26.0,9124
62.24458832411088,7,3.0,9028
62.24728674332815,7,8.0,9013
62.247842822575265,15,3.0,-12681
62.247954704735925,6,4.0,9185
62.24843289057345,11,36.0,9057
62.24870898284871,11,3.0,9065
62.25019715818771,8,5.0,9099
62.255030038469314,3,12.0,9330
62.25545514141493,6,7.0,9280
62.25795027703241,10,5.0,9243
62.2586097104538,3,59.0,9331
62.26464849671022,11,8.0,9130
62.26767531700979,5,5.0,0
62.27166030518197,11,4.0,9121
62.27275447261043,6,6.0,9321
62.277884602591655,1,2.0,9332
62.280770760820005,11,2.0,9149
62.2809364631246,7,3.0,9064
62.28117323056873,11,6.0,9070
62.28460068353674,4,24.0,9333
62.288981331512645,10,34.0,9298
62.28946502734348,10,5.0,9287
62.28986084885952,7,5.0,8932
62.293126245007215,4,12.0,9334
62.294325741561444,10,13.0,9238
62.29851160100048,17,1.0,-12103
62.30092503430975,10,4.0,8997
62.30426775397625,11,11.0,9068
62.30426775397625,16,11.0,9068
62.30426988582291,15,4.0,-12692
62.30663613731731,10,3.0,9197
62.30862236868086,1,2.0,9335
62.31433471842935,4,6.0,9336
62.31821487315919,17,1.0,-12354
62.32001238241224,11,9.0,9002
62.32043253186267,17,1.0,-786
62.32193081021356,7,28.0,8555
62.322494589787,9,5.0,9031
62.32442688408173,1,8.0,9337
62.32443729089799,17,1.0,-9010
62.3289653586435,11,53.0,9190
62.33286764238095,10,23.0,9309
62.33392720086008,12,5.0,9316
62.33491866800393,8,4.0,9202
62.33551561799108,7,2.0,8987
62.33891643695719,11,38.0,9208
62.341954421150135,4,10.0,9338
62.34391853824411,10,10.0,9198
62.34555945829326,1,1.0,9339
62.34682226561914,6,4.0,9196
62.34716632422892,10,7.0,9019
62.34996563272015,11,1.0,9097
62.350113845866844,1,4.0,9340
62.35058669885342,7,3.0,9072
62.35132818043935,11,57.0,8998
62.3536980386047,5,6.0,0
62.35599601697175,12,25.0,8598
62.356051466903516,11,9.0,8635
62.3621137429862,5,2.0,0
62.364318100957156,1,2.0,9341
62.36696314702642,6,2.0,8972
62.36737250199758,6,1.0,9172
62.36825194658675,7,1.0,9089
62.36935562348701,6,2.0,9135
62.37312667397814,5,1.0,0
62.37490876734655,13,5.0,-12718
62.37537321162519,11,12.0,8918
62.38093349474135,17,42.0,-12452
62.38293459029895,10,1.0,9326
62.38882617680587,4,20.0,9342
62.391403241355285,10,24.0,9333
62.39185454198268,5,6.0,0
62.39278921514902,11,7.0,9122
62.400977748357974,7,6.0,9119
62.401749774146595,11,12.0,9001
62.401963981433376,1,3.0,9343
62.40560482498093,15,4.0,-12701
62.40697066115617,6,1.0,9182
62.408084839182195,16,4.0,7889
62.409046987626816,11,14.0,8958
62.42076434541735,7,3.0,9067
62.42184004778015,10,35.0,9159
62.42457570818136,10,14.0,9323
62.42462079670654,6,7.0,9012
62.429725579174516,10,11.0,9225
62.43015734908566,1,7.0,9344
62.43028776997491,1,2.0,9345
62.43129780229623,16,1.0,6932
62.432966338711715,3,9.0,9346
62.43810046362746,1,4.0,9347
62.444615985993565,5,4.0,0
62.45301976544729,5,1.0,0
62.4542032408849,10,35.0,9203
62.45434953253911,7,3.0,9108
62.454874226889146,6,3.0,9282
62.462954045490875,7,1.0,8911
62.47346936045598,11,3.0,8811
62.474323911657066,7,2.0,9093
62.475227861274526,11,8.0,8596
62.475227861274526,16,8.0,8596
62.476312939078134,5,1.0,0
62.479123968845244,9,3.0,8591
62.479375996144405,1,1.0,9348
62.48140582001649,11,3.0,9260
62.48722420485028,4,8.0,9349
62.48902029245858,11,2.0,8821
62.48946829181575,16,1.0,7855
62.490297510537786,7,7.0,8979
62.490675976400325,11,50.0,9158
62.49399826790892,17,1.0,-855
62.4946910728539,6,7.0,9303
62.49610103876178,6,1.0,9327
62.497470828615455,11,24.0,8999
62.49937604889914,11,2.0,9032
62.50569857859444,13,3.0,-12720
62.50861685665697,1,1.0,9350
62.511759911129296,5,1.0,0
62.51426209357664,7,6.0,9213
62.51631792066061,16,1.0,6379
62.5213421452087,11,5.0,9114
62.52434376998158,6,3.0,9215
62.528341441828665,5,3.0,0
62.52955087636191,5,4.0,0
62.52994733037493,15,10.0,-12682
62.531280131388776,5,7.0,0
62.53262853517426,11,34.0,9219
62.532815115745436,10,48.0,9279
62.53303600151672,7,1.0,9123
62.53345831969929,17,1.0,-8321
62.53409695936394,11,11.0,9241
62.53642137700258,1,3.0,9351
62.54673800746108,6,2.0,9254
62.54827298730233,13,1.0,-12716
62.55456511968517,15,1.0,-12678
62.56321516814682,10,1.0,9310
62.564000324167964,1,2.0,9352
62.56440741142293,5,3.0,0
62.57020152400278,16,11.0,8287
62.576795793679715,6,13.0,9320
62.57885244687991,7,1.0,8896
62.580588931178326,6,2.0,9164
62.58280484453791,11,7.0,9113
62.58325068502949,6,4.0,9294
62.58345705676882,13,5.0,-12719
62.59159279444727,6,11.0,9059
62.59259461561924,15,6.0,-12687
62.596134893494366,15,1.0,-12688
62.59681074727125,4,13.0,9353
62.59699774983914,10,9.0,9231
62.597149571005446,3,25.0,9354
62.59830721838589,7,7.0,9080
62.600158314086606,17,1.0,-12503
62.600505028352686,6,1.0,9193
62.60264806368557,6,3.0,9252
62.604782535766624,4,12.0,9355
62.60910595832304,5,7.0,0
62.61160800779424,1,3.0,9356
62.611709978023406,11,12.0,8658
62.6152744765965,1,14.0,9357
62.61536483944237,4,3.0,9358
62.61567643517635,10,11.0,9038
62.61719983043365,6,3.0,9078
62.62142655026456,17,1.0,-10190
62.627913278492,4,22.0,9359
62.629424960136014,15,1.0,-12684
62.630655589140176,1,1.0,9360
62.63080447660701,4,6.0,9361
62.630867344262775,10,13.0,9222
62.63330791474266,4,1.0,9362
62.633918271070435,7,16.0,9027
62.63561017078842,6,2.0,9229
62.63836081264141,11,4.0,9091
62.64177061272546,10,19.0,9308
62.644259406096836,3,28.0,9363
62.65009027819779,17,2.0,-10662
62.650329202101055,7,3.0,8837
62.65051228982862,5,3.0,0
62.65246943813763,1,2.0,9364
62.653689247198486,10,4.0,9021
62.654665428977054,1,1.0,9365
62.6552559534053,5,4.0,0
62.65647965245181,11,20.0,9098
62.65758463685729,3,13.0,9366
62.65985503492373,6,4.0,9318
62.66432979112633,10,20.0,9342
62.67095915898224,5,9.0,0
62.67287959025056,7,7.0,8897
62.67997206677539,1,2.0,9367
62.68161441617565,6,2.0,9332
62.682354636182545,11,4.0,8920
62.683002894599674,1,10.0,9368
62.68515379355909,11,5.0,8959
62.689147293935385,10,5.0,9329
62.69101807095007,6,4.0,9325
62.692549485465555,6,1.0,9350
62.69316191853993,11,2.0,9107
62.70179881055366,6,1.0,9226
62.706070947170275,10,9.0,9204
62.707146968038934,1,2.0,9369
62.708448101986306,10,3.0,9358
62.709196269442096,11,18.0,9079
62.717571045115335,11,15.0,9049
62.72234225946395,12,2.0,9291
62.724856568901615,7,1.0,9050
62.72626121081697,5,4.0,0
62.74063381777668,10,4.0,9111
62.746884049609434,10,44.0,9264
62.75018448005269,1,3.0,9370
62.755641716795864,17,1.0,-11830
62.75666064533636,9,5.0,9212
62.75719243021783,1,3.0,9371
62.7583319094178,6,2.0,9345
62.75850313030052,5,1.0,0
62.75861125244633,5,4.0,0
62.758917262303996,6,5.0,9146
62.762158242448045,6,2.0,9174
62.76342690696889,10,12.0,9237
62.767739686984264,15,3.0,-12685
62.76820292145222,5,1.0,0
62.776142918859136,7,9.0,9062
62.77617551377279,15,1.0,-12673
62.77658998788237,13,2.0,-12717
62.77705243617002,4,1.0,9372
62.777287834563985,5,1.0,0
62.779366460619684,6,3.0,9351
62.78729761262311,1,2.0,9373
62.78759134200928,11,2.0,9144
62.79062026811886,6,10.0,9289
62.79095506642686,1,2.0,9374
62.79224427861748,6,3.0,9370
62.79404264011661,4,53.0,9375
62.79770780249641,11,15.0,8984
62.79838941624456,11,21.0,9085
62.80182575982264,1,3.0,9376
62.80387848861512,10,2.0,9293
62.80447277989051,8,4.0,9185
62.8046889539654,5,3.0,0
62.806731377428214,3,19.0,9377
62.80799744695347,11,11.0,8947
62.80882300715244,9,5.0,9099
62.81671386977281,4,19.0,9378
62.818231701736,14,2.0,-12722
62.82003570530491,1,5.0,9379
62.82138581811188,7,7.0,8618
62.82194370946656,5,3.0,0
62.82220675714474,7,4.0,8768
62.82337488831769,6,1.0,9173
62.82481669100109,10,24.0,9274
62.82857281807932,1,1.0,9380
62.83018935380649,4,9.0,9381
62.83195080210915,7,10.0,8955
62.83462934358934,1,5.0,9382
62.8368207714568,1,6.0,9383
62.83694756778881,16,60.0,8351
62.84101321699208,1,6.0,9384
62.84159860532114,6,4.0,9183
62.84166924859602,6,2.0,9328
62.84821989320579,3,11.0,9385
62.85079640699134,10,39.0,9188
62.85319773418916,5,12.0,0
62.85955310979933,6,2.0,9341
62.863703464015224,11,2.0,9181
62.863703464015224,16,2.0,9181
62.86592346323067,6,3.0,8749
62.866213533474685,3,12.0,9386
62.87412200025939,1,1.0,9387
62.887659915996,1,7.0,9388
62.894555106796915,5,4.0,0
62.8961633446821,1,3.0,9389
62.89893706929685,11,15.0,9039
62.89972246665926,7,7.0,8957
62.906382826930624,4,3.0,9390
62.90677365040837,11,1.0,8576
62.90797686641896,7,6.0,8930
62.910882065257766,11,37.0,8824
62.91141975476442,16,55.0,2470
62.91341661495822,11,6.0,9010
62.914439898233404,1,11.0,9391
62.92060634616656,6,5.0,9253
62.92356205197733,6,13.0,9209
62.92700558142022,7,1.0,9155
62.92702542022625,5,1.0,0
62.927642355332544,1,9.0,9392
62.929468170717676,7,1.0,9104
62.93299662513087,6,4.0,9340
62.934049565751835,17,4.0,-5665
62.93692159148691,11,1.0,8978
62.93745151073704,5,2.0,0
62.93844238914875,7,6.0,9211
62.93901207728067,6,6.0,9315
62.941406913565615,5,1.0,0
62.94164094612219,7,3.0,9134
62.94249338776523,4,5.0,9393
62.94524806284769,17,1.0,-11842
62.94803817501927,10,22.0,9359
62.949145469728165,1,3.0,9394
62.94996728984472,11,1.0,9022
62.95009812440649,11,3.0,8845
62.95032926930505,11,47.0,9207
62.95732125949669,4,21.0,9395
62.957741455598764,7,1.0,9047
62.96089787154877,17,6.0,-4632
62.969381870226115,17,2.0,-12119
62.97195867622764,1,24.0,9396
62.97360419761271,4,10.0,9397
62.982806593915704,11,13.0,9222
62.983261354189395,16,6.0,7495
62.98393956919514,1,3.0,9398
62.98512960236205,9,25.0,8598
62.99507668269588,7,2.0,9041
62.99803850265693,7,1.0,8985
62.9998142723839,6,3.0,9376
63.00375438814379,3,6.0,9399
63.004126235064646,4,58.0,9400
63.00758862282689,15,1.0,-12693
63.0082530063496,1,4.0,9401
63.0104211084197,5,9.0,0
63.01173365142062,7,2.0,9229
63.01187663567912,9,13.0,9171
63.01475872426212,16,42.0,8032
63.015607044661515,10,4.0,9165
63.017173715163956,6,1.0,9380
63.01809224032274,11,4.0,9045
63.01921192915944,6,11.0,9391
63.02168845825144,7,2.0,8975
63.02582609472719,1,4.0,9402
63.0328451454074,5,1.0,0
63.03851828920933,4,54.0,9403
63.04614352102829,6,2.0,9319
63.05037937332321,1,1.0,9404
63.05310099868983,6,3.0,9371
63.0557477062653,7,11.0,9163
63.0563395196152,16,9.0,8607
63.05755562072399,16,53.0,7878
63.058137573474134,10,41.0,9094
63.06003957250577,4,4.0,9405
63.06507820260758,7,3.0,9055
63.06631483977222,6,8.0,9304
63.06919586267674,5,7.0,0
63.078159524677304,7,12.0,9086
63.07870266918632,11,1.0,9275
63.08095547744399,5,1.0,0
63.0812630457468,5,16.0,0
63.08374344637878,11,28.0,8909
63.084013049736264,5,3.0,0
63.08462202457633,11,22.0,9116
63.088893006804234,10,4.0,9184
63.10643315922122,1,51.0,9406
63.1077611362047,6,1.0,9339
63.11163431461164,11,31.0,9081
63.1185161181783,4,10.0,9407
63.120124890549995,5,1.0,0
63.12415025855753,5,4.0,0
63.127445404968185,11,1.0,9189
63.12753307048369,6,1.0,9348
63.128424672379296,1,8.0,9408
63.12913869692502,5,5.0,0
63.13061405361873,11,7.0,8960
63.13778834471955,5,1.0,0
63.141261276825105,11,16.0,8945
63.14234184795363,16,4.0,8514
63.14708167246276,7,21.0,8906
63.147342021724036,10,13.0,9210
63.15301202444193,17,4.0,-12118
63.16101470510664,9,5.0,9170
63.166006834129846,7,5.0,9160
63.16603250210473,10,2.0,9259
63.17254428267116,1,4.0,9409
63.17523430074396,7,9.0,9151
63.175252126989236,10,13.0,9366
63.18107889022611,17,4.0,-12570
63.18401453819725,1,1.0,9410
63.18416011117287,1,4.0,9411
63.18962654814369,11,8.0,8850
63.18977709309635,11,4.0,8879
63.191414236635765,10,12.0,9355
63.19565729602737,10,5.0,9393
63.19648272295411,7,6.0,8939
63.197390897428875,5,1.0,0
63.20115821660482,5,2.0,0
63.20140019937016,4,57.0,9412
63.20238961224455,6,8.0,9337
63.20502515372654,4,10.0,9413
63.20873466888074,17,1.0,-11843
63.217124443777955,4,7.0,9414
63.21820914371437,7,7.0,9280
63.220901196399126,1,4.0,9415
63.222955880500734,1,21.0,9416
63.2258286895879,10,1.0,9362
63.23146358758478,3,43.0,9417
63.232385387054734,5,3.0,0
63.239749023398026,10,59.0,9331
63.24107170800158,6,14.0,9357
63.242648546949034,9,48.0,8531
63.243511115966285,7,1.0,8853
63.24471571157707,13,1.0,-12725
63.24862805066013,4,7.0,9418
63.253605903342454,7,3.0,8550
63.25373477457378,2,3.0,9419
63.258319633307124,17,13.0,-5552
63.26054441769319,6,3.0,9343
63.26076061073618,13,11.0,-12723
63.261062400810374,10,21.0,9395
63.26139589816606,9,2.0,9291
63.265399796537956,1,8.0,9420
63.2674830756502,1,7.0,9421
63.2677916750089,7,1.0,9168
63.27170471798814,1,1.0,9422
63.274246173267,16,11.0,8154
63.27737148061834,11,1.0,9106
63.277621877232946,10,58.0,9400
63.27777365035751,7,2.0,8972
63.27950687361358,7,2.0,8971
63.27974113408046,5,1.0,0
63.28402213052053,7,2.0,9060
63.28402213052053,16,2.0,9060
63.285420306432194,15,2.0,-12697
63.28799726370051,4,24.0,9423
63.28810729112155,7,1.0,9172
63.29405401541954,16,2.0,7815
63.30363754032096,1,3.0,9424
63.30530293819295,7,2.0,8943
63.30642019766393,10,10.0,9397
63.30723421499441,7,4.0,9006
63.31044159054448,7,1.0,9036
63.31473757046122,11,23.0,9309
63.31589147993455,1,2.0,9425
63.31780151313625,6,5.0,9156
63.317991495857775,10,12.0,9330
63.32014425188499,11,41.0,9262
63.321797849100875,4,44.0,9426
63.323402714672085,10,9.0,9192
63.32343499295457,5,3.0,0
63.327184294901784,7,6.0,9233
63.329047506059666,6,2.0,9364
63.34296708107075,10,28.0,9363
63.34407816791003,16,10.0,8823
63.34451486453337,6,3.0,9394
63.344533601402645,6,1.0,9268
63.3507816855419,5,2.0,0
63.353306232295786,10,10.0,9413
63.356503931122184,6,27.0,8707
63.36029697328369,17,3.0,-10691
63.36557416655532,3,5.0,9427
63.3656140855338,10,14.0,9266
63.36826355922366,5,48.0,0
63.36867548814064,5,1.0,0
63.36937925738617,7,3.0,9120
63.37261365602641,13,5.0,-12724
63.38066340891887,6,3.0,9419
63.38169315009383,1,4.0,9428
63.38333308468602,7,7.0,9250
63.38409379063504,11,8.0,8883
63.385872446562395,11,4.0,8926
63.38778307301782,6,7.0,9421
63.39604490976669,5,2.0,0
63.39839893225477,3,33.0,9429
63.39875458998964,11,7.0,9216
63.4013890066677,5,4.0,0
63.40364444973728,5,3.0,0
63.40424573432902,4,1.0,9430
63.40453742393297,1,6.0,9431
63.40520561928438,5,2.0,0
63.40663909886321,6,2.0,9335
63.40718196710666,7,1.0,9142
63.40998926130599,11,23.0,9195
63.415279851087966,5,12.0,0
63.417126399190096,9,8.0,9153
63.41786195037694,1,4.0,9432
63.41808904101875,5,1.0,0
63.41981262379818,5,3.0,0
63.42342001465005,11,56.0,9126
63.42837609798036,6,9.0,9392
63.42837939557427,4,10.0,9433
63.43240338588608,7,2.0,9157
63.43250510734734,5,3.0,0
63.4336322724563,7,7.0,9012
63.43394153917499,1,1.0,9434
63.43634500977762,11,20.0,8929
63.439411962028515,6,6.0,9313
63.44022978163869,1,2.0,9435
63.44416653045462,15,1.0,-12703
63.444479779544245,4,10.0,9436
63.44479620894499,5,1.0,0
63.444906652214684,10,7.0,9418
63.44544801361931,7,1.0,9299
63.44558711218441,7,1.0,9103
63.44784112865626,1,8.0,9437
63.45058036693358,11,7.0,9227
63.45254262321179,6,2.0,9369
63.454212867968565,7,2.0,9069
63.454798621470545,11,6.0,9137
63.45996253802118,10,36.0,9251
63.46079486307119,3,11.0,9438
63.460892744178885,10,16.0,9324
63.462055520893394,15,3.0,-12699
63.46644284661145,5,2.0,0
63.471477780685504,1,28.0,9439
63.47152066653417,5,7.0,0
63.472052310998954,5,2.0,0
63.47241361076525,7,4.0,9024
63.474408514893675,7,1.0,9180
63.47578162058104,16,3.0,8718
63.480438878641536,5,5.0,0
63.48885677744622,1,2.0,9440
63.49338325284835,6,2.0,9352
63.497407423002436,6,3.0,9389
63.499741016287025,7,8.0,9256
63.50164447530176,16,1.0,7982
63.502856158120366,10,3.0,9278
63.503412881463966,7,6.0,8907
63.50687113976128,6,1.0,9422
63.5069850998437,10,57.0,9412
63.51087685135348,7,2.0,9135
63.5129329703816,3,9.0,9441
63.51476256981529,15,1.0,-12691
63.5183133505826,5,1.0,0
63.51887950414144,6,1.0,9404
63.52119242396333,1,3.0,9442
63.52469134304895,7,10.0,9217
63.52568461450572,3,1.0,9443
63.531775029817375,10,22.0,9297
63.53284825148149,11,35.0,9203
63.53562176638258,10,2.0,9284
63.54019528170487,10,4.0,9405
63.54044673690079,7,5.0,9088
63.54594733863532,16,13.0,2992
63.549640993882186,17,3.0,-9182
63.551826690435924,1,3.0,9444
63.55672726179837,11,1.0,9110
63.56000329162678,6,51.0,9406
63.56049532081782,5,4.0,0
63.567035135134965,1,3.0,9445
63.56953758040956,7,3.0,9087
63.57183441506921,10,19.0,9378
63.57899986650755,7,2.0,9164
63.58228785175521,11,24.0,9333
63.582793175977066,9,46.0,9277
63.58334696733827,11,4.0,9269
63.58500526368054,10,8.0,9349
63.58686344687942,7,7.0,9255
63.59052842613706,4,2.0,9446
63.59188684449643,11,1.0,9232
63.594288107624706,1,3.0,9447
63.594874828117995,1,1.0,9448
63.59701703378279,6,2.0,9367
63.59837855966388,7,4.0,9177
63.59863914497594,7,1.0,9145
63.600877408973716,11,1.0,9326
63.60234531602348,6,1.0,9175
63.610160688776176,10,3.0,9390
63.61262787319309,7,7.0,9220
63.614525175602886,6,8.0,9408
63.61471064588464,6,4.0,9347
63.61713350508477,6,1.0,9387
63.619306361701675,6,28.0,9439
63.61984842175985,1,1.0,9449
63.623641331387724,1,6.0,9450
63.624867618734164,6,4.0,9415
63.62581655354152,10,2.0,9446
63.62733662776549,11,7.0,9147
63.63509889277407,11,8.0,8652
63.63960737656748,1,6.0,9451
63.643752191112405,15,3.0,-12696
63.645204778752856,5,2.0,0
63.64627410858243,7,4.0,9294
63.64680251349498,15,3.0,-12706
63.64885713712297,7,1.0,9327
63.65102181167156,6,2.0,9373
63.65222894619386,1,4.0,9452
63.659726901790556,7,2.0,9239
63.659996505752744,5,1.0,0
63.663804322209565,11,24.0,9246
63.6640103632141,7,1.0,9011
63.66507789859114,11,5.0,9015
63.66583016576182,8,2.0,9328
63.66695483978756,1,1.0,9453
63.668907231618064,6,4.0,9150
63.673288384927076,6,6.0,9096
63.67608838429716,3,55.0,9454
63.67790968350989,6,5.0,9379
63.679445751957346,1,4.0,9455
63.681470066189455,6,3.0,9356
63.683084043692,13,1.0,-12726
63.689776675806876,1,3.0,9456
63.69024312509319,5,2.0,0
63.69026036189112,7,10.0,8917
63.700677718498916,11,14.0,9323
63.703055466850195,5,2.0,0
63.705903359267694,11,2.0,8816
63.71201585780726,10,60.0,9046
63.71306011009798,1,4.0,9457
63.71318010892274,13,2.0,-12728
63.71525449977103,7,1.0,9023
63.71642172009098,4,3.0,9458
63.716633891686,1,4.0,9459
63.71970298853129,7,3.0,9215
63.72113249745795,7,10.0,9206
63.721341404438,10,3.0,9322
63.721743375866396,6,4.0,9296
63.72479575100348,13,7.0,-12727
63.726098787407025,16,7.0,8117
63.727052752145376,1,2.0,9460
63.72722617172659,7,13.0,9209
63.72944767101901,1,10.0,9461
63.73554374124604,12,2.0,9061
63.73880317303342,1,4.0,9462
63.74023219987084,1,2.0,9463
63.74760356119096,16,7.0,7862
63.75247663889976,5,12.0,0
63.75265130308005,11,48.0,9279
63.754298337653765,7,1.0,9317
63.75577890498133,11,13.0,9238
63.75833783969903,4,1.0,9464
63.76107951276221,15,2.0,-12705
63.76132597331208,3,5.0,9465
63.76276940780712,11,11.0,9225
63.76318683288685,6,4.0,9117
63.765741673060354,3,2.0,9466
63.76776117640701,10,33.0,9429
63.76977160363916,1,2.0,9467
63.771741073075226,1,1.0,9468
63.7719342842688,7,10.0,9154
63.775757209541254,5,8.0,0
63.77726310207948,4,24.0,9469
63.777503936354094,1,1.0,9470
63.77788917396465,6,10.0,9461
63.78089986582608,6,1.0,9470
63.78667445434287,6,1.0,9448
63.79457545857299,6,6.0,9451
63.794984999357254,3,57.0,9471
63.800067921000206,6,3.0,9445
63.80138289594264,7,3.0,9282
63.8033976722671,10,24.0,9469
63.803780830436956,7,1.0,9044
63.80470225749286,13,1.0,-12729
63.806898930093865,7,34.0,9115
63.8083293842987,7,1.0,9076
63.81394345645491,6,3.0,9442
63.81429642591061,15,1.0,-12698
63.816230280255795,16,2.0,8187
63.817178960371116,6,3.0,9456
63.82089639389195,1,3.0,9472
63.83139865196327,3,5.0,9473
63.83183726953478,11,3.0,9249
63.83995698937502,10,5.0,9473
63.84139791308653,1,4.0,9474
63.84254587420148,17,3.0,-4001
63.84459345081059,10,5.0,9301
63.84513414758073,1,2.0,9475
63.84522399322323,5,4.0,0
63.846234688896836,1,1.0,9476
63.849057384096994,16,41.0,8789
63.85442535364706,17,10.0,-4532
63.85508113088709,1,2.0,9477
63.85781274187295,11,20.0,9187
63.85842581864412,11,52.0,9166
63.86374245378689,6,4.0,9428
63.863981606362564,1,4.0,9478
63.86434188145195,7,8.0,9218
63.86555497871798,5,2.0,0
63.86742982241145,6,4.0,8964
63.86988813934836,17,5.0,-11283
63.87045646565833,7,9.0,9016
63.87286069980568,5,2.0,0
63.874489034466954,5,1.0,0
63.886424412913016,1,1.0,9479
63.89003974412917,16,53.0,8060
63.89741740886146,6,1.0,9306
63.89874549575396,1,3.0,9480
63.89952619924914,1,8.0,9481
63.90195055666382,17,11.0,-12486
63.90519507857474,3,3.0,9482
63.905218530272776,7,5.0,9131
63.90849521621184,10,2.0,9257
63.91189937940008,1,3.0,9483
63.91208685122493,3,3.0,9484
63.91320118674704,10,10.0,9436
63.91440197730844,1,4.0,9485
63.91581779117876,5,2.0,0
63.92223456498292,5,6.0,0
63.92701503242108,10,2.0,9191
63.92837535296816,17,2.0,-12413
63.93257145892972,10,9.0,9381
63.93282433188803,7,1.0,9350
63.93797877239342,1,4.0,9486
63.94160770291268,4,4.0,9487
63.94266517545465,7,13.0,9320
63.94796427036436,6,6.0,9263
63.95063169901525,7,2.0,9345
63.95101615758286,5,3.0,0
63.95420322417409,7,3.0,9014
63.95758469248761,7,2.0,9244
63.96267516313338,7,5.0,8669
63.963432787567925,5,3.0,0
63.96700831719683,1,3.0,9488
63.969422628839474,11,1.0,8922
63.97418104598028,15,2.0,-12694
63.97418971803372,5,4.0,0
63.97478624513518,10,57.0,9471
63.97526025526804,4,31.0,9489
63.98301496489199,7,2.0,9129
63.98471948465058,10,53.0,9375
63.98677572248889,16,2.0,8674
63.98754874435653,7,7.0,9234
63.989183145562386,7,3.0,9252
63.999416167361495,9,7.0,9148
64.00553188272708,11,3.0,8880
64.00870291056326,6,6.0,9450
64.00960897351587,7,3.0,9419
64.01287509930549,3,28.0,9490
64.01391733593906,5,2.0,0
64.01687551917203,17,20.0,-12607
64.02059564433834,11,44.0,9264
64.02074963043135,4,2.0,9491
64.02425452022514,5,3.0,0
64.0242711593235,7,4.0,9325
64.0254321649417,7,3.0,9201
64.02624414799422,11,42.0,9133
64.02896971802599,7,4.0,8995
64.02945728411332,1,5.0,9492
64.03129258497266,3,14.0,9493
64.03251072145977,1,10.0,9494
64.03961993878164,11,5.0,9287
64.04084233517779,5,4.0,0
64.0427538543293,11,35.0,9159
64.04988291959233,9,59.0,9228
64.04997962034177,6,3.0,9281
64.05231457311334,11,1.0,9025
64.05405357400728,10,1.0,9443
64.05662661630578,7,1.0,9161
64.05709713291685,4,7.0,9495
64.0607453763359,7,10.0,9289
64.06181644268412,6,8.0,9481
64.06435999843622,6,10.0,9494
64.06804439021731,5,4.0,0
64.07204626869131,11,6.0,8833
64.07743501749461,4,11.0,9496
64.0814498723654,10,14.0,9493
64.08146941252042,1,1.0,9497
64.08442393997278,17,2.0,-12398
64.08695345125257,4,5.0,9498
64.08700928204597,5,2.0,0
64.08834228239941,1,5.0,9499
64.08910914024703,16,3.0,4290
64.09412178358258,5,7.0,0
64.09449653732115,1,2.0,9500
64.09523030709897,4,4.0,9501
64.09795925765762,5,5.0,0
64.10198333032059,10,2.0,9491
64.10289570295899,3,41.0,9502
64.10615535777873,7,1.0,9268
64.1070069934475,1,4.0,9503
64.11089471818872,17,4.0,-1094
64.11376173563322,11,20.0,9342
64.1162632215972,16,5.0,8779
64.11771027142098,6,7.0,9388
64.1180964250899,4,5.0,9504
64.11850564653588,7,1.0,8754
64.11893005278459,7,2.0,9265
64.12438503678601,9,5.0,9101
64.12631278393168,1,4.0,9505
64.12767670981505,6,2.0,9475
64.12977512910903,7,4.0,9271
64.13130085219579,10,13.0,9353
64.13444016233277,10,11.0,9496
64.13853742048877,17,1.0,-11914
64.13880823834423,4,6.0,9506
64.14735993658525,7,2.0,9235
64.15029144467326,16,44.0,8443
64.15094521520324,6,1.0,9476
64.15921373010592,15,4.0,-12708
64.1612275692061,16,58.0,7748
64.16294756588127,4,6.0,9507
64.16361374495042,7,1.0,9125
64.16507360237368,7,1.0,9169
64.16855801392077,7,3.0,9224
64.16857087839776,10,9.0,9346
64.16969436176764,4,26.0,9508
64.17492922965769,1,48.0,9509
64.18164447755278,6,4.0,9432
64.18388576377858,1,2.0,9510
64.18807202271772,10,43.0,9417
64.18877651123712,1,3.0,9511
64.19026231440219,5,1.0,0
64.19146070051104,1,21.0,9512
64.19461956505936,7,6.0,9321
64.1975216601556,5,2.0,0
64.19845645834035,4,5.0,9513
64.19867590087662,6,2.0,9510
64.20007146990963,7,5.0,9156
64.20038886957511,6,4.0,9455
64.20362628707348,1,5.0,9514
64.20467147594748,10,12.0,9386
64.20800652574584,1,5.0,9515
64.20871755039917,11,59.0,9331
64.20882492195574,1,4.0,9516
64.20900087380551,5,1.0,0
64.20917735078217,10,44.0,9426
64.21197812999917,6,1.0,9468
64.21669043191183,16,2.0,8996
64.22318438081346,6,4.0,8919
64.23043378607768,15,8.0,-12707
64.23599451895342,6,2.0,9440
64.23657772037211,5,2.0,0
64.23985161237573,3,3.0,9517
64.24238719655298,7,2.0,8927
64.24523710735748,11,39.0,9188
64.25194939254949,5,7.0,0
64.25386467430879,17,2.0,-11993
64.25557796964141,1,2.0,9518
64.25914539673616,7,8.0,9304
64.26244954855734,6,4.0,9409
64.26820331772407,11,9.0,8982
64.26853703621951,7,1.0,9245
64.26867068180432,11,9.0,9270
64.27215211769632,6,3.0,9398
64.28028771098025,17,3.0,-11165
64.28288938457419,10,3.0,9517
64.28352057774943,12,57.0,9412
64.29021192816874,3,24.0,9519
64.29190519571777,16,2.0,1039
64.29286830121276,7,4.0,9000
64.29288623485523,7,2.0,9236
64.29310540683035,11,34.0,9298
64.29463740743128,4,5.0,9520
64.29483663762448,6,5.0,9515
64.31092802695633,10,1.0,9372
64.31321213487658,12,9.0,9231
64.31321931076246,7,1.0,9074
64.3140839125469,1,9.0,9521
64.31422341230365,9,4.0,9202
64.31647620252286,1,2.0,9522
64.31749872341365,1,2.0,9523
64.32129800033803,10,7.0,9414
64.32250746183924,7,1.0,9182
64.33122055606394,13,1.0,-12735
64.33218334866189,11,11.0,9176
64.33285398115535,11,19.0,9308
64.33475973247968,6,48.0,9509
64.33642003230061,7,6.0,9112
64.33799370148894,4,11.0,9524
64.33804200699288,7,1.0,9193
64.33824693665666,7,4.0,8936
64.34220693938308,6,1.0,9360
64.3433730096255,13,2.0,-12736
64.34504567743711,11,10.0,9198
64.3455872758345,16,3.0,8433
64.3483798705304,6,4.0,9457
64.35277267277026,1,5.0,9525
64.35504138234438,6,3.0,9424
64.36450469919694,10,10.0,9338
64.36578287549446,6,2.0,9522
64.3670368094196,4,5.0,9526
64.36706361210493,11,4.0,9102
64.37157834964684,1,2.0,9527
64.37790852669367,1,11.0,9528
64.37833842780555,16,2.0,7803
64.37979724931773,16,16.0,8268
64.38149356147353,5,4.0,0
64.38292643596064,10,11.0,9438
64.38517104021585,11,4.0,9111
64.38807376493821,5,4.0,0
64.3901880779171,4,10.0,9529
64.39417958982924,17,1.0,-4187
64.39792329371836,7,2.0,9332
64.39907952063793,10,12.0,9334
64.40024164830518,7,14.0,9357
64.40239714662506,5,4.0,0
64.40322803722617,15,1.0,-12695
64.40381566741434,4,6.0,9530
64.4043896095273,11,34.0,8908
64.41080103889063,5,9.0,0
64.41263373651779,8,18.0,9230
64.4143717252382,3,58.0,9531
64.41461219106864,7,3.0,9343
64.41786863350272,5,2.0,0
64.41876321578276,6,4.0,9285
64.41947301422583,7,2.0,9352
64.41967642747153,6,4.0,9474
64.42318279869973,5,1.0,0
64.42899685541119,1,2.0,9532
64.42904272998419,11,2.0,9284
64.4297149767597,11,22.0,9359
64.43068112518358,6,2.0,9523
64.43282918375618,7,4.0,9428
64.43457582493551,12,1.0,9372
64.43697681891385,6,5.0,9514
64.43807325988115,3,57.0,9533
64.4384168423296,5,1.0,0
64.43937584158338,6,3.0,9488
64.44351469747949,10,6.0,9506
64.44504843078334,3,8.0,9534
64.44661098098852,1,2.0,9535
64.4482392208128,10,31.0,9489
64.45023016813882,10,5.0,9465
64.45365626820728,6,1.0,9410
64.4536649445733,11,21.0,9199
64.45445861860225,10,24.0,9423
64.4546438420656,10,6.0,9399
64.45942151279102,5,2.0,0
64.46082735792992,3,5.0,9536
64.46122220503081,17,2.0,-11086
64.46635835623078,6,1.0,9314
64.46657206422783,10,26.0,9508
64.46712714593534,6,5.0,9525
64.46731673111306,5,6.0,0
64.46833431034695,1,2.0,9537
64.46841390054436,6,4.0,9459
64.47262939410012,13,1.0,-12731
64.47870718982153,1,7.0,9538
64.47946956060467,15,5.0,-12702
64.48020617125007,3,8.0,9539
64.48800252741309,7,1.0,9194
64.48810232096751,15,4.0,-12700
64.48843817407052,17,1.0,-10445
64.49237236710711,5,11.0,0
64.49360745712758,4,11.0,9540
64.49927615751267,7,1.0,9162
64.49927615751267,16,1.0,9162
64.50068248025272,6,1.0,8726
64.50175694433575,1,14.0,9541
64.50190237185436,1,10.0,9542
64.50328422740148,5,1.0,0
64.50336329669297,10,6.0,9507
64.50751618599308,11,13.0,9210
64.50998888245967,15,5.0,-12704
64.51071017353276,6,4.0,9411
64.51150771995088,11,12.0,9237
64.51211705705043,6,2.0,9518
64.51688692162128,7,1.0,9248
64.51746559674464,4,1.0,9543
64.51885215217696,7,51.0,9406
64.51911009363067,11,2.0,9267
64.5200315745375,11,10.0,9413
64.52188637848792,16,32.0,8042
64.52219638379803,7,7.0,9118
64.52559526642503,8,7.0,9388
64.52673269511307,17,2.0,-12555
64.52706054851483,6,1.0,9479
64.52744409872973,10,5.0,9498
64.52982270406375,10,1.0,9543
64.5329447752063,7,8.0,8814
64.53327023935941,1,4.0,9544
64.53500042962297,6,8.0,9437
64.53724881728508,1,4.0,9545
64.53843835131592,4,6.0,9546
64.54189698118748,10,6.0,9530
64.54518906748525,7,4.0,9183
64.5451956718402,6,3.0,9511
64.54692612589042,10,19.0,9377
64.54842521310191,14,1.0,-12732
64.54981942009508,1,8.0,9547
64.55172652444278,6,4.0,9485
64.55174420268213,10,4.0,9300
64.55580342198623,1,7.0,9548
64.55832493409888,11,7.0,9019
64.55934721106286,5,4.0,0
64.5674167184851,6,24.0,9396
64.56854854731311,11,2.0,9272
64.57203375404244,4,48.0,9549
64.57376361606514,10,24.0,9519
64.58324509466053,1,4.0,9550
64.58537689337949,6,2.0,9535
64.58611833101807,1,1.0,9551
64.58735352407909,5,4.0,0
64.59014959564507,7,18.0,9128
64.59060997757109,11,3.0,9295
64.590862695908,10,6.0,9546
64.59132632341853,11,41.0,9094
64.59224213863631,4,3.0,9552
64.59226588339695,3,24.0,9553
64.59240429405676,5,2.0,0
64.59534275363495,4,33.0,9554
64.59546201825142,11,3.0,9358
64.59870004070793,6,4.0,9401
64.59992445452114,5,2.0,0
64.60009651271957,6,21.0,9512
64.60232705160197,7,4.0,9196
64.60972402806479,6,1.0,9365
64.61554089120595,15,21.0,-12714
64.62459079458752,1,5.0,9555
64.62924616157761,1,42.0,9556
64.62927162951065,7,3.0,9371
64.63129332303366,6,14.0,9541
64.63179879684927,17,2.0,-10672
64.63540095528126,11,6.0,9258
64.63564292772357,5,3.0,0
64.6392174060641,1,2.0,9557
64.64062101194463,11,3.0,9197
64.64445995544462,11,60.0,9046
64.64714606383889,10,11.0,9540
64.6497967976329,7,1.0,9175
64.65015238402403,4,13.0,9558
64.6531535032086,1,3.0,9559
64.65555959630784,4,42.0,9560
64.6558702041741,10,5.0,9302
64.65627293444713,5,9.0,0
64.65806983789352,7,1.0,9242
64.65929085466198,7,5.0,9283
64.66016711443646,7,6.0,9315
64.6609339545252,10,8.0,9534
64.6609503495499,6,2.0,9425
64.66209236089188,4,46.0,9561
64.6720909291677,4,6.0,9562
64.67276326428434,4,13.0,9563
64.6770054125044,5,3.0,0
64.6778830120493,10,6.0,9562
64.68576285726803,11,4.0,9184
64.6863035343072,10,8.0,9539
64.69152217088498,5,1.0,0
64.69334796740277,1,2.0,9564
64.69519739455525,6,5.0,9499
64.7000657533571,1,44.0,9565
64.70480163236334,7,4.0,9117
64.70712588722519,5,9.0,0
64.70757209122459,5,4.0,0
64.70764971854636,7,3.0,8952
64.70847769144686,5,2.0,0
64.71496860578043,7,11.0,9391
64.71677298017659,7,11.0,9059
64.71727538870508,3,7.0,9566
64.71987738610353,10,13.0,9558
64.7244760761216,5,4.0,0
64.7320549579527,10,9.0,9441
64.73248833047695,5,1.0,0
64.73306823629207,6,5.0,9492
64.7342684922612,16,1.0,5699
64.73460289658026,10,11.0,9524
64.73483621812596,5,6.0,0
64.74159703760297,1,1.0,9567
64.74186433360404,11,5.0,9329
64.74263438698905,11,1.0,9362
64.74350389008552,6,2.0,9537
64.74478527461731,6,10.0,9368
64.75000491534576,1,29.0,9568
64.75860877564637,10,1.0,9464
64.76158577617669,4,4.0,9569
64.76640800615864,4,10.0,9570
64.76860000571985,6,2.0,9564
64.77091733675778,6,4.0,9312
64.77107102167584,5,15.0,0
64.77237861650269,5,3.0,0
64.77354735576886,7,2.0,9186
64.7755995681677,1,4.0,9571
64.78112678994704,14,1.0,-12734
64.7832045162026,7,6.0,9313
64.78388155536143,10,7.0,9566
64.78633330033085,1,5.0,9572
64.7879365500551,11,8.0,9109
64.7884633168169,1,2.0,9573
64.78907787482379,10,55.0,9454
64.79495634117686,10,33.0,9554
64.79833713652086,10,11.0,9385
64.80167504100979,7,3.0,9075
64.80801792289104,10,6.0,9361
64.80825900421837,17,1.0,-12553
64.8122082659822,14,4.0,-12733
64.81370751974103,14,7.0,-12730
64.81604470703007,7,7.0,9303
64.81802807714604,3,12.0,9574
64.82200790968807,15,2.0,-12711
64.82202820161848,7,8.0,8867
64.82594375117988,5,1.0,0
64.82690602593482,7,16.0,9205
64.8278303787125,1,3.0,9575
64.82823180040025,10,1.0,9430
64.82931758449315,4,1.0,9576
64.83107136301841,15,1.0,-12709
64.83623361680142,10,5.0,9427
64.83645806626085,7,1.0,9276
64.83645806626085,16,1.0,9276
64.83801543576361,17,2.0,-11721
64.84101432838769,10,6.0,9336
64.84366959967895,7,2.0,9254
64.85127099943828,5,4.0,0
64.85392507008248,1,5.0,9577
64.85751142538476,4,5.0,9578
64.87655711822516,11,31.0,8874
64.88007212001331,6,2.0,9435
64.88029916130199,17,9.0,-12643
64.88036585648494,6,7.0,9538
64.88228370678624,7,1.0,9348
64.88613665380898,10,10.0,9570
64.88811314001671,7,2.0,9073
64.89111915936924,10,3.0,9552
64.89510100818158,11,12.0,9355
64.89716744086948,4,7.0,9579
64.90551426456194,9,9.0,9231
64.90697668430778,7,4.0,9318
64.91225647513322,1,1.0,9580
64.91592638470077,11,5.0,9393
64.91919546080587,15,1.0,-12712
64.92124979481427,6,4.0,9452
64.92328028155592,6,4.0,9503
64.92443486739788,10,2.0,9466
64.92607757174105,10,5.0,9536
64.92621907985952,1,1.0,9581
64.92792489151446,7,2.0,9319
64.928878807463,6,10.0,9542
64.92971701507732,7,6.0,9263
64.93438048692363,6,4.0,9288
64.9351992276647,4,8.0,9582
64.93781003713383,8,4.0,9411
64.93969717905746,6,7.0,9344
64.94071176536865,16,43.0,8551
64.94119242780468,4,5.0,9583
64.94138029731462,3,12.0,9584
64.94173149111485,5,15.0,0
64.94378290587049,5,2.0,0
64.94555064069152,1,4.0,9585
64.94566972960618,5,8.0,0
64.9485477479544,11,2.0,9257
64.95330668965488,6,2.0,9527
64.95973760808307,7,2.0,9369
64.96500404008432,1,3.0,9586
64.96897700357772,4,2.0,9587
64.97539125215161,5,3.0,0
64.97545398280224,7,5.0,9146
64.97810558345446,11,2.0,8842
64.97926670765547,10,5.0,9583
64.97969140323335,3,5.0,9588
64.98280177921995,7,3.0,9078
64.9898970409113,17,2.0,-12530
64.9907292019298,10,48.0,9549
64.9908164419083,16,7.0,8012
64.99383528978511,11,13.0,9366
65.00492466881916,6,2.0,9460
65.00566483012038,10,48.0,9286
65.00984594379364,1,4.0,9589
65.0099504433505,6,5.0,9555
65.01114194766306,11,3.0,9517
65.01149435507138,5,1.0,0
65.0148147601716,6,2.0,9477
65.01564937137964,6,7.0,9548
65.01645220228339,4,5.0,9590
65.01707918828996,3,1.0,9591
65.01876286030432,6,3.0,9447
65.01950425399733,5,8.0,0
65.02013170717987,1,3.0,9592
65.02347024398821,5,1.0,0
65.02516129013556,5,6.0,0
65.0276748556886,11,14.0,9266
65.03289879399348,5,9.0,0
65.03599852694751,1,1.0,9593
65.03895806377999,4,30.0,9594
65.0486968333568,5,2.0,0
65.04919502415815,4,48.0,9595
65.05178081519439,13,2.0,-12738
65.05448247986496,15,2.0,-12715
65.05534613710667,9,18.0,9230
65.05635599031027,17,8.0,-12075
65.05833877735263,1,36.0,9596
65.05911662794695,16,3.0,8192
65.0610716257678,17,8.0,-12226
65.06110059928466,13,1.0,-12739
65.06211344771134,11,1.0,9443
65.06332167081773,3,16.0,9597
65.06394983697618,1,2.0,9598
65.06941406571138,11,10.0,9397
65.06996859596835,1,1.0,9599
65.07502402130142,16,48.0,1112
65.07506499336338,1,1.0,9600
65.08506448421193,10,58.0,9531
65.0858578182371,3,5.0,9601
65.08649432594963,7,9.0,9392
65.08903626400749,13,5.0,-12740
65.09012856503226,10,46.0,9561
65.09111793235024,1,1.0,9602
65.09140927093358,11,16.0,9324
65.09861719180091,7,1.0,9240
65.10000807670666,16,58.0,2751
65.10057003348325,11,46.0,9030
65.10057003348325,16,46.0,9030
65.10104593791604,6,4.0,9478
65.1062808159616,15,2.0,-12717
65.10722929798244,3,43.0,9603
65.10894095773578,11,5.0,9178
65.10980680205908,6,1.0,9434
65.11077756427893,15,1.0,-12713
65.11202351846863,6,1.0,9567
65.11481575099042,5,2.0,0
65.11661950539809,16,1.0,7207
65.11681074842944,11,4.0,9021
65.11794758815304,5,3.0,0
65.12064587354709,11,57.0,9471
65.12569714990138,7,1.0,9404
65.1262517452642,5,1.0,0
65.13232091591046,7,1.0,9339
65.13383135592747,10,3.0,9458
65.13718687625754,17,1.0,-12646
65.14125446153906,1,5.0,9604
65.14255067174422,14,1.0,-12741
65.14739858287552,8,1.0,8726
65.15078417377435,17,1.0,-12556
65.15617490406646,4,42.0,9605
65.16157312850116,6,1.0,9580
65.16186360723964,1,14.0,9606
65.16258278670576,5,10.0,0
65.16544474843452,1,1.0,9607
65.1687534202473,8,2.0,9564
65.16898100776314,1,10.0,9608
65.18064222441225,6,6.0,9431
65.18815742792918,7,3.0,9389
65.19256848704194,16,10.0,8075
65.19855639528598,1,1.0,9609
65.1993579604493,3,9.0,9610
65.20102746019828,5,1.0,0
65.20212344720777,16,14.0,8704
65.20233503287805,4,21.0,9611
65.2058346595138,1,57.0,9612
65.20905712515687,7,4.0,8919
65.21006323470591,4,1.0,9613
65.21140199420248,6,1.0,9600
65.21407778269668,10,10.0,9433
65.21421042821596,16,22.0,8427
65.21828430557791,5,1.0,0
65.22596053752434,7,4.0,9409
65.22793445617262,17,1.0,-12578
65.22877850159367,1,4.0,9614
65.23164515100558,11,4.0,8997
65.23283680044361,11,2.0,9259
65.23402309885812,10,41.0,9502
65.23444562311678,17,4.0,-7062
65.23650804931633,11,11.0,9540
65.23756833012372,5,3.0,0
65.23830644381202,4,8.0,9615
65.24214158710042,7,28.0,9439
65.24545423076556,1,1.0,9616
65.24708224832435,1,5.0,9617
65.24832818687025,10,4.0,9501
65.25225738426474,1,3.0,9618
65.25328023408588,6,3.0,9483
65.25413535845159,10,42.0,9605
65.25616163375491,1,2.0,9619
65.25626805952113,3,60.0,9620
65.25990278598952,3,4.0,9621
65.25998970469325,17,1.0,-11301
65.26786245857754,6,2.0,9290
65.27213441535328,11,5.0,9301
65.27291869470302,1,16.0,9622
65.27384591418212,7,3.0,9351
65.27428069030013,1,7.0,9623
65.27965813903158,17,3.0,-11726
65.28139424660232,11,4.0,9165
65.28296514619555,6,11.0,9528
65.28632558923852,1,4.0,9624
65.28850304505495,6,4.0,9544
65.29362565900858,17,1.0,-10437
65.29441955110781,5,3.0,0
65.29521969703269,10,60.0,9620
65.30164896629458,11,5.0,9243
65.30278244333272,4,4.0,9625
65.30471986094652,6,6.0,9384
65.30488289257822,7,2.0,9510
65.30491872418494,15,5.0,-12718
65.30491872418494,17,5.0,-12718
65.30974418023857,15,5.0,-12719
65.31019154047262,11,19.0,9378
65.31061658510326,10,21.0,9611
65.31923274603855,3,8.0,9626
65.31925531168989,7,2.0,9335
65.32240704658338,10,8.0,9615
65.32477903162987,10,4.0,9621
65.32531905576887,6,4.0,9545
65.33108390520339,10,43.0,9603
65.33160439570074,7,3.0,9424
65.33230006437323,7,1.0,9226
65.33292689073403,7,8.0,9337
65.33315586216473,7,2.0,9475
65.33346859941229,17,2.0,-8257
65.343410882818,6,4.0,9516
65.34376818882461,7,1.0,9380
65.34479728252923,6,1.0,9449
65.34523360765826,8,14.0,9541
65.34572524149303,7,2.0,9373
65.34750058101267,3,47.0,9627
65.35433939914117,6,1.0,9609
65.35579460597181,7,2.0,9341
65.35742908323282,15,2.0,-12722
65.35883879836564,17,4.0,-12495
65.3603170618469,7,5.0,9292
65.36690916149115,5,29.0,0
65.37032279599796,6,3.0,9586
65.37152465397426,3,29.0,9628
65.37404102472517,6,3.0,9618
65.37955495437406,7,2.0,9425
65.37990068716769,10,13.0,9563
65.38211185181963,7,3.0,9445
65.38614953802733,15,1.0,-12721
65.38762271482646,6,42.0,9556
65.38851254192144,6,57.0,9612
65.38911223750748,17,20.0,-9721
65.38929116708051,7,1.0,9306
65.39055908308833,10,42.0,9560
65.39257053065603,1,1.0,9629
65.39935178802631,11,36.0,9251
65.40166749623259,6,2.0,9573
65.40322731375228,6,36.0,9596
65.4097521877729,11,2.0,9191
65.41027105370108,1,5.0,9630
65.41534360188813,6,4.0,9462
65.41661752780871,7,1.0,9311
65.41933796001457,1,2.0,9631
65.42085045766623,10,29.0,9628
65.42246904638858,1,4.0,9632
65.4236724534775,1,7.0,9633
65.42421385191456,16,53.0,8435
65.42609984665901,9,4.0,9185
65.42615877176308,6,3.0,9444
65.42652796805285,6,4.0,9614
65.42862738955914,6,4.0,9505
65.4308327292324,7,4.0,8858
65.43285041424818,1,3.0,9634
65.43994512005587,6,21.0,9416
65.44211417054204,1,5.0,9635
65.44249676757569,4,5.0,9636
65.45366957939957,15,2.0,-12710
65.45507928713468,1,4.0,9637
65.46421124279608,9,4.0,9411
65.46800635114377,11,1.0,9310
65.47022702744741,1,6.0,9638
65.47089929628865,10,7.0,9495
65.4725165309014,10,5.0,9520
65.47444562123442,10,12.0,9574
65.47504853056425,3,4.0,9639
65.47605956349962,7,2.0,9440
65.47803790460881,8,4.0,9459
65.4792169790912,17,2.0,-5263
65.48005307835868,5,3.0,0
65.48304387434865,7,55.0,8784
65.4852506604033,7,3.0,8749
65.48611177847451,1,9.0,9640
65.48680885325489,1,4.0,9641
65.48767440865468,3,47.0,9642
65.49033451151901,6,5.0,9577
65.49642491714886,3,12.0,9643
65.50205374559123,10,5.0,9513
65.503842493302,11,22.0,9297
65.50553670928852,6,6.0,8967
65.5058570485482,10,1.0,9613
65.50713086291617,7,1.0,9422
65.50763757094033,4,12.0,9644
65.50833669699145,7,3.0,9370
65.50918595809219,1,2.0,9645
65.51017649168777,15,3.0,-12720
65.51298483798041,7,3.0,9356
65.5140521733391,17,2.0,-1014
65.51438405110834,8,1.0,9387
65.51479893890972,1,10.0,9646
65.51517168307464,7,7.0,9139
65.51628178077681,7,1.0,9410
65.52275361851878,4,10.0,9647
65.52292292535894,1,4.0,9648
65.52610278684828,7,5.0,9499
65.52783221553105,4,2.0,9649
65.52853031438316,6,14.0,9606
65.52997927145779,17,4.0,-9469
65.5304857849495,5,1.0,0
65.53242972414394,7,1.0,9476
65.53304898314454,11,11.0,9038
65.53596309724357,1,12.0,9650
65.53657531341769,5,3.0,0
65.53934030366378,5,1.0,0
65.5449737724878,1,16.0,9651
65.54523163560478,17,1.0,-9412
65.54658267875493,6,2.0,9463
65.54695932169523,1,10.0,9652
65.54932718031729,6,5.0,9630
65.55064498271392,1,3.0,9653
65.55097351831577,1,5.0,9654
65.55182212716437,10,16.0,9597
65.56064316501156,1,10.0,9655
65.56147057250242,5,8.0,0
65.56493949783588,6,4.0,9585
65.56652290007074,11,6.0,9530
65.56717302181798,1,7.0,9656
65.56743456584661,3,4.0,9657
65.57160956901669,5,3.0,0
65.5758400249383,1,5.0,9658
65.58372116335565,6,2.0,9557
65.5841856224181,10,5.0,9601
65.58584850924954,5,1.0,0
65.58756484268253,1,6.0,9659
65.59447100553712,7,2.0,9364
65.59972562521682,6,5.0,9382
65.60006592310567,1,6.0,9660
65.60317889996946,11,2.0,9491
65.60731456586223,11,10.0,9436
65.60913088132337,4,4.0,9661
65.61137499352418,11,2.0,9446
65.61168622821222,6,4.0,9571
65.61184328800314,1,2.0,9662
65.61274425870732,11,58.0,9400
65.61799986161301,16,3.0,8224
65.61831933813308,1,1.0,9663
65.62082851693843,10,25.0,9354
65.62767508417012,7,5.0,9515
65.63032408890197,4,29.0,9664
65.63051827671246,13,1.0,-12743
65.634319502091,6,10.0,9646
65.63649559954939,11,28.0,9363
65.63716296286684,6,3.0,9575
65.64440427689526,9,5.0,9316
65.64689646705938,7,5.0,9514
65.64689646705938,16,5.0,9514
65.64848577932301,3,42.0,9665
65.65016897286519,1,2.0,9666
65.65387246756168,17,12.0,-12589
65.65476813495232,11,6.0,9399
65.65847181006141,7,1.0,9173
65.66255706333904,1,2.0,9667
65.66297901137148,11,4.0,9300
65.66371902364075,3,4.0,9668
65.66578560683959,15,1.0,-12716
65.6721788448001,6,6.0,9383
65.67269119551489,5,2.0,0
65.67403424922438,10,12.0,9644
65.67407049739134,6,10.0,9655
65.67413995701172,1,3.0,9669
65.67689992160585,11,44.0,9426
65.6785474016522,1,1.0,9670
65.68021238656274,6,2.0,9645
65.68472976450244,4,4.0,9671
65.68487032580408,1,9.0,9672
65.68789267055183,11,24.0,9469
65.68789267055183,16,24.0,9469
65.68864034980322,1,1.0,9673
65.68954938128309,6,5.0,9654
65.69016570934902,5,2.0,0
65.69043381205294,11,26.0,9508
65.71865752017794,1,5.0,9674
65.71933695614558,7,4.0,9296
65.7196228038027,6,4.0,9589
65.72044170380751,17,1.0,-879
65.72062253858711,7,3.0,9376
65.72258210190259,5,1.0,0
65.72353083870324,1,7.0,9675
65.7260399187671,1,5.0,9676
65.73146274600354,14,2.0,-12737
65.73254508421262,11,9.0,9346
65.73461745010596,5,3.0,0
65.7375594894672,1,6.0,9677
65.74110886006437,10,5.0,9504
65.74486764394307,5,2.0,0
65.74862584323449,5,23.0,0
65.75566308561037,1,2.0,9678
65.75729885767223,1,3.0,9679
65.75889017277123,3,9.0,9680
65.76734144673698,1,1.0,9681
65.76764183065252,11,7.0,9566
65.77541801100973,5,6.0,0
65.7772827943126,6,3.0,9653
65.77860362229917,6,6.0,9638
65.78034359432652,10,30.0,9594
65.78053514473355,5,4.0,0
65.78207480966427,16,2.0,8407
65.7825876303776,7,8.0,9437
65.78294104173601,7,4.0,9457
65.78411099899394,9,2.0,9061
65.78544346614723,10,4.0,9569
65.78619898436035,6,1.0,9663
65.78782344778374,5,1.0,0
65.7882234678468,1,4.0,9682
65.79116434449445,1,2.0,9683
65.79144269590736,7,7.0,9307
65.79528017193786,7,4.0,9340
65.80074725428615,5,4.0,0
65.80905315428026,11,46.0,9561
65.81348202107709,7,3.0,9456
65.81423653245365,6,2.0,9667
65.81702669361196,1,3.0,9684
65.81831749086177,4,1.0,9685
65.81965351863725,1,1.0,9686
65.82134417773867,11,21.0,9395
65.82152320554827,16,2.0,8688
65.82313218315277,13,2.0,-12742
65.8253906860579,10,28.0,9490
65.8277904387272,1,1.0,9687
65.82807242957276,9,57.0,9412
65.83697637087934,6,6.0,9660
65.83771473139379,1,1.0,9688
65.84761841392061,10,24.0,9553
65.85286409546323,11,6.0,9336
65.8583330627482,11,8.0,9534
65.85981400447523,6,9.0,9640
65.8611776553858,16,4.0,5494
65.86320094686512,11,33.0,9429
65.87284260266964,6,9.0,9521
65.87328213973286,6,3.0,9480
65.88992863465772,7,10.0,9368
65.89427341276496,6,5.0,9676
65.89466854521105,4,1.0,9689
65.89775119811704,1,2.0,9690
65.9034714241707,12,4.0,9405
65.90512435510561,8,1.0,9609
65.90600799318767,11,5.0,9536
65.90635036277487,6,2.0,9666
65.91366088049736,7,2.0,9460
65.91507967701222,10,10.0,9261
65.91708921352017,1,1.0,9691
65.91940841855428,10,8.0,9105
65.9203596860802,11,33.0,9554
65.92039604635328,6,5.0,9658
65.92468216972016,7,6.0,9451
65.92746434544901,6,1.0,9593
65.92827189713816,7,2.0,9367
65.92843931423243,5,6.0,0
65.93222921222144,10,4.0,9657
65.93479680593603,9,4.0,9405
65.93513295318975,6,2.0,9467
65.93901565465632,5,3.0,0
65.94172935845806,1,45.0,9692
65.94708667067908,4,4.0,9693
65.95037532725931,7,4.0,9415
65.95084891371455,11,58.0,9531
65.95437502904785,1,16.0,9694
65.95896809023442,17,4.0,-7235
65.96118180968911,16,23.0,8700
65.96193965372876,5,15.0,0
65.96413017376246,9,4.0,9459
65.96699433385768,6,1.0,9688
65.97161857375576,6,16.0,9651
65.9725873593004,3,27.0,9695
65.97396417041594,6,4.0,9624
65.9741655838564,4,17.0,9696
65.98233610342852,4,22.0,9697
65.98925110890362,7,1.0,9365
66.00710448949306,6,1.0,9581
66.00999961960416,5,2.0,0
66.01202937381989,3,6.0,9698
66.0123431001855,1,3.0,9699
66.01614942836163,5,6.0,0
66.02116116263147,13,3.0,-12752
66.02329565477918,14,3.0,-12750
66.0254236948586,5,4.0,0
66.02677508834891,1,40.0,9700
66.0334881620328,7,5.0,9577
66.03354459874606,16,5.0,8162
66.03792278833433,1,1.0,9701
66.04008237720502,9,1.0,8726
66.04057229354856,6,32.0,9305
66.04921771277577,11,3.0,9278
66.05067278565814,10,10.0,9647
66.05394494797078,1,1.0,9702
66.054914829126,10,27.0,9695
66.06243977156149,6,8.0,9547
66.06348634268483,10,1.0,9685
66.06783850785727,4,6.0,9703
66.06920915322021,6,5.0,9200
66.07088423600054,6,7.0,9656
66.07244288081759,12,5.0,9520
66.07315184751478,10,10.0,9407
66.07551452219775,5,4.0,0
66.07622944702175,4,6.0,9704
66.07822919308464,3,5.0,9705
66.08199986693724,6,7.0,9675
66.08202506542679,6,2.0,9678
66.08902859959287,11,24.0,9423
66.09266930071804,4,2.0,9706
66.09658140405672,1,3.0,9707
66.09674613811215,1,1.0,9708
66.10063153673198,11,24.0,9519
66.10140110318083,14,1.0,-12758
66.10175184874495,11,5.0,9427
66.10287317240213,7,2.0,9522
66.10577524115543,6,5.0,9604
66.10670274479807,7,27.0,8707
66.11073855144761,15,11.0,-12723
66.11240357035413,8,4.0,9347
66.11307693614879,11,6.0,9361
66.11508467846738,10,3.0,9482
66.11677734503748,9,4.0,9347
66.12385298771511,7,6.0,9096
66.1247070271638,11,3.0,9322
66.12556748879484,12,5.0,9601
66.12901266651657,6,16.0,9622
66.12967517760961,6,4.0,9550
66.1314730337774,9,2.0,9328
66.1322343957579,10,5.0,9526
66.13251018204998,13,2.0,-12771
66.13498844944903,3,3.0,9709
66.13634352473788,13,1.0,-12760
66.13837542942713,1,8.0,9710
66.13871718875266,7,3.0,9281
66.1419591586171,16,12.0,8529
66.14514273094265,7,4.0,9544
66.14533929916074,10,5.0,9705
66.14609695936993,6,2.0,9690
66.14743781943245,9,14.0,9541
66.15265267002955,6,1.0,9551
66.15483108859387,4,12.0,9711
66.1623764784018,7,7.0,9421
66.1624803453172,11,48.0,9549
66.16595375000038,5,2.0,0
66.16678712513844,10,6.0,9698
66.16823574968944,16,9.0,8590
66.1707246808223,15,1.0,-12729
66.17231359645386,7,8.0,9408
66.18055585395979,17,1.0,-9203
66.18358325791402,15,4.0,-12733
66.1836499171584,4,1.0,9712
66.18370572889239,7,2.0,9557
66.19461956505936,16,6.0,9321
66.19671233605622,6,7.0,9633
66.19803934026947,13,10.0,-12755
66.20035174453392,5,1.0,0
66.20143130805926,10,10.0,9529
66.20620436736343,10,2.0,9649
66.20918467318575,13,2.0,-12746
66.21254727943996,6,1.0,9702
66.21885096746367,12,8.0,9105
66.2197092520099,10,4.0,9693
66.2242545530019,6,3.0,9699
66.22906257874963,7,2.0,9174
66.22970454545384,11,43.0,9417
66.23377315650242,11,10.0,9338
66.23509236156404,4,2.0,9713
66.23898655017176,13,1.0,-12754
66.24119078701096,6,4.0,9402
66.24465517286583,5,2.0,0
66.24612433818709,16,10.0,8416
66.2461513914971,4,6.0,9714
66.24833381877863,14,8.0,-12756
66.25008568762978,4,4.0,9715
66.25093881629205,5,4.0,0
66.25182845903666,1,7.0,9716
66.25463170588262,1,3.0,9717
66.2594976455672,11,8.0,9349
66.26447650215586,1,4.0,9718
66.26571712625811,5,3.0,0
66.27179025767273,5,5.0,0
66.27246485756248,14,2.0,-12765
66.27748148461045,5,4.0,0
66.27782721632094,1,3.0,9719
66.28107530794658,4,8.0,9720
66.2815405330378,6,1.0,9673
66.28212766123103,10,1.0,9576
66.28515479122542,7,4.0,9478
66.28630947614097,7,1.0,9580
66.2905401039757,1,2.0,9721
66.29345754528009,1,8.0,9722
66.29739425696164,1,3.0,9723
66.30346753922116,11,3.0,9552
66.30942661633257,4,2.0,9724
66.30959157806198,3,38.0,9725
66.31396899045559,1,2.0,9726
66.31804377234818,6,3.0,9707
66.31906729505,7,1.0,9066
66.32169847422097,13,1.0,-12767
66.32337968656577,7,4.0,9571
66.32646013546913,17,2.0,-4340
66.32908491422631,11,12.0,9386
66.32908491422631,16,12.0,9386
66.33481398330599,7,3.0,9447
66.33502901211976,5,1.0,0
66.3354825072904,6,4.0,9486
66.33939893301827,1,10.0,9727
66.34739267997462,6,3.0,9723
66.34739281787286,11,1.0,9543
66.34871133875049,5,1.0,0
66.35008085918625,5,1.0,0
66.35622323993624,11,7.0,9414
66.35749238746978,10,5.0,9590
66.3599101768711,10,2.0,9587
66.36499858337265,10,6.0,9703
66.36736604359074,11,12.0,9334
66.37439154725601,4,5.0,9728
66.37440404169146,13,5.0,-12773
66.37554709068864,16,2.0,6580
66.37744061707673,1,3.0,9729
66.37916967250241,3,52.0,9730
66.38165896689937,17,4.0,-12409
66.38203661152643,14,5.0,-12757
66.38522171305343,6,1.0,9607
66.38635243558957,6,3.0,9679
66.3934416667906,15,7.0,-12730
66.39361391341427,10,4.0,9671
66.39470883405087,7,4.0,8964
66.39508284588618,4,6.0,9731
66.39603422088028,16,2.0,8029
66.39662427423436,4,5.0,9732
66.39769501230175,1,9.0,9733
66.39801506977685,4,8.0,9734
66.39859002279235,7,3.0,9394
66.39889982750204,6,4.0,9718
66.39945673958373,5,4.0,0
66.40175958216089,10,8.0,9734
66.4055895403267,6,2.0,9662
66.40847810071662,1,10.0,9735
66.40974720015167,11,24.0,9274
66.41051820970509,1,3.0,9736
66.41110569356422,17,19.0,-12377
66.41353764317029,8,6.0,9384
66.41944184433028,9,1.0,9372
66.42217026873385,3,16.0,9737
66.42519844883739,11,10.0,9570
66.42544222070092,4,5.0,9738
66.42787139897563,7,3.0,9442
66.4282534443884,7,2.0,9573
66.43509919658781,15,1.0,-12726
66.43543828731949,6,1.0,9687
66.44420538122432,7,4.0,9432
66.45176556696914,11,9.0,9441
66.45860189676264,11,2.0,9293
66.45874003709757,7,5.0,9555
66.45910005585404,11,13.0,9558
66.46129519575044,6,44.0,9565
66.4651350996004,7,4.0,9485
66.4686396059301,7,2.0,9523
66.46947833569568,6,8.0,9710
66.46986932299733,16,6.0,2415
66.4711346662678,17,2.0,-3256
66.47118230056054,7,3.0,9511
66.47299146614094,7,2.0,9537
66.47349276424045,13,2.0,-12770
66.47387538523978,4,5.0,9739
66.47690756329258,7,4.0,9401
66.47720609684556,7,2.0,9463
66.48206800834674,16,4.0,8003
66.48238065166555,6,6.0,9659
66.48329248003785,6,3.0,9472
66.4892419903848,5,1.0,0
66.49147077639246,10,4.0,9625
66.49335182976489,6,2.0,9532
66.49371037704758,14,15.0,-12763
66.49503154029215,7,5.0,9654
66.49522031002074,7,48.0,9509
66.49644849311379,5,7.0,0
66.4985237342469,1,3.0,9740
66.49856393321525,4,6.0,9741
66.50400168574967,11,9.0,9204
66.50545898817288,7,3.0,9488
66.5063412381189,10,1.0,9689
66.50654439305855,7,2.0,9518
66.50685257946418,6,3.0,9740
66.50900899091287,6,1.0,9629
66.51587613872468,15,1.0,-12731
66.51740316142747,1,3.0,9742
66.52096801399952,10,6.0,9714
66.5218681916628,6,5.0,9635
66.52509926705186,10,6.0,9731
66.52814899210225,7,1.0,9448
66.53089890353415,5,37.0,0
66.53196131803561,16,4.0,5757
66.53443460022324,5,1.0,0
66.53608312324889,5,1.0,0
66.53827022300271,3,24.0,9743
66.53869021756543,7,6.0,9450
66.54314271291814,7,6.0,8967
66.54386494909895,6,5.0,9617
66.54499255280722,1,2.0,9744
66.54631320960034,15,2.0,-12736
66.5485689429642,6,2.0,9683
66.55346097896367,11,12.0,9330
66.55390206322318,6,1.0,9681
66.56458291630452,13,2.0,-12745
66.56612243507853,17,1.0,-11071
66.56750114683743,1,2.0,9745
66.5680438266117,6,4.0,9648
66.5703824801149,7,3.0,9618
66.57107334294541,9,1.0,9387
66.57278484182658,11,5.0,9302
66.57486083021196,4,21.0,9746
66.58141112272716,17,1.0,-10869
66.58348016121691,4,9.0,9747
66.58376812113654,6,3.0,9559
66.58390250429949,11,55.0,9454
66.59118294390906,7,28.0,9214
66.5960401686286,7,3.0,9653
66.59697825163012,6,3.0,9742
66.59955721315507,16,5.0,7996
66.60094880197825,1,1.0,9748
66.60576671805292,11,42.0,9560
66.6064605289801,11,11.0,9496
66.61147318982364,16,3.0,8878
66.61215054023009,5,7.0,0
66.61528116036295,1,1.0,9749
66.61529033411495,10,1.0,9591
66.61568057265622,5,1.0,0
66.61568120579993,7,10.0,9461
66.61828492633752,11,7.0,9418
66.62040146694666,3,23.0,9750
66.62164623166206,10,2.0,9706
66.62464216407221,10,22.0,9697
66.62944949042065,6,5.0,9572
66.63346626139486,6,3.0,9634
66.63514933795904,5,11.0,0
66.64297949450922,5,2.0,0
66.64440427689526,16,5.0,9316
66.64547101982045,3,11.0,9751
66.64899653501294,13,3.0,-12759
66.65109895342731,5,4.0,0
66.65208912166196,1,48.0,9752
66.65771203647,7,7.0,9548
66.66066748431726,1,3.0,9753
66.66434119410538,7,5.0,9379
66.66533705984112,7,5.0,9253
66.66613262322615,3,60.0,9754
66.66984859354633,6,3.0,9729
66.67004524012552,6,1.0,9701
66.67148935667934,11,53.0,9375
66.6728066885163,7,4.0,9150
66.67871675791784,1,2.0,9755
66.68318891638567,6,1.0,9497
66.68723500055904,17,4.0,-12622
66.68827088190312,114,25.0,-12753
66.68875976130424,4,4.0,9756
66.70054309235807,6,1.0,9453
66.7049509084391,11,3.0,9458
66.70717582038338,15,2.0,-12728
66.7073012114842,5,3.0,0
66.71406867391171,7,1.0,9600
66.71406867391171,16,1.0,9600
66.71528406811416,6,4.0,9632
66.71531690148316,16,4.0,3059
66.71549518936351,5,4.0,0
66.71910430503392,1,1.0,9757
66.71954713392981,10,9.0,9747
66.71957496163482,13,6.0,-12747
66.71959083060534,4,31.0,9758
66.7270981123079,1,4.0,9759
66.7273270943202,7,1.0,9567
66.73426192990081,1,3.0,9760
66.73809535413756,10,57.0,9533
66.73994126505275,11,9.0,9192
66.74043906414467,9,1.0,9609
66.74145687104816,4,4.0,9761
66.74266284568154,16,8.0,8810
66.74422568962494,15,1.0,-12725
66.74514340202252,10,16.0,9737
66.7451701421433,5,1.0,0
66.74747713421404,5,1.0,0
66.74835504323201,1,3.0,9762
66.75087750921126,11,6.0,9562
66.75285236406265,7,5.0,9382
66.75389627523487,14,2.0,-12762
66.75425462764403,11,8.0,9539
66.75541881158355,5,10.0,0
66.75596168089605,5,32.0,0
66.7605707433757,7,26.0,9124
66.76412257121727,10,4.0,9761
66.76980840356651,17,5.0,-5074
66.77368346614519,6,1.0,9602
66.77872291597217,10,21.0,9746
66.78155314653374,10,47.0,9642
66.78304660616385,7,3.0,9444
66.78514252805407,4,4.0,9763
66.78590257543435,4,29.0,9764
66.78642779639092,10,5.0,9728
66.78932237055915,17,1.0,-6367
66.79259045748216,1,7.0,9765
66.7950995930288,6,10.0,9652
66.796417326716,10,11.0,9751
66.80036578315858,6,7.0,9623
66.80505753083175,7,14.0,9606
66.80807378200652,7,1.0,9479
66.80915846113274,15,1.0,-12735
66.80975861708085,6,10.0,9735
66.81129412011605,13,1.0,-12772
66.8115225286441,11,16.0,9597
66.81576153824703,5,2.0,0
66.81736637227218,1,4.0,9766
66.81892978719945,7,21.0,9512
66.82191989011478,11,5.0,9473
66.82200251952183,7,1.0,9663
66.8244933597639,13,7.0,-12748
66.82574010735641,5,1.0,0
66.82618028489425,7,4.0,9288
66.82640701426276,14,7.0,-12744
66.82833906354166,7,6.0,9431
66.83286947698954,9,7.0,9388
66.83570223631787,7,7.0,9344
66.83580752662097,10,2.0,9247
66.8401858400664,10,8.0,9582
66.84271152422026,13,3.0,-12764
66.84358018465055,5,4.0,0
66.84948336807604,10,29.0,9664
66.84950336888924,1,9.0,9767
66.8507149437728,1,2.0,9768
66.8529276591387,14,3.0,-12769
66.86029340026175,1,3.0,9769
66.86136786384434,13,1.0,-12751
66.86581435959239,15,7.0,-12727
66.86581435959239,17,7.0,-12727
66.87514488403129,1,7.0,9770
66.87635190109015,3,45.0,9771
66.8766819600683,7,4.0,9474
66.87802829419493,3,3.0,9772
66.88232828243794,4,5.0,9773
66.88484588855145,1,2.0,9774
66.89303526029148,10,4.0,9763
66.89320472322923,1,2.0,9775
66.89476935753892,5,5.0,0
66.89561182563348,15,1.0,-12732
66.896486499219,6,3.0,9669
66.89813164283996,15,5.0,-12724
66.90356469240626,13,2.0,-12768
66.90611078242722,6,1.0,9748
66.90648828730978,5,2.0,0
66.91341661495822,16,6.0,9010
66.91394006661929,16,1.0,8209
66.91568630729634,13,1.0,-12761
66.91587321968687,13,2.0,-12749
66.91736805032605,5,1.0,0
66.92116633454059,4,2.0,9776
66.92122167007474,6,2.0,9745
66.9224625266464,10,42.0,9665
66.92542567208469,11,14.0,9493
66.9345625500266,10,5.0,9578
66.93614544097959,7,24.0,9396
66.93670982493099,4,3.0,9777
66.93808682316686,5,1.0,0
66.94065170314497,11,6.0,9546
66.94129878717318,14,3.0,-12766
66.95050994853491,8,4.0,9285
66.95104866781296,3,10.0,9778
66.95368279086911,6,48.0,9752
66.95401553104494,5,2.0,0
66.95437729397314,10,4.0,9668
66.95629505616996,7,11.0,9528
66.95676326209288,1,1.0,9779
66.95680357635217,4,5.0,9780
66.95821038742515,11,5.0,9583
66.96102556102934,11,4.0,9621
66.96413017376246,16,4.0,9459
66.96953923284042,6,8.0,9420
66.9703693011137,3,9.0,9781
66.97205888562588,7,4.0,9505
66.98408699087472,5,4.0,0
66.98687487103565,5,1.0,0
66.9910815916706,1,2.0,9782
66.99138661882309,3,16.0,9783
66.9945000913285,15,1.0,-12734
66.99521106679506,10,10.0,9778
67.00003792106357,6,2.0,9726
67.00019576809865,7,10.0,9646
67.00123102870643,5,1.0,0
67.00227928792513,3,19.0,9784
67.00303806681941,13,2.0,-12784
67.00723710102385,11,6.0,9507
67.00771052876856,5,3.0,0
67.00919903346285,10,12.0,9643
67.01365381383081,10,4.0,9661
67.0161631257036,5,4.0,0
67.01838325239054,1,1.0,9785
67.02118381871398,11,11.0,9385
67.02205925688071,16,2.0,8386
67.0259781021669,6,3.0,9753
67.033893191902,17,1.0,-12013
67.0361622835686,7,6.0,9660
67.03743626082705,6,1.0,9757
67.03828627145307,10,12.0,9584
67.04040889133498,7,1.0,9449
67.04200608956604,11,5.0,9513
67.04364848576513,7,4.0,9516
67.04448238441776,6,3.0,9769
67.04551840572321,10,60.0,9754
67.04555623187008,13,1.0,-12801
67.04747131811199,3,42.0,9786
67.04837636849012,11,4.0,9501
67.04882729055986,7,3.0,9707
67.05174688519425,10,38.0,9725
67.05202907138327,7,2.0,9477
67.05294729339381,11,2.0,9466
67.05336959963869,10,23.0,9750
67.05741359634065,6,3.0,9717
67.06319975190458,6,7.0,9770
67.0632478359448,16,53.0,8721
67.0654059652674,14,2.0,-12789
67.07486604587854,7,1.0,9673
67.07636226413396,7,8.0,9481
67.07877011655728,6,9.0,9733
67.08437031074075,15,5.0,-12740
67.08529704164093,5,3.0,0
67.09019712738043,6,10.0,9608
67.09090494424264,10,52.0,9730
67.09292977312775,10,6.0,9741
67.09649542434835,11,6.0,9731
67.09714763340585,10,5.0,9588
67.10527089470744,9,6.0,9384
67.10988350491387,5,1.0,0
67.11117080189811,7,5.0,9492
67.1113125021248,13,5.0,-12783
67.11407455361355,3,50.0,9787
67.11421633708606,10,47.0,9627
67.11452758293387,16,1.0,8101
67.1192008306284,7,2.0,9690
67.11943912951016,5,7.0,0
67.12041250527393,7,2.0,9435
67.12805427807942,4,11.0,9788
67.13666515581784,16,1.0,8302
67.13825281142735,6,4.0,9759
67.13914317714622,6,1.0,9686
67.15538463073818,11,1.0,9464
67.15586759276829,6,12.0,9650
67.15661800383656,7,6.0,9638
67.16177403880259,11,7.0,9495
67.16332343868388,6,16.0,9694
67.16414892206834,5,2.0,0
67.16959692101582,1,4.0,9789
67.17451000438668,6,29.0,9568
67.17523655207017,8,4.0,9486
67.17634050267941,6,7.0,9765
67.18315981178512,7,1.0,9314
67.18367669299562,5,2.0,0
67.18725229390758,11,31.0,9489
67.19016953502279,17,2.0,-12056
67.19731923192232,16,40.0,8683
67.19780829839769,8,3.0,9575
67.19819555116945,17,2.0,-469
67.2014903080546,3,6.0,9790
67.20462797803407,5,4.0,0
67.20532162216665,9,5.0,9520
67.20630761966802,11,11.0,9524
67.21303594622705,10,2.0,9713
67.21309396559242,1,6.0,9791
67.21733024429169,5,4.0,0
67.21944885059168,3,23.0,9792
67.2196826481377,1,2.0,9793
67.21972172200668,13,2.0,-12794
67.2252244926508,7,44.0,9565
67.22547705770698,10,8.0,9626
67.22728381738744,4,12.0,9794
67.23437436626394,13,7.0,-12777
67.23572482262522,6,3.0,9719
67.23693593229434,3,7.0,9795
67.23990494888683,11,3.0,9390
67.24257011151106,6,9.0,9672
67.24362842880163,1,3.0,9796
67.24391934057755,5,4.0,0
67.24416242739586,11,21.0,9611
67.24460260305939,14,3.0,-12802
67.2486082423104,1,4.0,9797
67.25199421235159,14,1.0,-12787
67.25308627398955,16,2.0,8094
67.2531082680861,3,5.0,9798
67.2533114090435,4,30.0,9799
67.2560999920187,10,42.0,9786
67.25616887974446,4,3.0,9800
67.25661640995182,10,45.0,9771
67.25691609708016,3,46.0,9801
67.25719229186697,1,5.0,9802
67.25780440602233,16,2.0,2246
67.26087307490305,5,47.0,0
67.26399336958852,1,3.0,9803
67.26441890161796,5,7.0,0
67.26503875801808,5,1.0,0
67.2686399591067,15,1.0,-12739
67.27258595569445,6,4.0,9221
67.27289234715828,11,9.0,9381
67.27427151129085,12,4.0,9671
67.27516107132172,5,7.0,0
67.27530372740252,10,3.0,9800
67.27778491816471,16,1.0,4509
67.2808207567541,13,5.0,-12795
67.28280906917176,4,1.0,9804
67.2902360125942,7,9.0,9640
67.29024021535362,7,10.0,9494
67.29025038532764,7,1.0,9470
67.29067378945068,11,11.0,9751
67.29280935332324,7,16.0,9622
67.29796433132869,6,3.0,9592
67.29936070059324,17,15.0,-12510
67.30076123832488,13,1.0,-12776
67.30306487173837,7,3.0,9679
67.30621857256587,13,3.0,-12798
67.30668447970923,6,4.0,9766
67.30861138262016,11,1.0,9576
67.31222942743409,7,1.0,9702
67.31360834368253,11,19.0,9377
67.3139247203323,5,1.0,0
67.317399885993,16,1.0,8606
67.3212442537036,4,1.0,9805
67.32239918529456,7,4.0,9624
67.32269313409493,11,12.0,9574
67.32391668492944,7,7.0,9633
67.32558288236807,1,4.0,9806
67.32737388692075,6,4.0,9637
67.32877724966666,4,5.0,9807
67.33154954278942,5,1.0,0
67.33195506539911,6,2.0,9500
67.33218276044343,5,1.0,0
67.33262134904095,3,12.0,9808
67.33505421329498,10,6.0,9790
67.33615627652708,9,8.0,9105
67.33950657003022,7,4.0,9545
67.34611043596341,10,1.0,9804
67.34723475216484,5,6.0,0
67.34861091147084,10,24.0,9743
67.35160284123829,4,11.0,9809
67.35304771013654,15,1.0,-12743
67.35473583138608,6,45.0,9692
67.36065474079167,7,10.0,9542
67.36235221919026,7,1.0,9748
67.36639486036061,1,3.0,9810
67.36689048345886,6,1.0,9779
67.36744227861355,10,31.0,9758
67.37071879337658,1,3.0,9811
67.37207116290168,17,3.0,-12563
67.37571919005994,1,6.0,9812
67.37637833382168,6,3.0,9760
67.37680288142137,5,7.0,0
67.38639114980296,5,5.0,0
67.38853688863803,1,1.0,9813
67.3892892401637,1,2.0,9814
67.39495059377217,3,49.0,9815
67.39857721527186,11,5.0,9498
67.39999273462237,1,6.0,9816
67.40050674579405,6,4.0,9797
67.4031473672174,3,5.0,9817
67.4037524270619,1,4.0,9818
67.40690960247233,5,2.0,0
67.4108657965267,4,15.0,9819
67.41567417036953,16,4.0,8633
67.4157652759333,16,3.0,8308
67.41616902701476,13,1.0,-12786
67.41661166979142,6,2.0,9768
67.41672073240046,11,29.0,9664
67.41896995798915,1,3.0,9820
67.41942478132815,1,7.0,9821
67.42065326983399,5,4.0,0
67.42339407642676,6,3.0,9736
67.4259330898296,3,5.0,9822
67.4273924805974,4,7.0,9823
67.42853802015493,1,13.0,9824
67.42977584686933,1,8.0,9825
67.43236152555698,6,2.0,9721
67.43469759358095,1,1.0,9826
67.43948995169475,6,13.0,9824
67.44652059795692,13,4.0,-12774
67.44842605441875,16,1.0,8621
67.44863810406098,1,1.0,9827
67.44932329994255,7,3.0,9753
67.45931850295837,4,29.0,9828
67.46090804466243,16,2.0,8102
67.46106619420159,4,4.0,9829
67.46313345766607,10,29.0,9828
67.46689602034088,13,7.0,-12780
67.4676414613866,11,2.0,9649
67.4684831199684,7,16.0,9651
67.46948620895783,5,3.0,0
67.47092842222399,10,9.0,9610
67.47273203753566,7,3.0,9398
67.48285691425573,6,6.0,9816
67.48548893610403,6,1.0,9691
67.48856620227733,11,3.0,9482
67.49074838132768,10,46.0,9801
67.49252993333849,4,2.0,9830
67.49439790659649,1,4.0,9831
67.49475125552071,7,21.0,9416
67.4952265729792,5,7.0,0
67.49680631984988,13,6.0,-12800
67.50051457977148,7,3.0,9634
67.50205317060315,6,2.0,9782
67.50363281209931,17,3.0,-320
67.50879072424215,17,5.0,-422
67.51090801596108,9,3.0,9575
67.51161868734717,6,4.0,9806
67.51603066884299,4,4.0,9832
67.51754110467084,11,27.0,9695
67.52511077475737,4,5.0,9833
67.53033650936767,4,12.0,9834
67.53035818656394,5,1.0,0
67.5356244585493,1,11.0,9835
67.53657512102478,4,6.0,9836
67.53771973885482,10,5.0,9822
67.53929363119202,6,1.0,9827
67.5420334117379,5,7.0,0
67.54240154513087,13,3.0,-12799
67.55197861821779,12,60.0,9754
67.55808592582176,10,6.0,9704
67.5594777110367,7,3.0,9480
67.56028576496296,6,1.0,9813
67.56484873581493,7,7.0,9538
67.5671586750521,1,42.0,9837
67.56748980285442,1,2.0,9838
67.57083379911268,4,7.0,9839
67.5710009533016,10,16.0,9783
67.57245416832413,9,5.0,9601
67.5738634431345,11,5.0,9465
67.5748079638454,6,6.0,9791
67.57875575112871,4,15.0,9840
67.58038642570155,4,1.0,9841
67.58149718404461,7,2.0,9667
67.5855596559801,1,3.0,9842
67.58657315414683,5,2.0,0
67.59879031412957,11,30.0,9594
67.59886643676626,5,2.0,0
67.60099829359324,1,4.0,9843
67.6059049088424,10,3.0,9484
67.6081529372599,3,57.0,9844
67.60927786219858,1,1.0,9845
67.61063761694169,10,4.0,9829
67.61336259170545,4,2.0,9846
67.61357864843879,6,4.0,9831
67.61460100900257,1,3.0,9847
67.61707671892376,1,3.0,9848
67.6174332581609,6,3.0,9762
67.61896928502756,3,6.0,9849
67.62108405345273,16,3.0,8834
67.63391827107043,16,16.0,9027
67.63945694964244,1,1.0,9850
67.64014733179137,7,36.0,9596
67.643025142257,10,49.0,9815
67.64774624882826,14,4.0,-12791
67.65216617217929,3,30.0,9851
67.65270679697684,9,4.0,9486
67.65665017153849,14,1.0,-12785
67.6617553744774,14,1.0,-12793
67.66490719032613,11,10.0,9647
67.6680940019302,11,5.0,9504
67.66878227045778,7,5.0,9630
67.67382660055694,6,2.0,9374
67.67602683905245,1,4.0,9852
67.67724302677026,5,1.0,0
67.68017432737398,13,5.0,-12790
67.68568285667823,10,12.0,9808
67.68934359276227,6,3.0,9848
67.69131249993869,11,8.0,9582
67.69947530775615,6,2.0,9793
67.70159697511089,3,5.0,9853
67.70505858828899,4,19.0,9854
67.70625732951918,7,6.0,9383
67.70775799679292,10,50.0,9787
67.70788744164719,8,1.0,9691
67.70851676312517,14,2.0,-12792
67.71011254857049,11,13.0,9353
67.7126399213144,4,7.0,9855
67.71643375512788,14,1.0,-12781
67.7172186967717,1,23.0,9856
67.71815599892365,1,4.0,9857
67.71848637762773,4,3.0,9858
67.71993229934941,17,2.0,-489
67.72041225726618,1,1.0,9859
67.72361524662804,1,1.0,9860
67.72449758433157,13,2.0,-12775
67.72464227755066,3,9.0,9861
67.72884984848763,17,1.0,-745
67.73558785702946,11,12.0,9644
67.73771658968397,7,2.0,9666
67.7409527885144,7,5.0,9200
67.74105987019041,5,1.0,0
67.74149375480907,4,2.0,9862
67.74364519600489,14,2.0,-12779
67.74506421805552,5,1.0,0
67.74966439056978,6,1.0,9749
67.75433373835327,10,9.0,9781
67.75508882812282,3,59.0,9863
67.75909803371603,1,12.0,9864
67.76660472983725,6,42.0,9837
67.7692745743485,3,6.0,9865
67.7699677644683,6,1.0,9785
67.77150195985928,3,4.0,9866
67.77338906291115,7,4.0,9614
67.78252158710222,10,7.0,9839
67.78313158230677,17,4.0,-4936
67.78372458837428,11,10.0,9433
67.78582720269354,3,11.0,9867
67.78584468694386,13,2.0,-12796
67.78738012098427,1,1.0,9868
67.78850929269964,7,9.0,9733
67.7922587369159,7,4.0,9462
67.79288974009826,11,29.0,9628
67.79759460503311,11,2.0,9706
67.79927761859211,5,4.0,0
67.80394743804605,5,4.0,0
67.8051926043988,6,8.0,9825
67.80609711235049,6,4.0,9818
67.80654314675974,7,5.0,9572
67.80685406100892,9,4.0,9671
67.81012628790391,6,12.0,9864
67.81392846983735,4,15.0,9869
67.81409672287741,5,1.0,0
67.81711860108886,6,2.0,9619
67.81747391481434,12,8.0,9626
67.81748687837933,6,3.0,9811
67.81880734046084,10,5.0,9636
67.82700322345418,7,3.0,9723
67.82782672470151,10,54.0,9403
67.8292945795059,7,2.0,9467
67.8298039758942,13,2.0,-12778
67.83121850743055,6,5.0,9674
67.83552664430944,10,1.0,9805
67.83608237574866,15,2.0,-12737
67.8403086602621,7,1.0,9551
67.84329462699601,10,5.0,9807
67.84671265904295,5,1.0,0
67.84720902180885,14,2.0,-12788
67.85400359836432,15,2.0,-12738
67.8551092621513,4,3.0,9870
67.86143254369296,10,9.0,9861
67.86342197179832,7,1.0,9602
67.86424806961182,11,16.0,9737
67.86478253642457,6,1.0,9859
67.86554041116992,7,3.0,9483
67.86858147388861,11,42.0,9605
67.86898019239801,13,1.0,-12803
67.87102838658971,4,2.0,9871
67.87202483131405,7,57.0,9612
67.87683138596566,10,12.0,9834
67.87704281005476,15,2.0,-12742
67.878471684149,7,1.0,9701
67.87993371751263,11,9.0,9747
67.88355035166798,3,10.0,9872
67.88923004885152,15,1.0,-12741
67.89422831451763,13,6.0,-12797
67.89558475210157,4,1.0,9873
67.89696239184059,17,2.0,-6715
67.90079223143745,3,8.0,9874
67.90220414502176,11,1.0,9430
67.90269622516826,10,7.0,9795
67.90605862596863,16,8.0,8528
67.90796671064348,17,4.0,-5677
67.9123989279757,6,1.0,9845
67.91552249432783,7,2.0,9535
67.91608765117617,6,40.0,9700
67.92000337560812,1,5.0,9875
67.92059702448847,16,15.0,8230
67.92189588505848,16,60.0,8306
67.92703012966396,4,20.0,9876
67.93222693400989,4,2.0,9877
67.93453221489642,7,4.0,9455
67.93642001061085,5,4.0,0
67.94032537261064,11,22.0,9697
67.94197625198657,6,3.0,9847
67.9438492898001,11,8.0,9734
67.9464407195413,6,2.0,9814
67.9470427367257,4,3.0,9878
67.94980009751414,9,4.0,9285
67.9552381746452,7,2.0,9745
67.9565846101726,7,3.0,9472
67.96117182385032,7,10.0,9652
67.96463512037462,7,5.0,9617
67.96476117804887,5,2.0,0
67.96719677863436,1,1.0,9879
67.9714816596149,16,1.0,1587
67.97915444018571,16,36.0,8817
67.98024509016852,17,3.0,-12575
67.98274744450286,10,30.0,9799
67.98459929484217,10,5.0,9853
67.98505940769388,13,1.0,-12782
67.99032193785717,1,7.0,9880
68.0006669439388,6,3.0,9820
68.00562109414206,10,2.0,9724
68.00895708678345,7,1.0,9360
68.01405637057537,3,55.0,9881
68.01673508291655,7,9.0,9672
68.01682510324558,10,19.0,9784
68.0197307507505,13,5.0,-12828
68.02010573915668,10,7.0,9579
68.02379923611703,6,7.0,9716
68.02457791059295,15,2.0,-12746
68.02635372229976,5,2.0,0
68.02725402007871,3,13.0,9882
68.02748163096287,7,16.0,9694
68.02896209373482,11,10.0,9261
68.0306186667971,13,5.0,-12822
68.03450540543855,4,2.0,9883
68.03658375023431,1,4.0,9884
68.03659867694886,7,32.0,9305
68.03734864165553,1,2.0,9885
68.03862692689837,1,3.0,9886
68.0461350651319,13,2.0,-12805
68.04632047709094,10,15.0,9840
68.04814960886132,6,1.0,9868
68.05087386280427,3,11.0,9887
68.05460282735281,1,7.0,9888
68.05564213602744,6,1.0,9708
68.05602490488945,10,55.0,9881
68.05769072522905,10,59.0,9863
68.06095685757417,6,23.0,9856
68.06265054611484,1,2.0,9889
68.06472275114032,3,42.0,9890
68.06489519285962,7,7.0,9623
68.06638060572601,7,45.0,9692
68.0665980347464,4,5.0,9891
68.06847573489364,5,9.0,0
68.06908392161996,15,1.0,-12754
68.0733327387339,11,5.0,9822
68.07471516467888,5,2.0,0
68.07918189433828,1,21.0,9892
68.0819434270348,14,1.0,-12810
68.08341784589521,16,3.0,5882
68.08585084085642,6,3.0,9842
68.08623326134048,7,4.0,9589
68.08693355412169,7,1.0,9468
68.08719482666132,16,2.0,8954
68.08826437235994,7,4.0,9402
68.08994466735905,1,3.0,9893
68.09333491388819,1,8.0,9894
68.09898799323355,7,10.0,9655
68.10047078150953,16,13.0,2314
68.10728355379847,13,1.0,-12830
68.109437418388,10,3.0,9878
68.11930026301643,3,35.0,9895
68.11951664021763,15,1.0,-12760
68.1263655591395,1,1.0,9896
68.12648384977435,14,3.0,-12814
68.12678190663621,10,5.0,9732
68.13316865760092,5,1.0,0
68.13508827936705,1,1.0,9897
68.13616157428099,10,2.0,9846
68.13942929731293,5,3.0,0
68.1421593519548,16,3.0,8253
68.14259942696603,7,3.0,9729
68.14275566002969,6,4.0,9641
68.1472024133742,15,2.0,-12762
68.1472024133742,17,2.0,-12762
68.14969251921273,7,4.0,9503
68.15521195591911,14,2.0,-12808
68.15683184386418,3,49.0,9898
68.15709413930051,13,6.0,-12819
68.15715227331211,7,2.0,9290
68.15842925030009,11,31.0,9758
68.1585118990553,5,1.0,0
68.15912313580823,17,1.0,-1920
68.16390991530608,5,11.0,0
68.16919231375557,3,5.0,9899
68.17181628883577,6,4.0,9852
68.17189385093901,4,3.0,9900
68.17244493317945,10,3.0,9900
68.17434090011108,1,6.0,9901
68.17733325929376,17,2.0,-12430
68.1812306294027,7,2.0,9532
68.18352332615265,7,5.0,9635
68.18352332615265,16,5.0,9635
68.18476496080196,10,11.0,9809
68.1875821393873,9,60.0,9754
68.1940774904851,13,2.0,-12821
68.1947768445902,17,1.0,-12294
68.1948302042659,4,12.0,9902
68.20039835206728,8,3.0,9699
68.20061470689615,11,4.0,9763
68.20081990534612,3,3.0,9903
68.20119433332268,15,3.0,-12752
68.20316711092678,11,1.0,9685
68.20569947915962,14,1.0,-12825
68.20834281641247,6,1.0,9616
68.21324301298921,6,3.0,9803
68.21897906251458,17,3.0,-9035
68.22004213273875,6,1.0,9850
68.22108807904489,10,5.0,9780
68.22246863788058,15,5.0,-12757
68.2435773153073,7,1.0,9593
68.24435237240648,16,57.0,8095
68.24625310407416,16,9.0,8701
68.24625484391873,13,2.0,-12827
68.246336613063,1,2.0,9904
68.24695289368526,10,49.0,9898
68.24779371465439,1,2.0,9905
68.2514962780763,10,7.0,9823
68.2573119585281,10,3.0,9777
68.25800275721053,7,1.0,9434
68.26002837306606,4,8.0,9906
68.26180036612845,3,55.0,9907
68.26378610465831,6,2.0,9744
68.26612199620516,4,1.0,9908
68.26618028309889,10,5.0,9817
68.26664069669185,5,3.0,0
68.26933128013009,1,20.0,9909
68.2696472754831,10,12.0,9794
68.27091804467629,4,1.0,9910
68.27128880499878,6,2.0,9905
68.27602403707792,6,8.0,9894
68.2803313306832,1,12.0,9911
68.28281330925387,15,2.0,-12765
68.28977224264081,7,2.0,9683
68.29363498737811,11,10.0,9529
68.29426723303459,6,2.0,9889
68.29494618314448,5,4.0,0
68.29576693838095,1,3.0,9912
68.29604687889439,10,12.0,9902
68.29752014346445,1,10.0,9913
68.30970709652969,1,13.0,9914
68.30997799135059,7,2.0,9726
68.31005232698908,11,12.0,9643
68.31387188564483,7,3.0,9760
68.3171764017914,16,17.0,8038
68.31844381151609,10,11.0,9867
68.32184400701925,11,5.0,9590
68.32647690587768,8,4.0,9452
68.33011826143328,6,2.0,9904
68.33346075352094,13,3.0,-12809
68.3346860352821,11,47.0,9642
68.33535690263741,1,2.0,9915
68.33964852023402,7,9.0,9521
68.34463825987086,7,5.0,9658
68.34587667971999,6,5.0,9875
68.34727387189481,7,12.0,9650
68.34813988008926,1,2.0,9916
68.3495527328713,11,6.0,9703
68.35224103663722,17,1.0,-12635
68.35318142817196,11,5.0,9526
68.3641087261308,11,2.0,9587
68.3651964570336,10,6.0,9865
68.3658395911801,15,3.0,-12750
68.36743134627204,7,2.0,9500
68.37526894454109,6,5.0,9802
68.3768976544093,5,2.0,0
68.3784741528959,13,3.0,-12823
68.3791704149564,10,6.0,9849
68.38160385279409,4,2.0,9917
68.38163266162246,13,2.0,-12832
68.38288638764857,10,2.0,9877
68.38297789782997,5,1.0,0
68.38719311038254,5,4.0,0
68.38837117543079,6,1.0,9879
68.39188184428511,7,8.0,9547
68.39312999718338,1,3.0,9918
68.39690379438457,1,2.0,9919
68.3982719392374,6,1.0,9670
68.3986869879773,6,2.0,9919
68.39906118064104,1,2.0,9920
68.40560482498093,17,4.0,-12701
68.40668464049767,14,2.0,-12829
68.41064582785327,6,11.0,9835
68.41396415129303,6,2.0,9920
68.4194303598188,6,2.0,9755
68.42093874816648,10,2.0,9917
68.42126098104907,11,48.0,9286
68.42286464369602,17,1.0,-11236
68.42435317357149,6,7.0,9888
68.42998564804478,11,6.0,9714
68.43089464012604,6,21.0,9892
68.43280106304826,10,11.0,9887
68.43643404070814,15,1.0,-12758
68.43977229234832,7,8.0,9710
68.4424761915641,11,11.0,9438
68.44363630159587,3,52.0,9921
68.44558602991924,17,2.0,-12446
68.44713747749586,4,6.0,9922
68.44766679390261,16,1.0,8210
68.44916468185183,10,8.0,9874
68.45127375900304,9,3.0,9699
68.45151640811805,4,6.0,9923
68.45382494007369,17,2.0,-3937
68.45585782230295,4,42.0,9924
68.45611594444864,10,4.0,9639
68.45876020483226,17,1.0,-12544
68.46005241207206,6,6.0,9812
68.46060655936306,6,1.0,9896
68.4663295028778,11,5.0,9807
68.4709103576285,13,1.0,-12817
68.47140132042904,5,2.0,0
68.47159168074782,16,42.0,8107
68.47516232911904,7,7.0,9770
68.47619479938602,11,43.0,9603
68.48394582807217,13,2.0,-12813
68.48996545927153,7,2.0,9678
68.49048737004301,14,1.0,-12824
68.49056417394658,6,3.0,9810
68.49087918196314,5,4.0,0
68.49272591901266,7,3.0,9669
68.49905697858614,7,3.0,9762
68.4993453261428,10,4.0,9487
68.5003827123759,4,3.0,9925
68.50578117007686,1,6.0,9926
68.50921464486407,6,13.0,9914
68.5125434300149,11,41.0,9502
68.51461852837059,8,4.0,9718
68.52144266299071,4,9.0,9927
68.52326598921367,11,24.0,9553
68.52606619164192,12,1.0,9613
68.52744969157371,5,4.0,0
68.52881703942755,14,1.0,-12812
68.53071645707703,5,8.0,0
68.53205738146482,3,3.0,9928
68.53315814639839,5,2.0,0
68.53320848251539,4,8.0,9929
68.53710921444467,1,3.0,9930
68.53846194360396,4,12.0,9931
68.54253609237294,1,5.0,9932
68.55383630996545,4,3.0,9933
68.55804233880018,10,2.0,9776
68.55817224203858,7,1.0,9629
68.57023331201019,15,8.0,-12756
68.5738266545477,11,2.0,9713
68.57641658941667,5,4.0,0
68.57722326801121,11,1.0,9689
68.57898671736984,4,5.0,9934
68.59081314943293,7,42.0,9556
68.59447100553712,16,2.0,9364
68.59787110101031,5,1.0,0
68.59955337291963,3,4.0,9935
68.601794543471,17,6.0,-12423
68.60498412669993,6,2.0,9598
68.60524554333254,10,1.0,9712
68.60532653933018,1,9.0,9936
68.60654510305002,3,18.0,9937
68.60886159255922,10,5.0,9798
68.60886587358485,12,4.0,9693
68.60910075603007,7,1.0,9687
68.61011047783212,6,3.0,9886
68.61358484542835,11,5.0,9732
68.61466679952915,10,42.0,9924
68.62219418459603,10,4.0,9935
68.62230502420242,13,3.0,-12818
68.62658733813062,6,4.0,9857
68.63266458700261,10,8.0,9720
68.63702458551425,10,5.0,9891
68.6410785968581,4,5.0,9938
68.64281018963665,16,7.0,8602
68.6484831258079,13,1.0,-12826
68.6501180752299,13,15.0,-12816
68.66393681597327,16,10.0,6184
68.66652739719912,11,5.0,9705
68.66858183685925,7,1.0,9688
68.66945899030496,5,2.0,0
68.6702049425267,1,1.0,9939
68.67049732457379,5,48.0,0
68.67122154118107,16,1.0,8809
68.6724977187811,1,7.0,9940
68.67341797062146,6,1.0,9826
68.67562839335766,1,26.0,9941
68.67579348759828,1,2.0,9942
68.67669365766073,14,2.0,-12815
68.67701291279572,1,7.0,9943
68.68217866877731,10,9.0,9927
68.68506448121083,6,3.0,9893
68.6895398873409,10,9.0,9680
68.68960123053132,15,6.0,-12747
68.69143127281555,4,8.0,9944
68.69586700888146,16,10.0,8307
68.69619576381729,11,29.0,9828
68.70206192639607,4,1.0,9945
68.70227777738226,5,2.0,0
68.70339941819151,6,7.0,9880
68.7045104835658,15,3.0,-12759
68.70566571317919,10,55.0,9907
68.70596234353937,11,13.0,9563
68.70867906146843,10,4.0,9715
68.70885398060452,6,5.0,9932
68.71186960418025,11,24.0,9743
68.71230373532094,5,4.0,0
68.7188552373419,9,4.0,9693
68.72045726156031,7,8.0,9420
68.72391294014712,1,2.0,9946
68.72455693392348,15,2.0,-12770
68.726022761905,10,5.0,9738
68.72633498400585,4,3.0,9947
68.72853399830827,7,5.0,9525
68.73057829466204,15,10.0,-12755
68.73486173559216,13,1.0,-12820
68.73658475508282,10,15.0,9869
68.73994126505275,16,9.0,9192
68.74046563583697,6,3.0,9796
68.74155353519191,4,43.0,9948
68.75178906772695,1,2.0,9949
68.75323857825342,6,2.0,9775
68.75614261819817,9,4.0,9452
68.75962214950256,4,21.0,9950
68.77748228989324,16,4.0,8720
68.77755848807368,7,3.0,9811
68.77755848807368,16,3.0,9811
68.78544916094022,11,57.0,9533
68.79069538529929,10,20.0,9876
68.79272437662344,6,6.0,9926
68.7930492345422,5,2.0,0
68.79346440699501,1,1.0,9951
68.79354289770644,7,3.0,9847
68.79511898620753,16,12.0,2741
68.79528017193786,16,4.0,9340
68.79786251187242,5,4.0,0
68.80253741350616,7,3.0,9810
68.81253370776318,5,4.0,0
68.81412622509521,17,2.0,-12483
68.81495261439815,7,1.0,9850
68.81495505978262,11,1.0,9804
68.81597366951,1,1.0,9952
68.81714498065192,4,17.0,9953
68.81969566125652,11,3.0,9484
68.82131104350744,11,10.0,9778
68.82358000880114,1,2.0,9954
68.8283005263228,10,12.0,9931
68.83213351374471,15,5.0,-12773
68.83258617338765,3,53.0,9955
68.83266028169042,16,7.0,8655
68.83283715299979,7,5.0,9604
68.83341707839428,15,1.0,-12767
68.8391494225919,6,20.0,9909
68.83929194639774,3,14.0,9956
68.84201796924984,4,27.0,9957
68.8440545272699,16,1.0,8737
68.84483532162272,11,23.0,9750
68.84563189239343,13,1.0,-12807
68.84841794312962,1,2.0,9958
68.85115941811033,4,3.0,9959
68.85653004888476,10,5.0,9773
68.85721887973898,3,43.0,9960
68.85757011251371,1,3.0,9961
68.86194766603863,11,4.0,9668
68.86460528693492,1,2.0,9962
68.86462207127815,11,9.0,9861
68.86479954840082,15,15.0,-12763
68.8655427618936,10,4.0,9756
68.8699233223326,11,3.0,9800
68.87456529074483,10,3.0,9903
68.87599480601851,7,4.0,9221
68.87618556859479,11,25.0,9354
68.87642503265498,6,12.0,9911
68.88134115569811,14,1.0,-12804
68.88193474075516,16,1.0,8578
68.88556864662453,11,4.0,9829
68.88956762907907,7,4.0,9759
68.88961128452392,6,8.0,9722
68.89007594454158,6,4.0,9843
68.90166997035102,1,7.0,9963
68.90203008533692,14,8.0,-12831
68.90203008533692,17,8.0,-12831
68.90634324989628,17,2.0,-7886
68.9173780639687,6,9.0,9767
68.91750249955265,1,7.0,9964
68.92061406094928,10,5.0,9899
68.92063401434005,1,5.0,9965
68.92170645409315,1,3.0,9966
68.92344337844457,5,5.0,0
68.92374117188271,10,52.0,9921
68.92826770992326,3,1.0,9967
68.93003236539124,11,6.0,9506
68.93553426129309,8,7.0,9880
68.9362822952353,11,12.0,9584
68.93803747475008,17,2.0,-11673
68.93870468427822,14,10.0,-12811
68.94119414642603,1,3.0,9968
68.94185543941792,11,42.0,9665
68.94538503232938,8,5.0,9875
68.94623551450599,11,8.0,9615
68.94642695688253,10,3.0,9933
68.94667199678456,1,4.0,9969
68.94786000967427,7,7.0,9656
68.94916518506163,10,2.0,9830
68.95044479353025,13,2.0,-12806
68.95599791298805,7,3.0,9719
68.95661788930565,11,4.0,9569
68.95955543652862,4,2.0,9970
68.95958929074867,6,1.0,9951
68.96268359500914,17,42.0,-9867
68.96273182480533,15,2.0,-12771
68.96302196399606,17,3.0,-12641
68.96619701674719,9,5.0,9875
68.96645750463227,15,2.0,-12745
68.96799357822134,6,1.0,9897
68.97211368022275,6,9.0,9936
68.97334325799766,14,7.0,-12833
68.97832333955336,5,3.0,0
68.97842997977632,7,3.0,9740
68.98273869912482,11,4.0,9625
68.98280659391571,16,13.0,9222
68.98363353009543,6,1.0,9939
68.98644520790829,16,13.0,3178
68.98748359922911,3,22.0,9971
68.99634385923494,7,4.0,9818
68.99770314014282,11,1.0,9591
68.99801746917598,1,26.0,9972
68.99907792472008,7,4.0,9637
68.99935153486992,11,9.0,9610
69.0046783135445,1,2.0,9973
69.00505913696699,1,2.0,9974
69.00986804935373,6,2.0,9954
69.01468271862427,15,3.0,-12769
69.01705264284966,5,1.0,0
69.01756409497682,7,6.0,9816
69.01772052324486,11,47.0,9627
69.01895574252242,16,50.0,7907
69.01940749396931,7,1.0,9497
69.02225754960543,7,1.0,9749
69.02347920027336,7,1.0,9607
69.02653792249973,11,5.0,9798
69.03237611842218,11,16.0,9783
69.03391475216999,7,2.0,9919
69.03505942374663,6,6.0,9901
69.03578423812169,16,2.0,8769
69.03718065567293,10,3.0,9870
69.0412882169611,16,4.0,4948
69.04308319250649,3,5.0,9975
69.04324356697585,7,2.0,9527
69.04369078149762,10,57.0,9844
69.04419107123515,11,50.0,9787
69.0450218641796,1,3.0,9976
69.05004711291248,3,10.0,9977
69.05069914967152,4,23.0,9978
69.05537981960607,15,7.0,-12777
69.05767035652666,13,2.0,-12848
69.06906325521118,6,4.0,9273
69.06977474270627,17,3.0,-12666
69.0702217595874,11,54.0,9403
69.07387479406657,1,3.0,9979
69.0751072321836,11,52.0,9730
69.07851407735625,3,1.0,9980
69.08020709902824,1,7.0,9981
69.08674802949716,6,7.0,9821
69.09220212183875,7,3.0,9742
69.09220212183875,16,3.0,9742
69.09999090174186,11,4.0,9657
69.10076660428172,5,1.0,0
69.10137242474539,10,17.0,9953
69.1027990207393,8,10.0,9735
69.10815843180545,3,36.0,9982
69.10932429456581,14,5.0,-12839
69.11206814719917,11,5.0,9728
69.11448630314122,9,8.0,9626
69.11539413921564,4,19.0,9983
69.1154700238497,13,2.0,-12843
69.11575064463766,11,42.0,9786
69.11749349624523,5,1.0,0
69.11790675759947,10,5.0,9975
69.11870503677974,7,1.0,9686
69.11886266066436,4,3.0,9984
69.12543745399982,7,1.0,9868
69.127373248444,10,2.0,9883
69.1282751556484,17,7.0,-12663
69.12865684724032,16,2.0,8819
69.12877717034125,15,2.0,-12749
69.13988744987634,1,1.0,9985
69.14088208669826,14,2.0,-12857
69.14521205717556,4,4.0,9986
69.14576366275634,5,9.0,0
69.15990181241142,4,3.0,9987
69.16050059465155,7,3.0,9586
69.179714769743,7,3.0,9769
69.17990361948848,10,30.0,9851
69.18030590136306,7,10.0,9608
69.18205440910515,7,1.0,9779
69.18719506446368,10,11.0,9788
69.18851058249415,5,2.0,0
69.18931045742309,9,4.0,9718
69.19173935219189,1,4.0,9988
69.19196903911572,15,1.0,-12772
69.19506718164219,6,1.0,9860
69.19536689697571,16,8.0,5344
69.20175394556482,5,1.0,0
69.20304573664407,17,3.0,-63
69.20336724493792,10,6.0,9922
69.20690621713169,1,1.0,9989
69.2075137001954,10,1.0,9967
69.20910359050804,13,51.0,-12841
69.21321987389508,15,1.0,-12787
69.21465255251317,4,1.0,9990
69.2167488531751,3,39.0,9991
69.22147342492434,9,1.0,9613
69.22497351942924,5,1.0,0
69.22695747813148,11,6.0,9698
69.2269653789878,15,1.0,-12801
69.23214569598005,6,6.0,9677
69.23225075489015,6,2.0,9958
69.23683862913262,11,10.0,9407
69.240825788353,15,5.0,-12783
69.24168916394494,5,1.0,0
69.24365456033048,1,2.0,9992
69.24381115047696,6,4.0,9884
69.24834153441311,6,7.0,9940
69.25396809081288,11,19.0,9784
69.25402412851113,13,15.0,-12854
69.25558340044134,4,7.0,9993
69.25572458225945,10,43.0,9948
69.25753723664256,1,2.0,9994
69.25981798274101,1,3.0,9995
69.26084849797864,3,55.0,9996
69.26164103541322,1,2.0,9997
69.2621061118804,4,6.0,9998
69.26376393287735,13,2.0,-12852
69.26412677276439,1,4.0,9999
69.26545701109983,4,12.0,10000
69.26589843071802,1,2.0,10001
69.26903835438347,14,14.0,-12851
69.26951950819532,13,1.0,-12858
69.27024782317766,13,5.0,-12863
69.27174537590237,14,3.0,-12838
69.2717862688605,5,1.0,0
69.27189895372935,7,3.0,9820
69.27194686784443,5,6.0,0
69.27240284167807,5,4.0,0
69.27596669164531,13,3.0,-12850
69.27671823767805,3,12.0,10002
69.27672667944597,1,2.0,10003
69.28012088918568,15,1.0,-12751
69.2809617727906,10,55.0,9996
69.28193636948512,5,2.0,0
69.28351388907272,15,2.0,-12794
69.28351388907272,17,2.0,-12794
69.2842722910773,5,2.0,0
69.28891986406524,10,12.0,9711
69.29280935332324,16,16.0,9622
69.29453929436195,17,2.0,-2440
69.29520712508143,5,3.0,0
69.30223243547434,9,7.0,9880
69.30363790352897,6,1.0,9985
69.30597173100207,6,2.0,9992
69.30803548770798,4,2.0,10004
69.30945152309944,7,3.0,9592
69.31010400979994,10,4.0,9832
69.31048985055043,13,1.0,-12834
69.31082317657784,13,1.0,-12849
69.3116807212838,4,2.0,10005
69.31443073106409,10,14.0,9956
69.31846753998757,13,4.0,-12835
69.3210477657257,6,2.0,9997
69.32336765550588,17,6.0,-12527
69.3240120955775,5,1.0,0
69.32854132723965,1,4.0,10006
69.32989906880508,1,6.0,10007
69.3329177760027,11,28.0,9490
69.3364921838498,1,10.0,10008
69.3370651903839,14,4.0,-12840
69.3370651903839,17,4.0,-12840
69.34113045287432,7,2.0,9374
69.34212897690988,6,7.0,9964
69.3450879951391,10,17.0,9696
69.34657197594541,6,1.0,9952
69.34661241486434,15,3.0,-12766
69.34891957799218,10,1.0,9873
69.35132818043935,16,57.0,8998
69.35888530817475,6,3.0,9968
69.35915137798864,10,4.0,9986
69.36002318591548,6,2.0,9774
69.36065366045581,11,5.0,9817
69.36219228852215,16,11.0,7861
69.36743521971279,10,48.0,9595
69.3676912592225,5,2.0,0
69.36864875660501,16,28.0,7938
69.36913283412474,1,4.0,10009
69.37364807910768,4,31.0,10010
69.37515559736384,6,4.0,10009
69.38402834432651,7,4.0,9312
69.38858467177091,7,5.0,9676
69.39229539110802,7,4.0,9806
69.39321127268124,6,2.0,9916
69.39476713393134,6,3.0,9961
69.39543261354753,6,4.0,9999
69.39710598779837,1,1.0,10011
69.40151376687378,4,8.0,10012
69.4023636443276,14,3.0,-12837
69.40299925543978,10,1.0,9945
69.40340996810119,10,29.0,9764
69.4091408076357,15,3.0,-12802
69.41181033342949,7,1.0,9757
69.41265358675122,11,21.0,9746
69.4140563062284,6,10.0,10008
69.41522645577558,7,4.0,9550
69.42079029463984,1,4.0,10013
69.42161589895647,10,6.0,9923
69.42347915633627,17,2.0,-12131
69.42533994016556,10,23.0,9792
69.42697036717891,10,5.0,9833
69.43003146613908,4,14.0,10014
69.43029107136599,3,50.0,10015
69.43452064051355,13,1.0,-12859
69.43557179866106,13,1.0,-12846
69.43597426423614,15,2.0,-12784
69.43597426423614,17,2.0,-12784
69.43633540502657,7,5.0,9674
69.43701787683456,10,2.0,10004
69.43812292080773,1,1.0,10016
69.43914929003861,5,4.0,0
69.44510716218504,6,2.0,9915
69.4458326101634,1,1.0,10017
69.44725329591465,10,8.0,10012
69.44807377579433,1,2.0,10018
69.45309152644573,6,2.0,9973
69.4534423349428,7,2.0,9721
69.45847511087685,7,1.0,9681
69.45915554685668,10,3.0,9987
69.46149795523587,4,7.0,10019
69.46170579673712,4,8.0,10020
69.46419466007903,7,1.0,9708
69.4652266776165,6,3.0,9979
69.46693381178993,10,5.0,9739
69.46958008658957,5,1.0,0
69.47086050973273,6,2.0,9994
69.474208132827,1,2.0,10021
69.47736630724096,4,2.0,10022
69.48203556439988,10,7.0,9993
69.48260992925862,7,6.0,9791
69.48419662237417,10,5.0,9934
69.48691500771021,6,2.0,10001
69.48781895152239,4,8.0,10023
69.49071164846247,10,43.0,9960
69.49083380805321,9,1.0,9691
69.49092458102656,12,48.0,9595
69.49393152775316,5,2.0,0
69.49616975861206,4,5.0,10024
69.49638029972677,15,5.0,-12795
69.4973581819423,16,9.0,6069
69.50404835302385,13,1.0,-12842
69.50599503630906,7,2.0,9744
69.50674018806254,7,2.0,9954
69.50765722021175,10,1.0,9841
69.51107521736878,7,4.0,9831
69.51238660565645,3,3.0,10025
69.52176636391302,11,12.0,9902
69.52263700714325,6,2.0,9962
69.53439840170174,11,49.0,9898
69.53468944097736,6,4.0,9682
69.5386283441348,1,2.0,10026
69.53884308077538,1,3.0,10027
69.54520250653039,17,8.0,-11934
69.546916944501,3,18.0,10028
69.54810653230754,7,2.0,9755
69.54974750399835,1,1.0,10029
69.55591339839965,6,1.0,10029
69.5559730380889,17,10.0,-12493
69.55703408390731,11,46.0,9801
69.55759184425155,17,1.0,-12552
69.5576647855016,6,2.0,9974
69.56000631291008,1,2.0,10030
69.56192211093956,5,3.0,0
69.56241065040837,16,6.0,8309
69.56878472624274,11,5.0,9853
69.57226272258004,11,5.0,9780
69.572670604651,16,5.0,8338
69.57454874986148,10,10.0,9977
69.57622881283075,13,2.0,-12860
69.57786887129342,7,1.0,9859
69.58010017107495,1,7.0,10031
69.58277302164149,10,2.0,10005
69.58447291228528,10,12.0,10002
69.58825540608505,11,4.0,9761
69.59256557017996,7,8.0,9825
69.5971752165104,10,3.0,9959
69.59806093766822,1,1.0,10032
69.59963478853085,7,3.0,9842
69.60088329570708,11,1.0,9712
69.60283947861718,5,2.0,0
69.60299732917771,7,2.0,9904
69.60357682137186,1,2.0,10033
69.60404762994476,17,3.0,-7481
69.60572928513703,3,4.0,10034
69.60820684389081,10,7.0,9855
69.60919128063459,5,9.0,0
69.61328093832991,5,1.0,0
69.62179645440361,17,3.0,-12009
69.62346313287416,6,2.0,9949
69.62415020749917,3,8.0,10035
69.63081242680468,17,2.0,-12560
69.63331789748638,6,1.0,10017
69.63986708131094,10,3.0,9858
69.64018350772388,10,8.0,9944
69.64074330665073,7,3.0,9893
69.64528138550551,11,7.0,9839
69.64680251349498,17,3.0,-12706
69.6471604095178,10,3.0,9984
69.65234585887683,10,12.0,10000
69.65243339918096,5,4.0,0
69.65387803732672,11,6.0,9704
69.65468612833108,7,23.0,9856
69.6580911647234,5,1.0,0
69.66202209882162,6,3.0,9684
69.66525262578435,15,3.0,-12764
69.67227875193365,4,9.0,10036
69.67419970181567,14,3.0,-12845
69.6747010276876,11,5.0,9636
69.67599869873821,15,2.0,-12768
69.67960378595085,3,59.0,10037
69.68009799682785,1,9.0,10038
69.68029732445648,4,7.0,10039
69.6830387121374,5,2.0,0
69.683122432399,10,5.0,9938
69.68545580736655,7,2.0,9645
69.68578261610186,8,2.0,9920
69.6869749928913,1,3.0,10040
69.68890556899588,6,7.0,9943
69.69323816760624,11,5.0,9578
69.69670044126843,1,8.0,10041
69.69792254094483,15,7.0,-12744
69.6989914223577,11,5.0,9588
69.69935377657586,11,2.0,9724
69.70192912271118,1,2.0,10042
69.70324013118741,7,4.0,9857
69.70846334802312,6,3.0,10027
69.70957980450868,10,36.0,9982
69.7126620160809,15,7.0,-12748
69.71430474289033,4,4.0,10043
69.71502712103637,3,11.0,10044
69.71520941429067,7,7.0,9765
69.7191743013768,14,21.0,-12853
69.7216150271607,5,5.0,0
69.72217931561381,7,4.0,9797
69.72331125893712,5,9.0,0
69.72707607683827,1,1.0,10045
69.73200462009126,7,42.0,9837
69.73401357540693,7,1.0,9616
69.73702996513418,10,15.0,9819
69.74232887629375,5,2.0,0
69.74394740713309,6,2.0,9946
69.74784305762944,10,4.0,9866
69.7500351333478,4,9.0,10046
69.75172226932754,11,8.0,9874
69.75222827413837,10,42.0,9890
69.75301281723121,5,1.0,0
69.7584536337297,4,8.0,10047
69.76036795233344,1,10.0,10048
69.76103249086698,1,4.0,10049
69.76496987076763,6,1.0,10016
69.76760136073474,1,2.0,10050
69.77171202617066,1,5.0,10051
69.77434684849084,16,4.0,9017
69.78458246604895,14,21.0,-12862
69.78497755372945,1,2.0,10052
69.79363189190084,3,4.0,10053
69.79613613532335,5,4.0,0
69.7991730103039,1,3.0,10054
69.7998763921422,5,2.0,0
69.80025838411132,11,4.0,9661
69.80161414176096,6,7.0,9981
69.80472674673823,14,2.0,-12861
69.80472674673823,17,2.0,-12861
69.8071149114044,6,2.0,9942
69.80940014629286,1,32.0,10055
69.81105828032793,4,3.0,10056
69.81188536047374,10,10.0,9872
69.81509082466636,10,3.0,9772
69.81744422237816,1,5.0,10057
69.81964380588911,6,3.0,9930
69.82726770929587,6,26.0,9941
69.82807743643697,4,9.0,10058
69.83206513217122,3,5.0,10059
69.8334140462852,10,5.0,10059
69.83574290728843,5,4.0,0
69.83597315164711,5,1.0,0
69.83822665115798,10,9.0,10036
69.83866745609708,7,4.0,9648
69.83921688675018,11,7.0,9795
69.83956247555997,1,5.0,10060
69.83998651603287,11,2.0,9877
69.84017858810823,7,1.0,9845
69.84019726001429,1,2.0,10061
69.84144915239831,7,29.0,9568
69.84704004130565,1,3.0,10062
69.84807725913642,3,46.0,10063
69.85000691089199,7,4.0,9852
69.85094561601333,10,46.0,10063
69.85336515606221,7,2.0,9905
69.85517278103266,7,4.0,9585
69.85881260840198,10,50.0,10015
69.86023922698121,13,5.0,-12856
69.86095582923025,14,17.0,-12844
69.86241430452961,4,4.0,10064
69.86785650940476,6,3.0,9966
69.86863656388982,1,3.0,10065
69.8691902284374,10,18.0,10028
69.87003826291597,3,2.0,10066
69.87027400381491,4,5.0,10067
69.87713369245105,7,1.0,9813
69.87750444267215,4,12.0,10068
69.87903636427309,7,3.0,9848
69.88286964107643,11,3.0,9903
69.88460177821257,7,48.0,9752
69.88661736720728,10,31.0,10010
69.88690995232355,5,2.0,0
69.89414991609245,11,2.0,9830
69.89512661363057,1,1.0,10069
69.90007558485253,3,52.0,10070
69.90075545121594,10,9.0,10058
69.9039119951344,4,1.0,10071
69.90575505359622,7,3.0,9736
69.91460588817908,11,3.0,9900
69.91461357017945,11,1.0,9967
69.92031876171845,11,12.0,9931
69.9203596860802,16,33.0,9554
69.92287918868348,6,2.0,10033
69.92514201076445,12,9.0,10058
69.92517897423511,6,1.0,10045
69.92688207599232,1,2.0,10072
69.9289258746478,16,3.0,8414
69.93045130459706,4,2.0,10073
69.93097924503563,11,12.0,9808
69.9338411028908,6,2.0,10072
69.93586382025606,4,3.0,10074
69.93791222179715,7,7.0,9888
69.94040436090638,14,2.0,-12847
69.94340938311115,5,9.0,0
69.94401991152264,16,11.0,8549
69.94420960684403,3,32.0,10075
69.94746850505054,10,8.0,9906
69.95476734770013,11,6.0,9741
69.95697249267101,16,3.0,2796
69.95932716148918,4,26.0,10076
69.96108491208969,15,1.0,-12761
69.96562044397034,10,11.0,10044
69.96568164630992,5,1.0,0
69.97049888109436,6,3.0,9995
69.97278322993473,10,3.0,9925
69.97348817768932,7,4.0,9632
69.97388637399203,14,2.0,-12836
69.97388637399203,17,2.0,-12836
69.98073051233601,5,5.0,0
69.98163454827618,13,4.0,-12855
69.98351987778629,6,2.0,10026
69.98685459273956,15,2.0,-12789
69.99088235113246,6,3.0,10054
69.99299722765808,7,2.0,9662
69.99780357837028,7,12.0,9864
70.00278050003924,10,2.0,10073
70.00296416797877,5,2.0,0
70.00553188272708,16,3.0,8880
70.00872746251824,11,14.0,9956
70.01214152644869,10,13.0,9882
70.01229641207082,7,6.0,9926
70.01277257029733,11,45.0,9771
70.01439874070066,7,1.0,9826
70.0193436549264,10,3.0,9947
70.0198953651778,5,2.0,0
70.02185482366625,4,3.0,10077
70.02186459349294,10,32.0,10075
70.02590102841833,10,1.0,9910
70.02649251090203,7,2.0,9814
70.03051802287206,8,2.0,9782
70.0356029790631,6,1.0,10011
70.03971687181357,16,4.0,8830
70.04671468979933,16,1.0,782
70.05054581286939,5,1.0,0
70.05216959105881,10,3.0,10077
70.05244216827396,1,2.0,10078
70.05660042757174,13,2.0,-12868
70.0594970819191,1,2.0,10079
70.05954406951567,6,2.0,10078
70.06338592013721,10,8.0,10020
70.0658094401361,9,2.0,9782
70.07016597850945,11,2.0,9776
70.0723161164746,11,2.0,9846
70.0723161164746,16,2.0,9846
70.0758479808872,4,1.0,10080
70.07622284883466,16,11.0,8364
70.07715033249781,1,3.0,10081
70.08039978184891,1,3.0,10082
70.08219361640158,3,6.0,10083
70.08280817748722,11,23.0,9792
70.08365495671946,11,38.0,9725
70.08374344637878,16,28.0,8909
70.08781961475081,1,1.0,10084
70.08852899611412,10,27.0,9957
70.09063524277789,5,1.0,0
70.09409774620451,5,1.0,0
70.09926168192804,2,4.0,10085
70.1012865173585,3,43.0,10086
70.10271679281466,10,8.0,10035
70.10524031141036,10,6.0,9998
70.10613507809836,16,52.0,3429
70.10615535777873,16,1.0,9268
70.10732012974358,11,20.0,9876
70.10780320199987,10,39.0,9991
70.10970894464721,11,2.0,9247
70.11080286711199,11,60.0,9620
70.11125671923591,15,5.0,-12790
70.1118576998345,7,3.0,9559
70.11346798012926,10,2.0,9871
70.11592580095673,13,9.0,-12874
70.11969058267103,6,2.0,9885
70.13254194842304,7,4.0,9641
70.1363323077752,11,15.0,9840
70.13767688908945,11,9.0,9781
70.13902205271215,4,14.0,10087
70.14187083570957,13,3.0,-12877
70.14407185379893,1,3.0,10088
70.14545675139571,1,8.0,10089
70.14671646258799,1,5.0,10090
70.1479785247612,11,2.0,9917
70.14843055469596,13,1.0,-12864
70.15146875457484,17,1.0,-1205
70.15160259731456,16,4.0,8968
70.15406553440792,17,10.0,-9180
70.15464441628757,1,2.0,10091
70.15479378622949,1,2.0,10092
70.1578902359934,6,1.0,10084
70.16166241380063,5,1.0,0
70.16420986563207,3,3.0,10093
70.16429984584272,14,4.0,-12876
70.16465171772748,11,4.0,9487
70.16496319735406,5,1.0,0
70.17113571048218,1,7.0,10094
70.1712118155978,1,7.0,10095
70.1734044166777,6,2.0,10092
70.17509720063306,7,2.0,9793
70.18290461264131,7,6.0,9659
70.18316015719313,3,8.0,10096
70.18331447956831,16,5.0,8314
70.19917734587453,6,7.0,9963
70.20598803902556,1,1.0,10097
70.20713587978005,1,16.0,10098
70.20819162017449,13,2.0,-12884
70.21040030620769,10,21.0,9950
70.21094106695857,16,36.0,2397
70.21828581624193,11,17.0,9953
70.22624133767295,6,10.0,9913
70.22656892122558,16,4.0,8680
70.22928390979827,13,4.0,-12882
70.23003028618578,5,4.0,0
70.23912652481235,15,6.0,-12800
70.23976578625432,1,8.0,10099
70.24360170091728,4,11.0,10100
70.24416561538806,7,4.0,10009
70.244741258361,10,8.0,10023
70.24546089693138,16,2.0,8390
70.24602789814722,6,2.0,10079
70.24632496001792,7,6.0,9677
70.25152864615657,11,15.0,9869
70.2562230038979,1,6.0,10101
70.258459132232,11,4.0,9935
70.2589850057372,5,3.0,0
70.260284956062,7,4.0,9766
70.26578600734506,1,5.0,10102
70.26902200401719,4,1.0,10103
70.27155561393309,10,9.0,10046
70.27174180275011,11,12.0,10002
70.27499719678418,11,8.0,9720
70.27567105334676,11,7.0,9823
70.27845006649375,10,43.0,10086
70.28454513015532,3,6.0,10104
70.28717034899594,4,52.0,10105
70.29013742205292,113,50.0,-12881
70.29226488141795,7,1.0,9879
70.29585945941578,10,4.0,10053
70.30100517642555,10,1.0,10071
70.30245554183824,15,2.0,-12775
70.30298030588838,5,7.0,0
70.30743058703243,7,11.0,9835
70.30863047276839,1,1.0,10106
70.31078637590413,10,2.0,9970
70.31085191730163,11,6.0,9790
70.31336198044858,6,3.0,10040
70.31573792467555,6,2.0,10091
70.31620777312979,10,3.0,9709
70.31775316698099,6,2.0,10021
70.32052495387302,1,4.0,10107
70.32739908092177,1,5.0,10108
70.32792614562835,7,2.0,9768
70.32952832542824,6,4.0,10107
70.32982477871577,1,1.0,10109
70.33319255620802,11,49.0,9815
70.33434939037522,11,5.0,9773
70.33506877951316,6,4.0,10006
70.3355057692334,5,2.0,0
70.33757277832608,1,5.0,10110
70.340665656479,14,1.0,-12866
70.34335637224467,11,30.0,9851
70.34389584259762,12,42.0,9924
70.35129356418673,16,4.0,8362
70.35274821303702,4,4.0,10111
70.35741414286758,5,3.0,0
70.36398294734518,16,2.0,8469
70.36645721658502,4,5.0,10112
70.36930841136233,13,55.0,-12865
70.36937502316546,10,23.0,9978
70.37232533948773,15,7.0,-12780
70.37252616665667,6,3.0,9912
70.37276327185704,10,14.0,10014
70.37506681140185,7,3.0,9961
70.37652783437558,11,3.0,9777
70.37843555202781,6,2.0,10061
70.37942229443534,3,5.0,10113
70.38030847492497,5,8.0,0
70.38063260072734,13,1.0,-12869
70.38496200248734,5,2.0,0
70.3862800339966,11,59.0,9863
70.38982115963113,10,5.0,10067
70.3916937249723,11,11.0,9887
70.39394533732538,1,2.0,10114
70.39546579910997,11,30.0,9799
70.39621741686744,7,2.0,9889
70.39811906021066,10,2.0,9862
70.40006524165254,1,1.0,10115
70.40050729372818,4,1.0,10116
70.4006359982836,16,12.0,4652
70.40098501248657,11,3.0,9870
70.4023843206789,5,2.0,0
70.40350883143456,15,4.0,-12774
70.40515422158214,1,1.0,10117
70.40568412513207,7,13.0,9824
70.40595031695051,8,1.0,9860
70.40868712188418,6,1.0,10117
70.40889008971848,13,3.0,-12883
70.41330899359106,1,2.0,10118
70.41480396285,6,7.0,10095
70.4155936873439,1,3.0,10119
70.41597279569964,10,11.0,10100
70.41612950457267,1,5.0,10120
70.42486293061971,7,2.0,9973
70.42511185115336,10,53.0,9955
70.43025838626849,7,6.0,9812
70.43439685188697,7,3.0,10027
70.43877626911157,10,4.0,10111
70.43909626901701,1,7.0,10121
70.43927933025684,12,4.0,9715
70.44001287622402,8,2.0,9994
70.44089065536923,7,20.0,9909
70.44216802431364,13,8.0,-12879
70.44228023997974,7,1.0,9785
70.44287740359015,11,6.0,9865
70.44314711028417,16,31.0,8110
70.446033043567,10,6.0,10083
70.44629906813738,6,5.0,10090
70.44695059803806,6,3.0,9976
70.44744045084862,5,2.0,0
70.44799844976026,7,3.0,9796
70.44918581001305,6,5.0,10110
70.45321806787304,1,4.0,10122
70.45439480481825,7,2.0,9997
70.45517982504298,1,2.0,10123
70.45699978185895,6,9.0,10038
70.45961219743506,6,1.0,10106
70.4626686942425,6,1.0,9599
70.46683168803332,10,4.0,10064
70.46707109725645,1,29.0,10124
70.46822862041657,1,2.0,10125
70.46944154856246,7,1.0,9453
70.47869498073699,6,5.0,10102
70.48027013324176,10,3.0,9928
70.48042508155864,11,3.0,9878
70.48291507197409,6,1.0,10097
70.49259792966403,6,2.0,10050
70.5001745207357,16,5.0,6458
70.50032351980133,10,3.0,10074
70.50088216718731,15,1.0,-12793
70.50214225534017,7,8.0,9722
70.5169696125548,1,4.0,10126
70.51794352263447,5,7.0,0
70.52269654860307,11,11.0,9867
70.52662753413684,1,1.0,10127
70.52994733037494,17,10.0,-12682
70.53449418138865,6,5.0,10060
70.53585437846243,6,7.0,10031
70.53950360247704,6,4.0,9789
70.54199106435459,5,4.0,0
70.54305985235563,4,4.0,10128
70.54329332869759,1,2.0,10129
70.54399947155281,3,35.0,10130
70.54406684478354,1,2.0,10131
70.54970161930974,6,1.0,10069
70.55206516618584,5,3.0,0
70.55374324740929,7,1.0,9951
70.55741675381041,6,3.0,10081
70.56051495687656,11,2.0,10005
70.56203560201807,11,4.0,9639
70.56360514762662,11,2.0,9883
70.56478943822187,6,7.0,10121
70.56483705320164,4,11.0,10132
70.56762683532844,13,1.0,-12885
70.57157476676804,7,1.0,10017
70.57161856952109,17,2.0,-11984
70.57346125838556,7,13.0,9914
70.5800713594956,9,2.0,9564
70.5800801713056,11,12.0,9834
70.5826393103441,8,3.0,9717
70.58453454900094,7,1.0,9581
70.58652907646689,10,26.0,10076
70.5876639011768,4,1.0,10133
70.58953414063562,4,6.0,10134
70.59124238301683,7,7.0,9716
70.59674704645,11,55.0,9996
70.60036574628577,13,1.0,-12873
70.60122849872378,1,6.0,10135
70.60626146624597,1,1.0,10136
70.61204683686893,5,10.0,0
70.61373139608028,6,26.0,9972
70.61471829520025,10,4.0,10128
70.61697837820793,1,7.0,10137
70.62012805201744,6,4.0,9988
70.62741004378191,10,2.0,10022
70.62871871522049,9,1.0,9860
70.633161856974,6,7.0,10094
70.6343849776912,6,5.0,10057
70.63489176943654,7,1.0,9897
70.63678923967696,5,4.0,0
70.6436957299761,7,21.0,9892
70.65256978171337,11,5.0,9899
70.6546332081388,4,2.0,10138
70.65807029562552,15,1.0,-12781
70.65874493326159,5,1.0,0
70.66259382626863,15,4.0,-12791
70.67231594624202,11,18.0,10028
70.67273013967414,10,1.0,10133
70.67307444381665,1,2.0,10139
70.68160587333531,10,3.0,10093
70.68387053786893,13,3.0,-12871
70.68635947402548,7,5.0,9802
70.68870406352472,15,1.0,-12785
70.68975382477508,3,49.0,10140
70.69188770538321,16,1.0,8629
70.69512389406863,9,10.0,9735
70.69924805475078,6,2.0,10018
70.69955572276632,6,4.0,10013
70.70022298669195,1,18.0,10141
70.70157406845712,7,4.0,9884
70.70225200750896,3,5.0,10142
70.70243454007144,7,5.0,9932
70.70279037224475,7,1.0,9670
70.703437917916,15,2.0,-12792
70.7064565311112,6,1.0,10136
70.707489688288,6,18.0,10141
70.71067572954112,3,7.0,10143
70.7191743013768,17,21.0,-12853
70.72744147892875,10,1.0,10116
70.72977808548676,7,2.0,9619
70.73302067741417,9,3.0,9717
70.73723985522021,15,3.0,-12798
70.74212888198413,6,5.0,9965
70.74385002421266,6,4.0,9969
70.74725078110858,16,4.0,5940
70.74794119100527,10,7.0,10143
70.75205614222119,16,2.0,2430
70.75353284296884,1,41.0,10144
70.75376206081886,6,8.0,10099
70.75692500105879,5,3.0,0
70.75760601368879,1,1.0,10145
70.76196086799534,4,3.0,10146
70.76350870445272,11,6.0,9849
70.77113117522217,11,1.0,9841
70.77586326389977,10,7.0,10019
70.77664247426178,1,4.0,10147
70.78221891177552,11,11.0,9809
70.79147269991188,6,8.0,10041
70.79744034301793,1,3.0,10148
70.79745196108543,3,33.0,10149
70.79791140746401,6,2.0,10114
70.7983087071103,5,10.0,0
70.80255781096211,4,4.0,10150
70.80298764214959,1,6.0,10151
70.80518276633795,1,6.0,10152
70.80586065734073,7,40.0,9700
70.81835536243116,6,41.0,10144
70.81865171159197,6,29.0,10124
70.82163005998552,14,3.0,-12875
70.8225541087673,11,29.0,9764
70.82711526170479,1,4.0,10153
70.82779753516145,14,4.0,-12872
70.83128193366741,3,17.0,10154
70.83370087260407,7,2.0,9885
70.83546194470345,11,15.0,9819
70.83599382885191,7,1.0,10016
70.83790693094366,17,9.0,-12496
70.8391404249717,5,6.0,0
70.84115616977031,16,2.0,7983
70.84203142351379,6,6.0,10101
70.84261284019581,17,1.0,-12533
70.84493751145708,1,2.0,10155
70.84580601304425,6,2.0,10125
70.84654599599737,12,9.0,9680
70.85593267670276,3,37.0,10156
70.8576278531686,3,8.0,10157
70.85868029760466,5,4.0,0
70.86370957769591,11,14.0,10014
70.86644067917524,17,3.0,-12586
70.87152731787847,14,8.0,-12867
70.87663949246621,4,4.0,10158
70.87913787032826,15,1.0,-12776
70.88252736394423,7,2.0,9916
70.88495637954826,10,37.0,10156
70.88556864662453,16,4.0,9829
70.88583390334014,7,2.0,9949
70.89237050578154,15,2.0,-12779
70.89514631660394,10,5.0,10142
70.8988308908857,7,7.0,9821
70.90226342062334,14,8.0,-12870
70.90226342062334,17,8.0,-12870
70.91537385255938,17,19.0,-9656
70.91895321662338,4,9.0,10159
70.9213307833099,4,10.0,10160
70.92702203485314,16,53.0,8084
70.92919456375853,5,4.0,0
70.92961774807083,7,2.0,10078
70.9327257330218,6,10.0,9727
70.93320029690759,1,3.0,10161
70.93417735038236,4,6.0,10162
70.93498737951683,11,12.0,9794
70.93520628316175,11,5.0,9975
70.93539466367557,7,7.0,9964
70.93886878599956,10,17.0,10154
70.93988431223163,5,1.0,0
70.94158239492998,3,40.0,10163
70.94392493133115,10,6.0,10104
70.94576109956282,7,5.0,10110
70.94590169013487,8,3.0,9976
70.94797836236847,3,12.0,10164
70.95030150189164,7,2.0,10033
70.95157838196822,11,21.0,9950
70.95290965827638,7,2.0,9774
70.95301656860117,13,14.0,-12886
70.9539971326935,5,1.0,0
70.95420114417307,11,5.0,9891
70.95531365940437,9,42.0,9924
70.9555040815114,10,14.0,10087
70.9579063206162,10,7.0,10039
70.95866618265285,16,55.0,5996
70.96127609441601,9,4.0,9715
70.96223599728145,14,11.0,-12878
70.96223599728145,17,11.0,-12878
70.96287402080793,7,4.0,9999
70.9649630407454,7,9.0,9767
70.96706034961171,15,3.0,-12799
70.96829084150653,5,2.0,0
70.97010524365115,14,1.0,-12880
70.97206045400334,7,3.0,9979
70.97218535250438,4,7.0,10165
70.97675875927865,16,5.0,8023
70.9773345467584,10,1.0,9990
70.97833157590308,5,4.0,0
70.9792442327823,5,3.0,0
70.9803468306642,5,1.0,0
70.98856599077641,10,59.0,10037
70.98902647560348,6,3.0,10065
70.98990058333466,1,3.0,10166
70.99178443668104,1,1.0,10167
70.9965608766086,15,1.0,-12786
71.00230793129754,10,49.0,10140
71.01257783367426,1,1.0,10168
71.01371933743847,7,1.0,10084
71.0172838830435,6,3.0,10082
71.0180491639187,11,4.0,9832
71.01832481579973,11,3.0,9858
71.01892337854935,5,2.0,0
71.02131754093038,7,2.0,9775
71.02737071536258,16,1.0,8088
71.03046590753462,6,10.0,10048
71.0459279575774,7,2.0,9915
71.04706265897642,16,2.0,8001
71.04958213229509,6,4.0,10126
71.050725168667,6,2.0,10123
71.0509792649841,4,6.0,10169
71.05260043436034,9,2.0,9920
71.06242848270487,6,2.0,10155
71.06373486577411,7,1.0,9985
71.06402929631876,13,10.0,-12902
71.06689263362532,17,2.0,-12418
71.07689364890356,7,4.0,9843
71.07840445604103,17,1.0,-2095
71.08732327720165,8,7.0,9940
71.09911927152552,1,2.0,10170
71.105279934103,7,3.0,9886
71.10530984940138,16,8.0,8437
71.1054855062802,3,12.0,10171
71.10561311724992,1,4.0,10172
71.10661109575486,10,3.0,10146
71.11059962709845,5,13.0,0
71.11081831760501,10,12.0,10068
71.11490342737122,1,4.0,10173
71.11937670624873,6,4.0,10147
71.12140761045652,7,26.0,9941
71.12270717205986,1,1.0,10174
71.12890813689475,1,6.0,10175
71.12957688059574,7,1.0,10029
71.1330124332362,11,7.0,9993
71.13313649458358,5,1.0,0
71.13734484408721,16,3.0,93
71.1393073063095,4,10.0,10176
71.14066219617281,8,7.0,10095
71.14343409631839,7,9.0,9936
71.14415455065681,7,12.0,9911
71.14526961929388,7,3.0,9803
71.14706181957753,3,15.0,10177
71.14843803583733,10,8.0,10157
71.1486015579088,1,1.0,10178
71.14960437335668,15,1.0,-12782
71.1511051427244,5,1.0,0
71.15615903035028,4,25.0,10179
71.15751354420188,6,2.0,9838
71.16532223799925,5,13.0,0
71.16580974060655,10,35.0,10130
71.16629567219653,10,52.0,10070
71.16917088181154,9,2.0,9994
71.17652927009878,11,9.0,10046
71.17686906012868,15,1.0,-12810
71.17872314627195,11,46.0,10063
71.18189604236467,1,2.0,10180
71.18525409701326,6,1.0,10178
71.1879480569331,7,3.0,9684
71.19609316121023,4,2.0,10181
71.19628688988807,5,1.0,0
71.2022502785161,6,1.0,10145
71.20737108185098,6,1.0,10032
71.20996699550972,3,24.0,10182
71.22742131569962,15,2.0,-12805
71.23067315509888,10,6.0,9836
71.23122219543721,16,1.0,5764
71.23202189077232,15,2.0,-12778
71.23269140534265,5,4.0,0
71.23630170004152,5,7.0,0
71.23827795591475,3,9.0,10183
71.23910822697822,7,3.0,9930
71.23938529658012,5,2.0,0
71.2472964225605,10,18.0,9937
71.2493431668009,1,6.0,10184
71.25061650150255,16,1.0,8774
71.25352059541723,17,1.0,-12627
71.25778372601003,15,2.0,-12821
71.25803536252532,14,3.0,-12890
71.2602711470593,10,3.0,10056
71.26167517874214,16,2.0,8326
71.27294851655886,113,31.0,-12909
71.27686685282363,1,2.0,10185
71.27761572432283,1,3.0,10186
71.27898206118776,4,8.0,10187
71.27989471959965,4,5.0,10188
71.28111638875266,13,2.0,-12894
71.28250389595777,11,4.0,9756
71.28456931859556,7,1.0,9827
71.28634556141779,5,15.0,0
71.28727583640554,13,3.0,-12891
71.29023012222416,6,4.0,10173
71.29401753307113,10,35.0,9895
71.29508031870277,4,6.0,10189
71.29518062284282,11,5.0,9934
71.29714584756736,9,7.0,10095
71.30281229298092,6,6.0,10184
71.30850453566086,6,7.0,10137
71.3118137689084,13,2.0,-12904
71.31360834368253,16,19.0,9377
71.31935407938681,10,1.0,9980
71.32033162051835,1,4.0,10190
71.32168336546422,10,2.0,10066
71.32659594711093,4,5.0,10191
71.32955243738458,5,2.0,0
71.33292674309162,7,1.0,9939
71.33537168290607,16,11.0,3220
71.33729079222138,4,3.0,10192
71.33732218628704,10,10.0,10176
71.33817639262753,5,1.0,0
71.33993495414013,5,2.0,0
71.34247017787912,5,1.0,0
71.34813814828304,10,6.0,10169
71.35133818261288,16,35.0,7724
71.35431730868515,7,2.0,9946
71.35591177772862,11,37.0,10156
71.35844003295152,15,6.0,-12797
71.35988264669794,1,7.0,10193
71.3599887151168,6,3.0,10148
71.35999506027812,11,27.0,9957
71.3603170618469,16,5.0,9292
71.36231915132966,11,4.0,9866
71.3625739410457,1,2.0,10194
71.37345117092407,11,3.0,9984
71.37424874305125,17,1.0,-12116
71.37537321162519,16,12.0,8918
71.37560843254022,11,7.0,9579
71.38454883028407,1,4.0,10195
71.38599252301591,1,3.0,10196
71.3876991822348,6,4.0,10049
71.38906387229413,5,1.0,0
71.39002142647114,14,1.0,-12903
71.39051664655648,6,6.0,10007
71.39586999097817,11,5.0,9739
71.40610804474704,6,1.0,10115
71.4073722506234,17,1.0,-12618
71.40913317225265,1,1.0,10197
71.412472933613,6,8.0,10089
71.41327215831775,7,10.0,9913
71.41473938568853,4,5.0,10198
71.41986433056438,1,3.0,10199
71.42136644289559,11,50.0,10015
71.42422488626063,5,2.0,0
71.42430040258017,5,2.0,0
71.42613882417028,10,5.0,10113
71.43509919658781,17,1.0,-12726
71.43522567014173,1,5.0,10200
71.43570462337672,16,32.0,8524
71.43631628636962,4,5.0,10201
71.43913686354493,17,6.0,-12383
71.44121406588283,11,36.0,9982
71.44141762229917,6,2.0,10131
71.44257613384465,4,7.0,10202
71.44398902203667,1,10.0,10203
71.44471739124404,7,5.0,10102
71.44697849555507,11,3.0,9925
71.44819037447708,11,11.0,9788
71.450357530753,13,1.0,-12893
71.45207440868268,14,4.0,-12905
71.4532104337281,10,24.0,10182
71.45718238111309,1,5.0,10204
71.46217036657785,13,1.0,-12908
71.46381733495696,6,32.0,10055
71.46430219315354,10,8.0,9929
71.47248069751066,5,1.0,0
71.47460748319178,11,6.0,9923
71.48055390033946,14,2.0,-12901
71.4945119990287,17,29.0,-9953
71.49466947005641,16,4.0,8575
71.49561481222366,16,26.0,7894
71.49717263923654,11,3.0,9987
71.49717263923654,16,3.0,9987
71.49773982894533,15,5.0,-12828
71.49930228817044,11,3.0,9947
71.50367007421522,11,6.0,9998
71.50400454284366,16,10.0,8139
71.5062776050065,7,1.0,9952
71.50947813474274,1,8.0,10205
71.50968573271533,10,4.0,10158
71.51062449168866,1,4.0,10206
71.51165677265493,11,5.0,9833
71.51365732184843,10,22.0,9971
71.5142134554787,6,10.0,10203
71.51588812218009,11,5.0,10059
71.51639168446458,1,1.0,10207
71.51743790362477,1,4.0,10208
71.5189834377755,4,4.0,10209
71.5231154011824,4,11.0,10210
71.52342321328801,6,5.0,10120
71.52364424536206,1,2.0,10211
71.52372370954396,12,18.0,9937
71.52385980307085,11,3.0,9959
71.52654488058586,4,4.0,10212
71.52681504662945,11,4.0,10064
71.52709340286657,5,3.0,0
71.52737242442583,12,31.0,10010
71.52803093066727,6,4.0,10085
71.52995012546987,11,4.0,10111
71.53097022966756,5,7.0,0
71.53149587083908,5,3.0,0
71.5344150068225,11,9.0,9927
71.5352770811408,1,2.0,10213
71.53830009443546,1,3.0,10214
71.54096861948776,3,31.0,10215
71.54639582531738,4,5.0,10216
71.54660991475423,10,4.0,10209
71.54778193800588,5,5.0,0
71.54803604686417,15,5.0,-12822
71.55205343859978,7,2.0,10072
71.55522665482437,15,1.0,-12803
71.55622866960603,10,11.0,10210
71.5589878155606,1,6.0,10217
71.56032784959253,14,3.0,-12897
71.57256124162681,6,3.0,10199
71.57283019885034,11,12.0,10000
71.57283816681228,13,13.0,-12889
71.57283816681228,17,13.0,-12889
71.57704319062202,7,3.0,9995
71.57870314003534,11,8.0,9906
71.57964504561356,5,13.0,0
71.58027248673011,7,2.0,9962
71.58406945080922,11,57.0,9844
71.59177695273681,11,55.0,9907
71.59178332485928,13,1.0,-12900
71.59837855966387,16,4.0,9177
71.60161760861293,1,4.0,10218
71.60949482187499,11,6.0,9922
71.61033376981365,13,1.0,-12888
71.61033376981365,17,1.0,-12888
71.61287165919548,10,6.0,10162
71.61308737368455,7,9.0,10038
71.6164605929496,6,16.0,10098
71.61877897760151,5,5.0,0
71.61908472581018,1,3.0,10219
71.62413468665044,11,43.0,9948
71.62594101431382,1,4.0,10220
71.62925664415259,6,2.0,10129
71.63179580293185,13,22.0,-12892
71.63296435577895,10,8.0,10187
71.63332809237384,6,5.0,10051
71.64088612168055,6,6.0,10152
71.64438186302888,1,4.0,10221
71.64445995544462,16,60.0,9046
71.64922024907426,7,4.0,9988
71.65089674468734,5,1.0,0
71.6526010260279,17,2.0,-9139
71.65701318544954,6,2.0,10030
71.661747492684,6,5.0,10108
71.66291536991157,11,52.0,9921
71.6667862027787,11,1.0,9873
71.67429895795766,10,6.0,10134
71.68314961680427,10,31.0,10215
71.68662944715463,5,1.0,0
71.6884674591888,17,1.0,-4974
71.68957191535729,11,32.0,10075
71.69098099373255,1,10.0,10222
71.69262758386463,11,4.0,9986
71.69316191853993,16,2.0,9107
71.69322248569972,3,10.0,10223
71.69357500420818,5,16.0,0
71.69359114664387,10,8.0,10047
71.69365724496785,5,2.0,0
71.69703094457546,11,8.0,9944
71.71221809044913,1,5.0,10224
71.71235210474892,1,36.0,10225
71.71250629345035,10,3.0,10025
71.71875807623289,10,7.0,10165
71.7341769545363,1,6.0,10226
71.73552724109327,4,1.0,10227
71.73573076528275,16,2.0,9136
71.73616905949702,6,3.0,10214
71.73741537301765,7,4.0,10107
71.7415691633051,9,48.0,9595
71.74199671983406,11,53.0,9955
71.74587911759191,1,8.0,10228
71.75088683759748,7,1.0,10011
71.75172077175212,13,2.0,-12906
71.75172077175212,17,2.0,-12906
71.75905657780238,14,1.0,-12907
71.76017610743737,7,3.0,10054
71.76040285498141,1,5.0,10229
71.76665848949385,1,5.0,10230
71.76682632740709,10,5.0,10024
71.77281241913296,5,4.0,0
71.77761428089528,17,1.0,-5836
71.7806673110906,1,12.0,10231
71.78098156585801,7,2.0,9992
71.78135546645524,15,1.0,-12830
71.7832716857277,7,6.0,9901
71.7950365026262,13,3.0,-12895
71.79958885379735,4,3.0,10232
71.80120220044515,15,2.0,-12808
71.80426093635707,5,2.0,0
71.8070561455127,1,5.0,10233
71.80742976363351,10,5.0,10188
71.8079300114008,6,1.0,10207
71.81100584121393,15,3.0,-12814
71.81104474321712,10,2.0,10181
71.81147369162018,3,21.0,10234
71.8124501245783,6,2.0,10118
71.81275828776157,4,18.0,10235
71.81745433761046,7,1.0,10178
71.8180678325187,10,21.0,10234
71.82335605500944,11,1.0,9805
71.82640057158251,6,1.0,10127
71.82654322047823,10,19.0,9983
71.82723461391812,7,1.0,10069
71.83086120580325,13,1.0,-12899
71.83086120580325,17,1.0,-12899
71.83503830239992,10,18.0,10235
71.8376901428836,1,4.0,10236
71.84068387416266,16,5.0,8461
71.84251737044164,11,9.0,10036
71.84563189239343,17,1.0,-12807
71.84596305835629,1,8.0,10237
71.84671061415706,4,4.0,10238
71.84889764833953,15,6.0,-12819
71.86336074922066,7,41.0,10144
71.8650862830439,6,3.0,10186
71.8731020313835,16,1.0,4585
71.87739456628228,17,5.0,-6622
71.87996798685721,9,9.0,9680
71.88167588576248,5,1.0,0
71.88194777084463,4,1.0,10239
71.8898102046291,5,8.0,0
71.89052940816917,3,5.0,10240
71.89081562188785,16,59.0,1004
71.89229754719429,11,8.0,10157
71.89662129651589,11,1.0,9910
71.89852704523759,6,3.0,10166
71.90466538339747,16,1.0,8595
71.905208350278,16,5.0,8248
71.90590846456281,11,6.0,10104
71.90733483586544,11,2.0,9871
71.90780647923583,4,5.0,10241
71.90835357483017,13,17.0,-12887
71.90835357483017,17,17.0,-12887
71.91461357017945,16,1.0,9967
71.91464790121329,6,3.0,9918
71.91541288490842,1,4.0,10242
71.9230757516223,11,55.0,9881
71.9241283259663,6,2.0,10052
71.93002995368663,11,1.0,10133
71.93856873903798,4,6.0,10243
71.94591900303509,6,1.0,10167
71.95030150189164,16,2.0,10033
71.95044479353025,17,2.0,-12806
71.95518799843614,10,1.0,9908
71.95791438596878,15,2.0,-12788
71.96027365557491,17,1.0,-12608
71.9613966151001,5,7.0,0
71.96335565794362,7,1.0,9896
71.96810746553406,16,10.0,5151
71.97057107211363,11,1.0,9945
71.97653820050053,14,1.0,-12896
71.97925020594862,7,2.0,10026
71.98545073708739,6,2.0,10194
71.9889010502319,11,5.0,9938
71.99022705549129,6,1.0,10197
71.99243018260391,15,2.0,-12796
71.9930629853636,1,1.0,10244
71.99538967822143,13,5.0,-12898
71.99538967822143,17,5.0,-12898
71.99642993825324,16,2.0,8203
72.005545698949,6,3.0,10196
72.01233667192554,11,6.0,10083
72.01730673443562,1,5.0,10245
72.02751133490297,7,26.0,9972
72.02885146527392,13,1.0,-12912
72.02951010493956,12,43.0,9960
72.03256943970536,11,8.0,10035
72.03420752801958,5,4.0,0
72.0363236448158,13,21.0,-12913
72.03682262840661,17,2.0,-12657
72.03746913133696,16,2.0,9003
72.04000397967161,7,10.0,10008
72.04000397967161,16,10.0,10008
72.04757823819983,10,4.0,10238
72.04949731719401,7,4.0,9682
72.04972670073157,14,1.0,-12928
72.05173975633423,1,4.0,10246
72.05397029342434,6,12.0,10231
72.05421977291121,7,2.0,10155
72.0557477062653,16,11.0,9163
72.05590514147566,10,9.0,10159
72.05595554104858,10,1.0,10227
72.05922113961306,6,1.0,10244
72.06175057827906,11,12.0,10068
72.07885330185049,13,3.0,-12910
72.08320159972453,6,6.0,10135
72.08480999302849,7,7.0,9675
72.09215703759953,8,2.0,9958
72.09391267461145,13,11.0,-12918
72.09906299402994,11,3.0,10056
72.10256910637737,7,5.0,10057
72.10763199961312,16,31.0,8973
72.1106809083349,10,40.0,10163
72.11447906507647,5,8.0,0
72.116775937827,13,6.0,-12924
72.11857422284524,5,6.0,0
72.11991130043289,7,2.0,10018
72.1201785511549,7,2.0,10021
72.13072847076151,4,5.0,10247
72.13591224036982,11,23.0,9978
72.13849582135046,4,19.0,10248
72.1395464869436,15,2.0,-12813
72.14083292581823,14,7.0,-12929
72.1489636599775,7,1.0,9599
72.14935526917273,14,58.0,-12920
72.16284333209249,7,8.0,9894
72.16340415427425,15,1.0,-12817
72.16489257986385,1,6.0,10249
72.16624661018355,11,7.0,9855
72.16830180349517,16,54.0,3739
72.16863568029898,17,1.0,-3076
72.17402269723566,7,3.0,10081
72.17461053039854,9,9.0,10058
72.1756687258025,16,5.0,8501
72.17756906112317,6,4.0,10208
72.1804118878768,3,50.0,10250
72.18041682520673,5,4.0,0
72.18330397040539,7,4.0,10013
72.18438688031213,16,5.0,8738
72.18566178257984,15,3.0,-12823
72.18735672659525,6,6.0,10249
72.18819894620715,7,3.0,10040
72.18851932585669,5,3.0,0
72.19035252910126,3,60.0,10251
72.1911998183053,3,51.0,10252
72.20017949328735,6,6.0,10217
72.20253052916416,6,1.0,10109
72.20436363433467,4,4.0,10253
72.20503291105639,6,8.0,10205
72.20546193761419,3,57.0,10254
72.21494842766668,6,3.0,10088
72.21863048485083,17,7.0,-2017
72.22682812979046,7,7.0,10031
72.2319024199481,6,10.0,10222
72.235505818345,6,3.0,10219
72.2367643820544,6,2.0,10042
72.24004826552202,10,4.0,10043
72.24275931079018,3,12.0,10255
72.24656744860273,10,6.0,10243
72.24965283492223,4,8.0,10256
72.25250661682009,6,5.0,10245
72.25778372601003,17,2.0,-12821
72.26222441759191,11,12.0,9711
72.26609069724294,16,10.0,8798
72.27367263028995,7,2.0,10001
72.27536619260162,7,1.0,10136
72.2762181959268,6,5.0,10233
72.27897804014181,11,8.0,10023
72.28328671474493,10,5.0,10240
72.28462526352784,7,4.0,10049
72.28609965606802,5,4.0,0
72.2871672725012,11,10.0,9977
72.28973646915958,11,5.0,10142
72.29228105518914,15,15.0,-12816
72.29396013287923,9,2.0,9958
72.29710339419302,7,1.0,10117
72.30467952772288,5,2.0,0
72.30670958747399,11,3.0,9933
72.30974354484513,6,2.0,9631
72.31044159054449,16,1.0,9036
72.31348132673327,1,2.0,10257
72.31372119752852,7,4.0,9789
72.31748780276692,16,23.0,8471
72.32236335635429,6,3.0,10062
72.32299396756876,5,1.0,0
72.32524516012941,1,15.0,10258
72.32957694751121,1,3.0,10259
72.33342349540835,13,2.0,-12915
72.33551561799108,16,2.0,8987
72.33727872706449,13,3.0,-12917
72.33799974794674,1,2.0,10260
72.3479901373446,7,4.0,9273
72.35152380495498,6,5.0,10229
72.35687683278962,6,4.0,10172
72.36299329152227,10,5.0,10198
72.36773516880211,11,11.0,10100
72.36887547257484,11,43.0,10086
72.37614810565522,11,42.0,9890
72.37835797516655,15,2.0,-12827
72.38929116708051,16,1.0,9306
72.39648282231408,7,1.0,10032
72.3997387668996,11,8.0,10012
72.4016899862571,13,1.0,-12925
72.4067397342058,3,31.0,10261
72.4094830834785,6,4.0,10221
72.4097521877729,16,2.0,9191
72.4100919005277,11,1.0,9990
72.41404620049731,6,5.0,10204
72.41803895524505,7,2.0,10061
72.41886299915984,1,8.0,10262
72.42028719215618,4,6.0,10263
72.42345132641665,10,11.0,10132
72.42957672016985,10,52.0,10105
72.43277661865014,16,2.0,5474
72.43546118272424,1,1.0,10264
72.43557179866106,17,1.0,-12846
72.43634500977763,16,20.0,8929
72.44525216384078,5,12.0,0
72.44664922462185,10,9.0,10183
72.44991415247632,10,15.0,10177
72.45055625027005,1,8.0,10265
72.45140403166727,1,4.0,10266
72.45175925103257,5,9.0,0
72.45454278263806,16,2.0,4949
72.45831721015716,6,4.0,10266
72.46285684853072,5,4.0,0
72.46398007995202,11,10.0,9872
72.46610673650353,13,8.0,-12923
72.47590831500355,17,2.0,-5478
72.48188299877819,1,6.0,10267
72.48584985695831,15,1.0,-12825
72.48700699676778,6,2.0,10003
72.49167057610349,5,1.0,0
72.49325229748104,6,6.0,10175
72.4934106761964,11,1.0,9908
72.49361563889612,16,13.0,8223
72.5001526232626,11,5.0,10067
72.50403213294078,6,2.0,10185
72.50484265584389,5,2.0,0
72.50654439305855,16,2.0,9518
72.50673227658707,6,4.0,10122
72.50713086291617,16,1.0,9422
72.50784970397795,6,1.0,10174
72.50935071495259,6,4.0,10242
72.50991816887492,7,5.0,10090
72.51017649168777,17,3.0,-12720
72.51538010938255,17,2.0,-12005
72.51626538261229,5,4.0,0
72.51672643623861,5,4.0,0
72.51923457474908,7,2.0,9838
72.52042401447177,7,4.0,9969
72.52219638379803,16,7.0,9118
72.52556189675856,15,1.0,-12824
72.52931302694864,5,2.0,0
72.5306823767127,6,8.0,10265
72.53242972414394,16,1.0,9476
72.53467569444263,7,1.0,10045
72.53612137599768,10,5.0,10112
72.53791699822307,6,8.0,10262
72.54427603796763,4,46.0,10268
72.54474180595733,6,3.0,10119
72.54889557423344,9,43.0,9960
72.55197903988584,5,4.0,0
72.56078050083559,9,7.0,9940
72.56220861017196,5,4.0,0
72.56653877932622,17,29.0,-2638
72.566894153567,7,4.0,10006
72.56784015176238,4,10.0,10269
72.56936091930984,10,5.0,10191
72.57299632278351,4,2.0,10270
72.57892045067605,7,2.0,9598
72.58628496864732,13,2.0,-12927
72.58628496864732,17,2.0,-12927
72.58833945560222,6,6.0,10151
72.58854468658424,15,3.0,-12809
72.59105276615998,1,4.0,10271
72.60328548206625,6,8.0,10237
72.60451897550197,13,15.0,-12926
72.60826507019446,3,54.0,10272
72.61432986556606,10,12.0,10171
72.61630593320506,13,7.0,-12921
72.61630593320506,17,7.0,-12921
72.61808868659996,113,24.0,-12916
72.61902198940582,5,1.0,0
72.62209600036361,5,3.0,0
72.62212060297276,5,2.0,0
72.6259807361621,3,58.0,10273
72.62787905621028,8,10.0,10222
72.62844307739661,5,1.0,0
72.62860980179383,10,51.0,10252
72.6307559003175,11,2.0,10004
72.63179580293185,17,22.0,-12892
72.63409545061921,5,4.0,0
72.63433478395741,5,1.0,0
72.63508522123631,7,2.0,10125
72.63657718234846,1,2.0,10274
72.63990309020426,17,1.0,-7569
72.64048341005997,11,1.0,10071
72.64092321030797,6,4.0,10206
72.6412125867464,15,2.0,-12829
72.64127678076397,1,2.0,10275
72.6448152754561,16,6.0,8283
72.64544457001283,7,7.0,9963
72.64626616332185,6,4.0,10271
72.64754492267267,7,10.0,10203
72.64958907250666,1,1.0,10276
72.64976065308818,11,26.0,10076
72.65468612833108,16,23.0,9856
72.65593898008784,1,8.0,10277
72.66141327722409,13,1.0,-12932
72.66390343066709,1,8.0,10278
72.66578560683959,17,1.0,-12716
72.66811362521207,16,7.0,8127
72.66863153156896,1,4.0,10279
72.67183275157768,11,7.0,10019
72.67551294775623,10,2.0,10138
72.67708664985162,15,2.0,-12832
72.67862307198878,1,4.0,10280
72.68035013317402,10,5.0,10241
72.6891793111411,11,2.0,9970
72.68950940579514,7,1.0,10097
72.6897616610285,1,3.0,10281
72.69076507465053,5,3.0,0
72.69215679269684,7,10.0,9727
72.6925213694172,5,10.0,0
72.69536793375751,5,1.0,0
72.69595502837188,16,4.0,8851
72.69718053185426,4,6.0,10282
72.70007286025324,5,2.0,0
72.70081062202289,11,8.0,9929
72.70480163236334,16,4.0,9117
72.71172514657285,3,23.0,10283
72.71807616330857,5,10.0,0
72.72070959368969,15,1.0,-12812
72.72138468900451,16,3.0,6970
72.72150053400209,7,5.0,10051
72.72161894781017,5,4.0,0
72.73070862344176,5,2.0,0
72.73154642384384,1,1.0,10284
72.73219396777134,15,2.0,-12815
72.73717085421538,1,1.0,10285
72.73952553039801,12,9.0,10183
72.74457216956735,10,4.0,10212
72.74489519980108,16,11.0,8928
72.7486438113832,1,8.0,10286
72.75890255980978,7,7.0,9981
72.76021539588214,1,4.0,10287
72.76122623845976,7,2.0,10114
72.76538285557123,10,6.0,10263
72.77079612547493,7,3.0,9968
72.77529011408774,10,1.0,10080
72.7755304608991,10,10.0,10160
72.77683656047782,7,2.0,10050
72.77788064722513,5,3.0,0
72.78367722134536,17,2.0,-3099
72.7851548579185,1,7.0,10288
72.78642222498985,1,3.0,10289
72.79347520222616,11,59.0,10037
72.79433446946705,1,3.0,10290
72.80653324968654,11,3.0,10077
72.81491694972378,13,2.0,-12914
72.81780062840849,17,2.0,-11814
72.82661586804056,6,3.0,10290
72.82991373770473,4,1.0,10291
72.83195080210915,16,10.0,8955
72.83308210012328,10,31.0,10261
72.83341712449199,7,16.0,10098
72.83355463364822,7,5.0,9965
72.83526559590409,5,1.0,0
72.83544976557042,11,14.0,10087
72.83587021973622,11,5.0,9738
72.8372759140315,6,7.0,10193
72.84080939219743,11,24.0,10182
72.84211076012609,15,1.0,-12826
72.8458844976343,6,3.0,10161
72.84715283469559,5,2.0,0
72.85030820407121,10,12.0,10255
72.85375871683078,5,3.0,0
72.8545901869438,11,8.0,10047
72.85482361205307,113,33.0,-12931
72.85772419088352,7,32.0,10055
72.86010399271612,1,2.0,10292
72.86095582923025,17,17.0,-12844
72.8624087304537,7,7.0,10094
72.86458981820697,1,2.0,10293
72.86479954840082,17,15.0,-12763
72.86978479833635,6,5.0,10224
72.87101529168584,1,8.0,10294
72.87678580941144,5,1.0,0
72.880642339393,1,3.0,10295
72.88397430539064,7,4.0,10173
72.8848894276707,11,52.0,10070
72.89232687009876,3,33.0,10296
72.89836238824176,7,4.0,10126
72.90049386569211,10,33.0,10296
72.9051107958364,17,1.0,-10941
72.9089472608446,4,8.0,10297
72.90932813324252,10,3.0,10192
72.91097781026905,13,2.0,-12911
72.9155173507889,1,2.0,10298
72.91922782047949,15,1.0,-12820
72.91922782047949,17,1.0,-12820
72.92246855901826,1,4.0,10299
72.92502606202602,5,2.0,0
72.92695803876822,7,5.0,10120
72.93753497402729,16,2.0,303
72.94665542295158,5,3.0,0
72.94721177499008,11,6.0,10134
72.94732013713693,17,6.0,-6661
72.94980009751414,16,4.0,9285
72.95069268330397,7,1.0,10145
72.95072349223469,6,7.0,10288
72.9508555702696,13,1.0,-12922
72.9508555702696,17,1.0,-12922
72.9552473147099,4,6.0,10300
72.96391939439035,7,1.0,10244
72.96597922903118,13,2.0,-12930
72.96597922903118,17,2.0,-12930
72.9662607180235,11,49.0,10140
72.96985557948423,11,2.0,9862
72.97075347596802,6,2.0,10298
72.97214976978816,5,10.0,0
72.97324619180435,5,6.0,0
72.9770320403538,1,5.0,10301
72.97815613306058,11,13.0,9882
72.97868259254659,14,2.0,-12919
72.98278859191232,15,3.0,-12818
72.98810096061038,10,6.0,10300
72.99815360618756,11,17.0,9696
72.99963198795685,11,6.0,9836
72.99971397323031,11,1.0,10116
72.99986210473763,10,4.0,10253
73.00213282613561,1,2.0,10302
73.00383247644015,16,11.0,4602
73.005364662153,10,5.0,10216
73.01036679009617,5,9.0,0
73.0105896411987,1,9.0,10303
73.02044277867364,7,2.0,10118
73.02840546631184,6,15.0,10258
73.02896971802599,16,4.0,8995
73.02906623164172,13,1.0,-12953
73.03228245383528,17,1.0,-9650
73.03592209734856,16,3.0,8393
73.03715945331614,7,2.0,9974
73.04079017456402,3,3.0,10304
73.0439135641871,11,17.0,10154
73.04786992099442,6,4.0,10190
73.04947697767672,1,6.0,10305
73.04952448682269,8,4.0,10266
73.0500613658959,6,2.0,10257
73.05720293014515,9,31.0,10010
73.05782421433166,16,2.0,8990
73.05905706548393,13,2.0,-12934
73.0616533565438,1,2.0,10306
73.06674183781335,15,5.0,-12839
73.06727637342168,6,3.0,10289
73.0682743253181,7,7.0,9943
73.06856521743771,14,3.0,-12950
73.06860357919905,11,11.0,10210
73.07328884982982,6,4.0,10287
73.07612519841018,16,5.0,8216
73.08321326621942,4,15.0,10307
73.08649432594963,16,9.0,9392
73.08836374097677,6,8.0,10278
73.08968929593303,10,2.0,10270
73.09506260615186,7,2.0,10052
73.09798876001949,10,19.0,9854
73.10136473950676,15,2.0,-12843
73.10615564850994,7,2.0,10030
73.1113360622202,5,3.0,0
73.11414683708958,16,3.0,8822
73.11775946281361,1,4.0,10308
73.11911232586225,16,3.0,8941
73.12390207341619,5,6.0,0
73.12590072360402,11,2.0,10066
73.12620900035515,10,33.0,10149
73.14018135702298,7,6.0,10217
73.14490349468133,4,14.0,10309
73.14523684690529,1,3.0,10310
73.14558025819065,15,1.0,-12834
73.14565283775812,5,1.0,0
73.14774489171592,5,5.0,0
73.15291291856016,11,11.0,10044
73.15782415093831,14,15.0,-12933
73.16101470510664,16,5.0,9170
73.16729038136619,1,8.0,10311
73.1697969353698,14,15.0,-12951
73.1709918635531,6,8.0,10228
73.17207896763458,10,8.0,10297
73.17212299217512,3,8.0,10312
73.17218150025859,6,4.0,10218
73.17328876984158,7,2.0,9942
73.17708628390739,6,6.0,10226
73.17856785398118,6,2.0,10306
73.17972402698437,3,33.0,10313
73.18063202064205,6,1.0,9989
73.18503131975224,11,4.0,10158
73.18712466650408,6,9.0,10303
73.18812402625653,10,50.0,10250
73.19583485397975,15,1.0,-12849
73.19788098599085,5,1.0,0
73.2022480777158,4,3.0,10314
73.20641627458986,7,1.0,10207
73.20660007656546,4,3.0,10315
73.20981991567076,7,3.0,9918
73.21275287972846,5,4.0,0
73.2129529908958,14,2.0,-12944
73.21300366312869,5,3.0,0
73.21306306011564,7,2.0,10091
73.21342674112617,1,1.0,10316
73.21881673176873,6,2.0,10292
73.21887875839994,7,1.0,10106
73.22590748400867,7,3.0,10082
73.23639001612412,10,3.0,10304
73.24312207114167,10,6.0,10282
73.24394173221185,14,6.0,-12954
73.25140633895256,1,1.0,10317
73.2545089017104,5,5.0,0
73.25648720930545,3,16.0,10318
73.2565121904492,6,2.0,10302
73.25794528206153,7,7.0,10137
73.25855025733505,6,6.0,10267
73.25883891984563,15,4.0,-12835
73.2670524800427,6,3.0,10281
73.2697914732066,11,7.0,10165
73.27194744471817,16,52.0,51
73.27219784718065,17,2.0,-8735
73.27930482097544,6,1.0,10276
73.28063317006858,7,2.0,10131
73.28080211634834,13,1.0,-12935
73.28081076073464,1,4.0,10319
73.28117238335791,6,2.0,10213
73.28461085370807,7,2.0,10129
73.28599648458083,1,8.0,10320
73.28643607590053,10,3.0,10314
73.28974670343884,1,2.0,10321
73.29319261971163,1,1.0,10322
73.29625521145891,3,46.0,10323
73.2971227307628,16,45.0,8270
73.30102178372361,6,2.0,10321
73.3015842374373,5,3.0,0
73.30592235575027,4,6.0,10324
73.31835751888664,10,12.0,10164
73.31987840401025,5,2.0,0
73.31998473745826,10,10.0,10269
73.32105648679548,13,1.0,-12952
73.32193416625053,6,4.0,10195
73.32468786362051,11,39.0,9991
73.32835168032695,7,10.0,10048
73.32868483099497,10,3.0,10315
73.33330724658609,7,12.0,10231
73.33434452611004,6,1.0,10285
73.34002166508171,1,6.0,10325
73.34479722381872,6,2.0,10139
73.34664055432873,13,1.0,-12948
73.34911968375486,11,4.0,10053
73.35536009716205,10,1.0,10103
73.35870418394379,5,2.0,0
73.35880544732598,4,1.0,10326
73.364645415548,1,3.0,10327
73.37567919952885,3,53.0,10328
73.38275705920184,10,5.0,10201
73.38639397712836,9,10.0,10222
73.3874281237268,16,23.0,8292
73.38781195351972,14,1.0,-12937
73.3884262162397,3,14.0,10329
73.38849916395603,16,6.0,8826
73.3932591043972,7,3.0,9966
73.39362955430026,6,1.0,10284
73.4003749854326,5,7.0,0
73.40107696007087,15,1.0,-12858
73.40107696007087,17,1.0,-12858
73.40387317952077,11,10.0,10176
73.40734281745324,7,6.0,10007
73.41099033528111,1,3.0,10330
73.41114085868907,11,4.0,10238
73.4187715946124,1,5.0,10331
73.41917997116835,1,3.0,10332
73.41928087960508,15,2.0,-12852
73.42195776686269,1,1.0,10333
73.4298245749894,5,4.0,0
73.43141236971611,11,4.0,10128
73.43609573748789,1,2.0,10334
73.44294960406602,11,5.0,10241
73.4434603251305,6,2.0,10334
73.44372277273777,1,1.0,10335
73.44416653045462,17,1.0,-12703
73.44778879799806,11,7.0,10143
73.44841179873924,6,1.0,10322
73.44849794237122,6,6.0,10325
73.45154664688287,15,15.0,-12854
73.4550379317031,6,4.0,10299
73.45947952929559,8,4.0,10147
73.46100881646217,11,35.0,9895
73.46359886664354,1,9.0,10336
73.46849196872614,14,1.0,-12939
73.46852411333697,13,5.0,-12938
73.4687916323743,11,3.0,9709
73.47161041772024,13,2.0,-12936
73.47480576860433,16,47.0,453
73.47626169447402,10,57.0,10254
73.48290307898249,13,6.0,-12945
73.48290307898249,17,6.0,-12945
73.4955837127855,10,1.0,10291
73.5028950096029,17,3.0,-10803
73.50422319818767,13,1.0,-12946
73.50487291769576,3,7.0,10337
73.50614175740843,16,7.0,5905
73.50682293806916,11,3.0,9772
73.51270593283434,11,8.0,10187
73.51436711954103,1,4.0,10338
73.51524424455043,5,1.0,0
73.52192957525645,7,29.0,10124
73.52285628661684,10,8.0,10096
73.52878172719413,10,33.0,10313
73.52982462719648,13,5.0,-12947
73.52982462719648,17,5.0,-12947
73.53294519619723,6,8.0,10294
73.53888074494662,6,3.0,10327
73.53994924034714,6,3.0,10295
73.5435642644758,15,51.0,-12841
73.55855015772188,7,7.0,10121
73.55884224551016,5,3.0,0
73.55982281111318,17,1.0,-4584
73.56263443370902,6,5.0,10331
73.56762683532844,17,1.0,-12885
73.57212392018074,11,22.0,9971
73.57481308843438,11,3.0,10093
73.57589251793553,16,31.0,3478
73.57967986249177,6,2.0,10275
73.5805149814277,5,1.0,0
73.58279317597706,16,46.0,9277
73.58411611283762,10,6.0,10189
73.58606774805303,1,2.0,10339
73.58620671603691,11,18.0,10235
73.58753033483856,7,1.0,10127
73.58962380348426,9,4.0,10266
73.59153924189154,1,2.0,10340
73.59666632046981,11,6.0,10162
73.60088329570708,16,1.0,9712
73.6033942319622,16,26.0,7970
73.60469876451963,7,18.0,10141
73.60634929568145,13,2.0,-12940
73.60634929568145,17,2.0,-12940
73.60847602737292,16,5.0,8804
73.60916554670818,17,1.0,-9648
73.61359162494313,7,3.0,9912
73.61688551269323,11,6.0,10263
73.61782572442745,10,14.0,10329
73.62185441775355,11,2.0,10022
73.62264338959667,7,3.0,10186
73.6258588727986,1,2.0,10341
73.6286350225522,10,15.0,10307
73.63708710125084,14,1.0,-12949
73.63708710125084,17,1.0,-12949
73.64531118291224,1,4.0,10342
73.64702894194224,6,6.0,10305
73.6480679955506,1,4.0,10343
73.6501215648518,6,2.0,10339
73.65117827365036,1,13.0,10344
73.6553085402784,11,5.0,10216
73.66380432220956,16,24.0,9246
73.6671940735368,1,2.0,10345
73.67721182192695,5,1.0,0
73.6851290595306,16,56.0,8585
73.6854890816309,7,4.0,10208
73.6855959924767,7,2.0,10194
73.69074433013066,4,13.0,10346
73.69590356150198,12,10.0,10160
73.69610314677135,6,5.0,10301
73.69988910241408,6,8.0,10311
73.70069827497367,7,3.0,10214
73.70571626504969,11,12.0,10164
73.70595371924958,7,8.0,10089
73.71676261494203,6,3.0,10332
73.71861529813751,16,4.0,8743
73.73317208877157,10,53.0,10328
73.73566064806727,10,1.0,10326
73.74656096878138,15,14.0,-12851
73.74748027155292,16,45.0,8786
73.74815619762585,17,2.0,-6403
73.74874312357932,16,1.0,8515
73.75175166674946,6,2.0,10211
73.75188821151686,6,1.0,10264
73.75545149277261,5,1.0,0
73.7605033666248,1,8.0,10347
73.76056746760902,13,1.0,-12955
73.76056746760902,17,1.0,-12955
73.76350870445272,16,6.0,9849
73.76615456936455,6,9.0,10336
73.76770435218734,7,3.0,10088
73.77077941192745,7,8.0,10041
73.77124396387973,1,4.0,10348
73.77372047203409,15,3.0,-12850
73.77635106110084,1,5.0,10349
73.7771981725115,17,1.0,-12664
73.77826918951494,10,13.0,10346
73.77993472935815,7,4.0,10206
73.78148768029847,9,4.0,10147
73.78506086174278,14,3.0,-12943
73.78506086174278,17,3.0,-12943
73.78588576593972,7,4.0,10085
73.79494508371447,5,4.0,0
73.79643396491345,1,13.0,10350
73.8002403135883,1,1.0,10351
73.80104897148857,16,1.0,6486
73.80433817922783,5,5.0,0
73.80564792851091,11,19.0,9854
73.80587451751857,5,2.0,0
73.80864449923835,7,3.0,10219
73.80969856107333,12,21.0,10234
73.81282386894398,11,5.0,10024
73.81344677576227,5,3.0,0
73.82168873464003,4,2.0,10352
73.82403702911655,10,25.0,10179
73.82416055757,11,50.0,10250
73.82743381015145,1,3.0,10353
73.84013254554723,7,8.0,10265
73.84036132307034,15,2.0,-12848
73.84823235415799,1,1.0,10354
73.85690239931078,15,5.0,-12863
73.8576044827639,8,2.0,10302
73.8617666930362,7,6.0,10101
73.86342197179832,16,1.0,9602
73.86788928016504,8,8.0,10278
73.87044824867334,7,3.0,10196
73.87642937435632,5,3.0,0
73.87704281005476,17,2.0,-12742
73.88021746489552,7,8.0,10099
73.88789858923874,9,21.0,10234
73.89483162925767,6,13.0,10350
73.895128246664,10,3.0,10232
73.90619167637588,1,4.0,10355
73.912027838667,10,5.0,10247
73.92271597132056,6,3.0,10330
73.92373476730765,16,2.0,8359
73.92408991724766,17,3.0,-12676
73.92560257328846,15,2.0,-12857
73.92676444924217,7,5.0,10108
73.92740707833438,11,1.0,10227
73.93372522343802,7,2.0,10092
73.93719607659652,4,11.0,10356
73.93808486725855,12,6.0,10282
73.93966007677633,1,2.0,10357
73.94187932169666,7,4.0,10172
73.94279697161916,7,6.0,10226
73.94294890494626,10,60.0,10251
73.944914155863,1,3.0,10358
73.94816297802689,4,1.0,10359
73.95114607333696,7,6.0,10135
73.95809701041671,10,14.0,10309
73.96033946078168,5,1.0,0
73.96090690428461,15,3.0,-12838
73.96182926375046,6,4.0,10348
73.97010524365115,17,1.0,-12880
73.97264151827729,14,4.0,-12942
73.97264151827729,17,4.0,-12942
73.97362574408848,5,1.0,0
73.97915621919795,6,1.0,10335
73.98770095434466,6,4.0,10279
73.98854578992947,7,1.0,10174
73.99042929140872,17,3.0,-12648
73.99359243659818,6,1.0,10351
73.99434298094761,11,6.0,10169
73.99907605796086,14,2.0,-12941
74.00037401096739,3,10.0,10360
74.00689478487004,1,2.0,10361
74.01367118621641,6,1.0,10333
74.01614042159724,11,3.0,10025
74.01639780906797,18,,0
74.01644882714271,101,16.0,10362
74.02716672856172,7,8.0,10205
74.02891731804412,7,8.0,10262
74.03011006539057,7,2.0,10079
74.03247159144067,10,19.0,10248
74.03328540085343,9,9.0,10183
74.03410528020571,11,8.0,10096
74.04005477718167,6,4.0,10236
74.04284179976224,13,2.0,-12963
74.04318403305776,1,2.0,10363
74.04921771277577,16,3.0,9278
74.04988291959233,16,59.0,9228
74.05330598285731,5,1.0,0
74.05388414419834,16,10.0,6582
74.06327423464631,3,56.0,10364
74.06366065128663,4,2.0,10365
74.06890641638337,11,40.0,10163
74.07062903215359,11,31.0,10215
74.07281494987434,11,2.0,10181
74.08070783039824,14,4.0,-12961
74.09598752789205,11,5.0,10188
74.0975583254377,1,3.0,10366
74.09834895860217,13,2.0,-12972
74.10094546537071,11,8.0,10297
74.10507937329814,1,2.0,10367
74.1065885305233,11,10.0,10269
74.11297908045195,3,45.0,10368
74.11396179793616,15,2.0,-12868
74.11741164908923,7,5.0,10060
74.11875130790312,14,7.0,-12965
74.12246058965944,11,3.0,9928
74.12464113022934,7,1.0,10115
74.12718884779196,10,4.0,10150
74.135586315978,17,2.0,-2833
74.13663917354253,7,2.0,10123
74.13684978616115,10,2.0,10352
74.13715209758132,11,8.0,10020
74.13715209758132,16,8.0,10020
74.14008307833397,15,1.0,-12866
74.14405534970393,6,5.0,10349
74.14694734985405,15,4.0,-12882
74.14841914381475,13,1.0,-12960
74.15538463073818,16,1.0,9464
74.16168939203621,4,15.0,10369
74.16215742376882,6,1.0,10168
74.16406414639408,9,6.0,10282
74.16578268444295,7,1.0,10167
74.16592193294798,14,3.0,-12971
74.16704140025209,1,2.0,10370
74.16829192682576,1,1.0,10371
74.16846816786796,4,44.0,10372
74.17370728844904,7,9.0,10336
74.17473727394925,7,2.0,10257
74.1790124750932,10,58.0,10273
74.17961188424123,16,1.0,8741
74.1807880036686,5,3.0,0
74.1815766162707,15,2.0,-12884
74.19063489981967,7,3.0,10062
74.19146128563494,14,1.0,-12964
74.1940559846247,9,3.0,9976
74.19531542539895,14,5.0,-12957
74.19744239615223,6,2.0,10363
74.20128355358271,5,4.0,0
74.20254627408383,16,8.0,1820
74.21238301327409,15,1.0,-12864
74.21238301327409,17,1.0,-12864
74.22360512478143,7,6.0,10184
74.22387190009903,10,45.0,10368
74.22468130126308,1,13.0,10373
74.22617829910236,13,1.0,-12962
74.2265828914834,6,2.0,10367
74.22913573626992,5,6.0,0
74.23164040284105,7,3.0,10199
74.23325791969098,6,2.0,10345
74.2338177546473,16,9.0,8273
74.2466241518581,5,8.0,0
74.2504382144476,4,3.0,10374
74.25054537509877,7,8.0,10237
74.25054537509877,16,8.0,10237
74.25149219009067,16,44.0,8367
74.25152335744815,6,3.0,10358
74.25236700881482,113,35.0,-12959
74.25962801499092,6,36.0,10225
74.26063533497374,6,1.0,10316
74.26714941341763,1,5.0,10375
74.27356264486893,11,15.0,10177
74.28061153199977,6,4.0,10308
74.28612808770116,5,6.0,0
74.2919897954051,3,53.0,10376
74.30483286341507,7,1.0,10276
74.31543322023136,14,1.0,-12956
74.31704769337026,6,2.0,10340
74.31993372189535,5,2.0,0
74.32053455629381,10,4.0,10034
74.32098786367585,11,1.0,9980
74.32195133496246,16,23.0,1240
74.32255865683462,1,16.0,10377
74.32391668492944,16,7.0,9633
74.33312123016746,8,16.0,10362
74.34056644004141,17,26.0,-883
74.34149352845485,5,2.0,0
74.34250003382641,17,6.0,-12514
74.34371513432866,11,15.0,10307
74.34480060569378,6,4.0,10280
74.34513673129246,16,7.0,8261
74.34793984002376,5,2.0,0
74.35016231725247,10,7.0,10202
74.35226784897469,10,44.0,10372
74.35617887077255,10,46.0,10268
74.36060941949856,11,6.0,10243
74.3607683940806,10,7.0,10337
74.36316142950147,15,9.0,-12874
74.36688287784155,6,1.0,10317
74.36803180312737,10,6.0,10324
74.37072460018354,4,3.0,10378
74.37955495437406,16,2.0,9425
74.38030425443118,4,2.0,10379
74.38526732995949,7,4.0,10242
74.38869218431502,6,2.0,10370
74.3890219184579,1,3.0,10380
74.39373306222213,5,1.0,0
74.3951416411655,7,1.0,10285
74.4016588656765,4,1.0,10381
74.40483494564803,1,4.0,10382
74.40817941413074,4,3.0,10383
74.42057958890918,11,33.0,10313
74.423344001835,16,2.0,8344
74.42395494407016,5,11.0,0
74.44024712794342,1,2.0,10384
74.4488865008605,5,10.0,0
74.44976467818928,14,4.0,-12970
74.4529069164364,5,2.0,0
74.45802903546269,7,3.0,10148
74.4600138652476,6,4.0,10382
74.46205311374507,7,6.0,10175
74.46262402738834,7,6.0,10305
74.4634119760737,10,8.0,10256
74.4654521613484,10,15.0,10369
74.46998172303849,10,56.0,10364
74.47113034284939,7,3.0,10166
74.47241361076524,16,4.0,9024
74.47449671935993,16,2.0,3179
74.47889440912617,10,1.0,10239
74.4828588044805,10,23.0,10283
74.4900157471398,7,8.0,10228
74.49201868684911,4,1.0,10385
74.50051897736878,7,1.0,10197
74.50217554168209,7,4.0,10221
74.5052385868759,13,1.0,-12967
74.51639763112118,6,2.0,10260
74.51697018994018,6,4.0,10220
74.51912936433207,5,2.0,0
74.53675787925326,7,15.0,10258
74.53850267689343,7,3.0,10295
74.5388376839701,1,1.0,10386
74.54091676077867,10,1.0,10359
74.54171197956865,11,2.0,10073
74.54174129883971,17,1.0,-11372
74.55989309361988,1,7.0,10387
74.5604081901346,4,17.0,10388
74.56462967923112,3,32.0,10389
74.56483375302125,11,5.0,10198
74.57010837114527,5,2.0,0
74.57286218390497,6,13.0,10344
74.58052409775988,1,2.0,10390
74.5923317784819,11,12.0,10171
74.59368005861751,17,20.0,-10220
74.59851760848613,6,2.0,10390
74.60190415626847,6,7.0,10387
74.6040160116355,11,19.0,9983
74.61200534751097,16,3.0,3362
74.61259573969399,4,32.0,10391
74.61283592689571,4,3.0,10392
74.62191838730656,11,1.0,10103
74.62526394300329,7,3.0,10290
74.63398977500373,17,1.0,-11870
74.63978832859985,17,2.0,-11100
74.64969298894684,6,16.0,10377
74.67394280426463,17,2.0,-12110
74.67874545650936,11,33.0,10296
74.68300714891946,6,1.0,10386
74.69707765433948,15,3.0,-12877
74.70101215415205,5,1.0,0
74.70982391676552,10,1.0,10381
74.71190521011005,16,6.0,8462
74.71580699291663,1,1.0,10393
74.7205706358233,17,2.0,-8775
74.7384400830191,3,3.0,10394
74.73955541404261,17,1.0,-8308
74.74029292059946,14,1.0,-12968
74.74476777390709,16,1.0,8505
74.74657500612136,11,2.0,10138
74.74799994613366,1,1.0,10395
74.7480748158276,5,1.0,0
74.74935548062042,4,24.0,10396
74.75157662697517,4,1.0,10397
74.75340544110725,16,15.0,8640
74.75425462764403,16,8.0,9539
74.76057721512765,1,8.0,10398
74.76107951276221,17,2.0,-12705
74.76269052215699,7,2.0,10003
74.76936478286638,10,16.0,10318
74.76965438366416,14,8.0,-12958
74.77197721910487,7,8.0,10311
74.77442295530186,11,1.0,10291
74.77601299898991,7,2.0,10042
74.77762313414512,10,3.0,10374
74.77786731756265,5,1.0,0
74.782680931673,1,4.0,10399
74.78358947965656,7,2.0,10298
74.78472372683598,7,4.0,10218
74.7862370087153,1,7.0,10400
74.78692833060602,15,1.0,-12869
74.78839830482102,11,52.0,10105
74.79117693995417,4,6.0,10401
74.7930053700105,6,2.0,10357
74.7999458177642,10,54.0,10272
74.80552341947715,8,1.0,10333
74.8074544285223,6,4.0,10355
74.82729892003854,15,3.0,-12883
74.83006966477403,7,9.0,10303
74.83325508585946,1,1.0,10402
74.83921688675018,16,7.0,9795
74.84369506916624,5,1.0,0
74.84701042598797,11,4.0,10209
74.84701042598797,16,4.0,10209
74.84920880363902,6,2.0,10361
74.84944103517758,10,6.0,10401
74.86096566459514,7,5.0,10245
74.8616843360597,11,3.0,10315
74.86530153455968,6,4.0,10342
74.86656480511857,16,2.0,8870
74.87045646565832,16,9.0,9016
74.87130748165409,11,31.0,10261
74.87152731787847,17,8.0,-12867
74.87564415828568,5,1.0,0
74.87625910622472,1,1.0,10403
74.87976811431979,15,4.0,-12876
74.8806972946551,1,2.0,10404
74.88272784377885,6,1.0,10402
74.88334415911447,7,2.0,10275
74.88504118431013,4,30.0,10405
74.88545243206865,7,2.0,9631
74.88746136886357,11,25.0,10179
74.88905742175375,1,4.0,10406
74.89687137187039,6,5.0,10200
74.89817013049115,3,2.0,10407
74.8993967736213,1,11.0,10408
74.89951112383716,1,3.0,10409
74.89967217309129,13,1.0,-12966
74.89967217309129,17,1.0,-12966
74.90014659866956,11,1.0,10080
74.90443975691778,15,55.0,-12865
74.90454061450876,5,2.0,0
74.90850543627819,5,4.0,0
74.91101321031624,11,5.0,10112
74.91270591415649,11,51.0,10252
74.91420476305771,7,3.0,10161
74.91510033359549,1,4.0,10410
74.9217024066381,11,4.0,10150
74.92649898343507,1,3.0,10411
74.93001790781892,6,4.0,10338
74.93336008169578,1,9.0,10412
74.94164094612219,16,3.0,9134
74.94628948086813,5,3.0,0
74.94969258852339,10,2.0,10379
74.95114607333696,16,6.0,10135
74.95484497504447,7,5.0,10204
74.95856406357288,6,4.0,10399
74.95909378710944,9,2.0,10302
74.96061404550868,6,1.0,10403
74.96626686331946,13,1.0,-12969
74.96892357889556,11,7.0,10039
74.96939868156424,3,15.0,10413
74.97070213341459,4,3.0,10414
74.97162976897711,10,2.0,10365
74.97324644671829,1,1.0,10415
74.97516832820796,6,4.0,10343
74.97712918915676,17,2.0,-8338
74.98263187304784,7,1.0,10109
74.9829784432059,12,5.0,10247
74.98733920268938,16,2.0,4229
74.98764173196277,7,2.0,10321
74.99354241608603,5,3.0,0
75.0033647577931,16,4.0,7961
75.0050107603458,14,2.0,-12973
75.00524855742111,16,1.0,8212
75.01076371583385,11,1.0,10326
75.0132319541324,6,1.0,10395
75.02047751651253,6,3.0,10310
75.02780823254469,6,2.0,10293
75.02975358873233,5,1.0,0
75.03146223414373,13,1.0,-12986
75.03291719910756,11,3.0,10074
75.03524743732467,11,6.0,10189
75.03524743732467,16,6.0,10189
75.03557185280205,6,3.0,10353
75.04007964935289,1,6.0,10416
75.04484012656819,7,1.0,10316
75.04926755298195,6,4.0,10153
75.05113586541482,6,1.0,10415
75.05418857725537,10,24.0,10396
75.05464586074642,1,2.0,10417
75.05645464283532,11,4.0,10212
75.05987183826032,1,2.0,10418
75.06215937321006,5,1.0,0
75.06354449907104,16,6.0,8264
75.06501429969995,1,1.0,10419
75.07259574086977,6,5.0,10230
75.07878625616326,7,2.0,10363
75.07928955262176,7,2.0,10185
75.08098597098225,5,2.0,0
75.08903089462645,11,19.0,10248
75.10946023012788,4,5.0,10420
75.12074607671735,6,8.0,10347
75.12454337939587,13,3.0,-12989
75.12565219053567,5,2.0,0
75.12885256873794,4,4.0,10421
75.13308266431389,15,2.0,-12901
75.13435781714165,5,5.0,0
75.1393951227818,6,6.0,10416
75.14075974470349,5,5.0,0
75.14140116663454,1,1.0,10422
75.14325827910639,5,4.0,0
75.14381864065122,6,2.0,10417
75.15310643208457,15,1.0,-12903
75.15311492581013,7,4.0,10287
75.15311492581013,16,4.0,10287
75.15330379545823,5,5.0,0
75.15377488271469,5,2.0,0
75.15732568179503,11,57.0,10254
75.16153978719865,11,5.0,10113
75.16277630044033,15,4.0,-12905
75.16418402510017,4,11.0,10423
75.16664413626077,17,5.0,-12614
75.16858285580638,11,12.0,10255
75.1690437037825,5,1.0,0
75.17601908510272,7,1.0,10351
75.17981435371219,1,4.0,10424
75.18532094954598,11,44.0,10372
75.186283200611,13,1.0,-12987
75.19568419718448,5,1.0,0
75.19580709413734,6,1.0,10393
75.20173097553365,5,3.0,0
75.20346066215201,7,6.0,10249
75.20691515774436,7,6.0,10152
75.2092015768069,3,4.0,10425
75.21537925465145,6,2.0,10170
75.21747909627089,6,8.0,10320
75.218710275767,3,42.0,10426
75.2340139980869,4,2.0,10427
75.2342860169498,11,9.0,10159
75.23552580605322,11,33.0,10149
75.23589567586163,5,1.0,0
75.240825788353,17,5.0,-12783
75.24523710735748,16,39.0,9188
75.24628941166277,15,3.0,-12891
75.25891135957717,5,3.0,0
75.26871043520546,7,3.0,10119
75.27381762452485,14,2.0,-12980
75.28129371735783,7,2.0,10139
75.28193077633763,1,5.0,10428
75.28535885298186,5,5.0,0
75.28624705726224,17,3.0,-12535
75.2873443562928,1,1.0,10429
75.28985083540385,5,1.0,0
75.29052651361886,16,9.0,8905
75.29065104177998,11,4.0,10253
75.29553434244025,11,13.0,10346
75.30003315079325,7,36.0,10225
75.30104806985395,1,10.0,10430
75.30214263867799,16,3.0,4016
75.30313308277367,11,5.0,10240
75.30606568094433,6,11.0,10408
75.30974418023857,17,5.0,-12719
75.31074993517167,1,1.0,10431
75.31324949193333,6,2.0,10404
75.31422341230365,16,4.0,9202
75.31596605295168,7,4.0,10190
75.31961891457631,10,46.0,10323
75.3293984764443,13,1.0,-12982
75.33313753211921,5,7.0,0
75.33374100674452,5,5.0,0
75.33610237073849,14,11.0,-12979
75.33657779030365,9,18.0,9937
75.3382353022558,1,7.0,10432
75.34322957203976,5,3.0,0
75.35759585667005,6,2.0,10274
75.35939465362657,6,5.0,10375
75.36240151724459,16,1.0,8377
75.36277453882025,1,3.0,10433
75.36519429713061,15,2.0,-12904
75.36606844663396,3,12.0,10434
75.37300432188133,5,12.0,0
75.37863969963342,7,6.0,10325
75.37953417895709,11,14.0,10329
75.38273841799386,3,56.0,10435
75.38509632817077,11,6.0,10300
75.38523317191262,5,3.0,0
75.39143990140671,1,2.0,10436
75.40213345330335,7,5.0,10331
75.40449359374024,10,3.0,10392
75.40655212216505,17,1.0,-11399
75.40746765158784,6,4.0,10246
75.41432441952597,3,59.0,10437
75.41969432076877,6,10.0,10430
75.42428993091428,5,3.0,0
75.42488637846571,11,2.0,10270
75.4255876169522,5,3.0,0
75.43414959761044,5,2.0,0
75.44117062394042,10,3.0,10394
75.44159020360578,15,3.0,-12897
75.4423415457246,7,3.0,10281
75.44277837435405,6,3.0,10409
75.44996015977276,9,16.0,10362
75.45067098850929,11,53.0,10328
75.4593998308437,17,10.0,-1196
75.46108372719527,13,2.0,-12978
75.46388655800688,6,1.0,10354
75.4654682609444,14,1.0,-12975
75.4663383448394,8,5.0,10349
75.46839137274473,3,55.0,10438
75.46897672572733,1,2.0,10439
75.46926521954651,10,2.0,10407
75.47705471519048,3,9.0,10440
75.47729227068156,5,1.0,0
75.48222532560042,8,4.0,10195
75.49380971746564,7,3.0,10065
75.49446288308437,6,3.0,10259
75.49454556039615,15,10.0,-12902
75.49522031002074,16,48.0,9509
75.49638029972677,17,5.0,-12795
75.49930569324334,7,1.0,10322
75.50307310642567,5,10.0,0
75.50613663994923,13,2.0,-12981
75.50745064671877,14,3.0,-12988
75.51114512138719,17,1.0,-6819
75.5174303658761,13,4.0,-12983
75.51868887019477,7,5.0,10229
75.51994141350036,10,4.0,10425
75.52097930218125,7,3.0,10358
75.52429644195091,5,1.0,0
75.52723026085678,5,1.0,0
75.52826788673855,10,15.0,10413
75.5307050726043,15,1.0,-12908
75.53295826235001,6,1.0,10371
75.5357498520855,1,9.0,10441
75.54159221163728,5,3.0,0
75.54278763009209,7,4.0,10279
75.55066276401121,7,2.0,10306
75.55184277883738,11,35.0,10130
75.56013448374796,10,2.0,10427
75.56437910934876,10,11.0,10356
75.56694569377743,9,5.0,10247
75.57401329903715,6,2.0,10436
75.57548285710205,16,1.0,8970
75.57622881283075,17,2.0,-12860
75.58639671981071,7,1.0,10317
75.59226604804331,5,3.0,0
75.59250607662884,10,53.0,10376
75.59746398751724,7,4.0,10299
75.60482086226311,17,4.0,-9481
75.60553148516989,10,3.0,10414
75.60742283738261,11,15.0,10369
75.61396625884258,11,56.0,10364
75.61854959546997,6,7.0,10400
75.61907118163484,17,1.0,-10403
75.62292672462888,17,3.0,-12358
75.62413884853757,17,2.0,-6733
75.6287319409206,7,2.0,10339
75.62955668524495,3,7.0,10442
75.64191123400617,16,6.0,8797
75.64915164338169,11,7.0,10202
75.65194314168237,1,3.0,10443
75.65493663917144,5,10.0,0
75.65660111918079,8,2.0,10211
75.65837321302654,5,7.0,0
75.66259382626863,17,4.0,-12791
75.6731141077261,5,8.0,0
75.67554944895835,10,10.0,10223
75.68223540736668,16,1.0,8316
75.68950940579514,16,1.0,10097
75.69776784094404,1,8.0,10444
75.70053300211228,10,42.0,10426
75.70654617398925,4,9.0,10445
75.71799884738009,1,2.0,10446
75.72237036477262,10,32.0,10389
75.72279447251113,10,5.0,10420
75.72425547673699,10,3.0,10378
75.7307999744071,10,3.0,10383
75.73179302332206,6,8.0,10398
75.73219396777134,17,2.0,-12815
75.73270469413433,4,5.0,10447
75.73401357540693,16,1.0,9616
75.73588092362033,4,6.0,10448
75.74029292059946,17,1.0,-12968
75.74612586336218,11,11.0,10132
75.75429241286338,13,1.0,-12976
75.75440964740821,6,13.0,10373
75.75618953778917,4,17.0,10449
75.75789907603786,11,16.0,10318
75.75887830157741,15,3.0,-12890
75.75950722368407,3,16.0,10450
75.76011992587225,5,3.0,0
75.76268272238424,13,3.0,-12984
75.76876542035765,5,2.0,0
75.76960689932487,11,2.0,10379
75.77152388447355,1,9.0,10451
75.77304349267696,9,8.0,10278
75.77406712438105,7,1.0,10335
75.7748361024223,10,56.0,10435
75.77794859878526,15,2.0,-12894
75.77962755601699,7,13.0,10344
75.77971874374705,10,11.0,10423
75.78113745349165,13,1.0,-12977
75.78285979075565,5,1.0,0
75.78836300199741,10,17.0,10449
75.7959924013783,17,3.0,-9312
75.80213634487158,14,2.0,-12974
75.80958340776466,10,12.0,10434
75.81236071876556,7,4.0,10355
75.81632221896699,7,2.0,10260
75.81900053227736,6,4.0,10319
75.8274215651694,16,2.0,7986
75.82848007391193,5,10.0,0
75.84142299332406,1,3.0,10452
75.8462018480092,1,4.0,10453
75.8482958583541,10,17.0,10388
75.85075891740426,6,4.0,10406
75.85772419088352,16,32.0,10055
75.8644767736023,10,6.0,10448
75.86481767907097,1,4.0,10454
75.87917727228226,5,8.0,0
75.880661218928,7,2.0,10340
75.88266730701689,8,1.0,10371
75.88278963051793,7,7.0,10193
75.88954713669301,1,6.0,10455
75.89153483044224,4,12.0,10456
75.89182923811445,1,6.0,10457
75.89444927091616,16,2.0,7689
75.89978822453028,16,12.0,8221
75.90190447017592,5,8.0,0
75.9021478222614,6,1.0,10419
75.90272293842285,1,2.0,10458
75.90554941957579,7,4.0,10338
75.90641202289845,4,2.0,10459
75.91127713633863,4,2.0,10460
75.91204593316402,5,9.0,0
75.91240307256157,17,14.0,-8812
75.91254815586407,11,2.0,10352
75.91292368681646,15,1.0,-12893
75.91302099315489,4,3.0,10461
75.94504812106669,4,1.0,10462
75.94631470170724,5,1.0,0
75.9552381746452,16,2.0,9745
75.96063826818849,6,4.0,10454
75.96693039651258,4,29.0,10463
75.97592297401724,11,4.0,10043
75.97696942257997,6,2.0,10458
75.97778582273324,4,6.0,10464
75.97934993045544,16,5.0,4562
75.97981476286463,1,3.0,10465
75.98089026348616,6,3.0,10443
75.98377734345912,8,4.0,10382
75.98625503507587,7,4.0,10236
75.98711761021777,16,1.0,7955
75.98877715105611,14,1.0,-12985
75.99552960885966,5,2.0,0
76.00095176461826,11,3.0,10146
76.0029296284418,16,5.0,8417
76.00319732773619,5,3.0,0
76.00492684317882,15,2.0,-12915
76.00511481956998,5,1.0,0
76.00562698993787,7,4.0,10280
76.0064780340451,5,2.0,0
76.01018046477922,16,18.0,8860
76.01114194766306,16,3.0,9517
76.01351665435038,9,1.0,10333
76.01620212134189,4,14.0,10466
76.01803213693638,4,2.0,10467
76.02715016267365,4,7.0,10468
76.03804657525836,1,5.0,10469
76.04518154448783,18,,0
76.04533268774271,103,7.0,10470
76.0454891471859,5,5.0,0
76.05096381385474,5,2.0,0
76.0519579283235,7,1.0,10264
76.05355889257432,7,4.0,10220
76.06205431188862,11,46.0,10323
76.0624129619468,11,4.0,10034
76.0672057508492,6,7.0,10432
76.06845523518234,6,2.0,10439
76.0717481060905,6,1.0,10429
76.07636226413396,16,8.0,9481
76.07993621918327,10,4.0,10421
76.08437031074075,17,5.0,-12740
76.08527141686395,7,6.0,10267
76.10000846416145,16,4.0,8593
76.10168107539667,10,9.0,10445
76.10859387309058,11,3.0,10314
76.10951780152419,6,4.0,10410
76.11747633541694,7,2.0,10361
76.12311635022105,17,2.0,-3113
76.12333946521656,13,1.0,-13003
76.1236684190072,11,3.0,10374
76.12644152688134,5,1.0,0
76.12961518234992,11,7.0,10337
76.13954525570486,1,6.0,10471
76.14023997080233,7,1.0,10284
76.14471017119295,3,7.0,10472
76.14586205941855,7,1.0,10386
76.14917154217642,7,4.0,10122
76.1560756507452,16,1.0,4814
76.15626476579997,1,2.0,10473
76.15877887567848,6,3.0,10465
76.15962556847755,6,6.0,10457
76.16132351134387,4,12.0,10474
76.16370148294757,5,2.0,0
76.16673496190037,4,3.0,10475
76.16933210181317,1,2.0,10476
76.17407616707148,10,7.0,10472
76.17775363714175,17,3.0,-11867
76.17981968358087,5,10.0,0
76.18146434042067,1,3.0,10477
76.18725073870937,5,5.0,0
76.19784756533392,15,21.0,-12913
76.2041176654086,7,2.0,10292
76.20415232645338,13,48.0,-12994
76.20518674704522,7,5.0,10233
76.2103989032143,11,5.0,10201
76.22351332210008,17,1.0,-10337
76.22592163404259,14,3.0,-12995
76.23230624099497,1,2.0,10478
76.24709525198513,5,1.0,0
76.24811928758545,13,1.0,-12993
76.24934166901653,15,3.0,-12910
76.25518467680917,5,7.0,0
76.25538636045317,1,14.0,10479
76.25701814541219,11,3.0,10192
76.2705560171689,11,60.0,10251
76.27160799420474,4,1.0,10480
76.27172870573054,13,1.0,-12991
76.27913966717692,6,4.0,10453
76.28082879880358,6,2.0,10384
76.29417572589712,1,7.0,10481
76.2966660884991,6,3.0,10380
76.29697051557268,12,58.0,10273
76.29933504970617,5,1.0,0
76.29947278182016,15,1.0,-12912
76.30003315079325,16,36.0,10225
76.30575729259627,4,42.0,10482
76.31004537169457,7,2.0,10345
76.31263475407782,1,1.0,10483
76.31644134737348,7,5.0,10301
76.31942709338044,7,5.0,10200
76.32028937528274,5,2.0,0
76.32240540668089,5,2.0,0
76.32300810643456,16,3.0,8485
76.3244822332768,5,2.0,0
76.32912351567542,5,2.0,0
76.33160439570074,16,3.0,9424
76.3383422916962,14,2.0,-12999
76.34890915037954,6,9.0,10412
76.3543744074704,10,7.0,10468
76.35453168671881,5,2.0,0
76.35591251182974,7,6.0,10416
76.35890396647797,17,1.0,-4453
76.36244191945798,1,4.0,10484
76.36598727678279,7,2.0,10334
76.36848787869678,15,1.0,-12928
76.3819801857729,7,5.0,10224
76.38260933800906,14,5.0,-13005
76.38273660809976,7,2.0,10274
76.38648168151587,7,2.0,10370
76.39391889967172,4,1.0,10485
76.3955714345191,1,5.0,10486
76.39644454814358,10,32.0,10391
76.39659422642566,10,3.0,10461
76.40205493380343,6,4.0,10424
76.40876703711452,5,1.0,0
76.41621387544205,4,13.0,10487
76.42363508897415,12,7.0,10470
76.43059443035908,11,1.0,10359
76.4333641687424,16,7.0,8642
76.43452064051355,17,1.0,-12859
76.43934682160673,7,13.0,10350
76.44089065536923,16,20.0,9909
76.44262498163336,113,48.0,-12990
76.44565723986963,10,5.0,10447
76.44832662770442,9,10.0,10160
76.44853282584975,14,3.0,-12997
76.44876995416786,16,3.0,8250
76.45998425479569,10,12.0,10474
76.46000101459835,4,5.0,10488
76.46403505568173,13,1.0,-13006
76.46670924814975,6,2.0,10341
76.46796047573358,1,5.0,10489
76.46875721974267,11,6.0,10324
76.4729325116849,5,1.0,0
76.47946956060467,17,5.0,-12702
76.48606620447734,10,12.0,10456
76.48655361852195,7,2.0,10367
76.48723390329548,5,59.0,0
76.4888595947945,7,11.0,10408
76.50356120618902,5,3.0,0
76.50691363076358,1,3.0,10490
76.51181181872938,5,2.0,0
76.51515584399772,7,3.0,10289
76.51565832925554,14,3.0,-13001
76.52039557997063,10,1.0,10462
76.52082762646099,7,3.0,10332
76.52102663443767,6,2.0,10446
76.52438219764548,4,4.0,10491
76.52591993575385,16,33.0,7927
76.52966363104647,1,4.0,10492
76.53727118274973,5,2.0,0
76.54217932762528,7,2.0,10390
76.54517153898098,17,1.0,-12576
76.54578238975682,7,3.0,10330
76.54709432475428,10,13.0,10487
76.54873744931366,6,2.0,10473
76.549077308469,6,3.0,10490
76.54931428264342,7,1.0,10403
76.54960865752336,7,7.0,10288
76.54999259031294,1,40.0,10493
76.56138535124245,13,5.0,-13004
76.56412340433646,1,3.0,10494
76.57255680469859,10,2.0,10467
76.57283726403239,7,1.0,10168
76.5822153786374,7,6.0,10151
76.58656298906784,11,23.0,10283
76.58980719303227,16,2.0,8859
76.59310309196924,13,1.0,-12992
76.60576560943011,3,9.0,10495
76.61101470109575,5,1.0,0
76.61343726100878,17,1.0,-12597
76.61492020963821,6,2.0,10476
76.61508803161017,7,8.0,10347
76.61545618071843,11,14.0,10309
76.61580941959618,7,2.0,10213
76.61830344811126,7,1.0,10415
76.6230478631264,16,2.0,8692
76.62357062960679,4,16.0,10496
76.62898902509416,1,4.0,10497
76.63148637533595,17,1.0,-10465
76.6371693266085,6,14.0,10479
76.63851926824161,17,1.0,-5280
76.6411020401377,5,3.0,0
76.6524036545766,16,20.0,9167
76.65645123255726,1,10.0,10498
76.65874042821999,4,14.0,10499
76.67138817196944,6,6.0,10471
76.67497917284442,15,58.0,-12920
76.68142557559234,11,15.0,10413
76.68909324317926,15,7.0,-12929
76.69750224033449,5,1.0,0
76.69907879763407,15,6.0,-12924
76.70670059319147,1,2.0,10500
76.70778234303249,7,8.0,10320
76.71082989746552,10,16.0,10450
76.71093798212345,5,5.0,0
76.72332512700055,17,1.0,-9310
76.72497662759069,5,2.0,0
76.72869664645951,4,8.0,10501
76.73272782393018,7,1.0,9989
76.74071942993349,6,3.0,10366
76.75162341276604,15,1.0,-12925
76.75178272974159,14,4.0,-12996
76.75403291109104,10,4.0,10491
76.75429833765376,16,1.0,9317
76.75437453802142,1,3.0,10502
76.75615769501877,6,8.0,10286
76.75616563330956,1,8.0,10503
76.76079875400201,10,55.0,10438
76.76965438366416,17,8.0,-12958
76.77430310251232,10,42.0,10482
76.77704227189857,7,4.0,10348
76.78158505524584,6,10.0,10498
76.7825876303776,16,8.0,9437
76.78437821123892,3,7.0,10504
76.78476271931663,10,5.0,10488
76.78906468553286,11,4.0,10425
76.78937816600144,6,5.0,10428
76.79844420365237,7,4.0,10153
76.8040224771043,1,4.0,10505
76.80725857044035,7,3.0,10353
76.81323333380739,6,4.0,10505
76.81817512873559,9,2.0,10211
76.81988517690193,5,1.0,0
76.82104369867098,5,2.0,0
76.82464254942748,1,2.0,10506
76.82573553139581,13,1.0,-13002
76.82718045948035,4,2.0,10507
76.83359690026984,11,1.0,10381
76.8338203474729,7,10.0,10430
76.83863528407949,7,1.0,10402
76.84229623848643,11,3.0,10394
76.84877828377506,11,3.0,10383
76.85623724108038,16,4.0,8459
76.86112556037274,15,11.0,-12918
76.86152881960625,13,2.0,-12998
76.86352215891364,10,59.0,10437
76.86434188145195,16,8.0,9218
76.86463033779462,7,4.0,10399
76.86596965989618,1,5.0,10508
76.87378700658542,11,17.0,10449
76.88391968667317,15,3.0,-12917
76.88605780545979,1,4.0,10509
76.88849714862874,6,3.0,10502
76.89414813702271,3,6.0,10510
76.8997639925999,17,2.0,-6972
76.90983135889623,16,3.0,7840
76.91169230267168,5,3.0,0
76.91894994446817,6,4.0,10509
76.91917954899777,9,1.0,10371
76.92221552172771,10,9.0,10440
76.92222225306449,1,2.0,10511
76.92604984014035,4,5.0,10512
76.92950182880878,3,9.0,10513
76.93170778773676,1,4.0,10514
76.93586865930084,5,1.0,0
76.94065170314497,16,6.0,9546
76.9429457414044,7,3.0,10327
76.94335410429947,3,43.0,10515
76.94436726499016,7,8.0,10294
76.94438225859629,14,4.0,-13000
76.94863742196327,5,7.0,0
76.95818334949708,7,4.0,10343
76.96112812704057,11,2.0,10407
76.96354976681442,7,1.0,10354
76.96474646299471,7,5.0,10375
76.96584840183162,7,2.0,10293
76.96685994733946,6,3.0,10452
76.97309284042228,1,4.0,10516
76.9743493669429,6,2.0,10180
76.97653820050053,17,1.0,-12896
76.9775641784626,3,7.0,10517
76.98026630647945,6,5.0,10486
76.98187773768082,10,9.0,10495
76.9846957258491,5,4.0,0
76.98722003314126,6,8.0,10277
76.98732842140737,5,7.0,0
76.98837065614487,7,6.0,10457
76.99431613807934,11,45.0,10368
77.00499306902758,1,3.0,10518
77.00640507090803,1,4.0,10519
77.00925775622717,9,58.0,10273
77.02417431533947,11,6.0,10401
77.0269334918215,14,2.0,-13010
77.02862560387744,6,3.0,10494
77.03271209181455,1,1.0,10520
77.03823261765748,6,5.0,10489
77.03879975205304,16,7.0,8763
77.04252362194863,10,10.0,10360
77.04995218136104,4,1.0,10521
77.05811625849105,5,4.0,0
77.06312124210915,13,1.0,-13011
77.07305927872072,7,2.0,10404
77.07716546781828,11,6.0,10448
77.08212824587288,4,11.0,10522
77.09169189715759,17,1.0,-9145
77.0941661907224,9,4.0,10382
77.10503678168959,9,7.0,10470
77.10555006963,7,1.0,10395
77.10677805890671,14,11.0,-13021
77.11531042927277,2,3.0,10523
77.11556512080159,11,46.0,10268
77.12429567525206,5,3.0,0
77.12489398832099,1,5.0,10524
77.12563208062507,3,5.0,10525
77.1340653381628,13,3.0,-13020
77.1385736046504,1,10.0,10526
77.13995598647152,16,8.0,8211
77.1413098054212,16,4.0,8866
77.1442225358003,6,4.0,10514
77.14643858822805,7,2.0,10417
77.15261464350525,6,3.0,10411
77.15856268473577,13,5.0,-13022
77.16191833406711,10,1.0,10397
77.16291313621673,15,15.0,-12933
77.16335855365357,13,17.0,-13019
77.16960182762351,5,1.0,0
77.16961236942234,5,3.0,0
77.17117567406238,4,1.0,10527
77.17753358633294,7,2.0,10439
77.181823108004,7,4.0,10342
77.18315981178512,16,1.0,9314
77.18670930594263,16,6.0,8806
77.18726193651348,1,4.0,10528
77.1944287067609,6,4.0,10516
77.19689071902926,14,2.0,-13009
77.21240784346503,11,11.0,10423
77.21262527162199,15,1.0,-12952
77.21779670378153,7,13.0,10373
77.21828581624193,16,17.0,9953
77.21851694904085,15,1.0,-12948
77.22177615378739,1,2.0,10529
77.2220689710874,12,53.0,10376
77.22927673269962,1,1.0,10530
77.23010601453839,7,1.0,10393
77.23201647299268,16,9.0,3052
77.23488699739782,10,43.0,10515
77.23765439862778,1,3.0,10531
77.24127272847832,6,5.0,10508
77.24188923233973,11,3.0,10392
77.24556660327113,10,6.0,10510
77.24899746708678,1,36.0,10532
77.2529470529049,9,4.0,10195
77.25515178736465,10,30.0,10405
77.2592612277807,10,1.0,10480
77.26779167500891,16,1.0,9168
77.28168869335202,3,13.0,10533
77.28460095999773,17,37.0,-8637
77.28833957279245,6,3.0,10433
77.29137193727394,9,5.0,10349
77.29303972043469,1,3.0,10534
77.2939404488846,6,2.0,10529
77.29526428832061,1,3.0,10535
77.29923926922866,1,6.0,10536
77.30335422668365,15,3.0,-12950
77.31200065165513,11,5.0,10191
77.31375827407766,16,59.0,7860
77.31779714447141,11,2.0,10365
77.31792818642622,6,5.0,10524
77.31801887952712,3,30.0,10537
77.31915219149835,5,6.0,0
77.32464429456442,17,3.0,-12638
77.33322488172563,5,2.0,0
77.33560523739861,15,6.0,-12954
77.34128489448725,13,1.0,-13015
77.3432213543245,10,7.0,10442
77.34967387047966,16,3.0,9056
77.35303002658655,14,1.0,-13012
77.35735241534145,5,1.0,0
77.35742908323282,17,2.0,-12722
77.36306584814724,13,2.0,-13008
77.36631209929506,10,1.0,10521
77.3699727270803,6,3.0,10477
77.37064887199885,5,3.0,0
77.38143277896393,16,20.0,8620
77.38208482864378,16,2.0,6520
77.38660014988372,10,7.0,10517
77.38739560034884,6,36.0,10532
77.38991569599588,17,2.0,-11725
77.39098273838968,8,5.0,10486
77.39554314860254,4,2.0,10538
77.40475963538495,5,5.0,0
77.40826410070389,6,9.0,10451
77.4144386668759,11,42.0,10426
77.41577640127736,7,3.0,10310
77.41956507624761,12,6.0,10510
77.42191556477654,10,3.0,10475
77.42254113760009,10,5.0,10512
77.42421372027876,15,1.0,-12937
77.42652057996489,6,3.0,10523
77.43610488209202,7,7.0,10400
77.43953011639054,6,2.0,10506
77.45137502915055,17,1.0,-3686
77.45509421595635,10,8.0,10501
77.45543601273434,16,4.0,7427
77.45583734411149,1,3.0,10539
77.45913792502162,7,16.0,10377
77.46259932548317,1,15.0,10540
77.46607678061386,15,1.0,-12953
77.47161041772024,17,2.0,-12936
77.47271273909605,7,10.0,10498
77.47312689184619,5,7.0,0
77.48195431047859,6,3.0,10534
77.48287758234872,4,14.0,10541
77.48519855986913,9,53.0,10376
77.4894848014683,5,4.0,0
77.49602052999894,1,3.0,10542
77.49625349597153,5,1.0,0
77.49817810318147,17,2.0,-12464
77.49881377076775,6,2.0,10478
77.50010289469377,6,4.0,10484
77.50351543598286,8,2.0,10341
77.5071896436317,6,4.0,10519
77.51576119993162,11,59.0,10437
77.52274451367984,1,3.0,10543
77.5239406595296,13,1.0,-13017
77.5252894354825,6,10.0,10526
77.52814899210225,16,1.0,9448
77.5298429432778,6,3.0,10542
77.55522665482437,17,1.0,-12803
77.55608199787287,1,5.0,10544
77.57597008849974,7,3.0,10494
77.57603380135392,7,4.0,10246
77.57626050228136,1,7.0,10545
77.57798257390245,8,2.0,10476
77.57983018932354,7,4.0,10308
77.58276483374847,1,1.0,10546
77.58365252745801,4,5.0,10547
77.5918240649853,17,4.0,-6174
77.59689276958684,4,11.0,10548
77.60344333728956,7,3.0,10366
77.60535747298643,15,2.0,-12934
77.60682336957832,10,9.0,10513
77.63077266217594,3,53.0,10549
77.63474176346735,5,1.0,0
77.63807223686669,11,32.0,10391
77.64440286396196,13,2.0,-13013
77.65399418721991,6,2.0,10418
77.66341011742796,5,1.0,0
77.6639223317292,11,16.0,10450
77.66418548855195,6,4.0,10497
77.6675934890359,17,1.0,-717
77.66992404660597,3,11.0,10550
77.68640333972118,10,1.0,10527
77.68953149632517,1,5.0,10551
77.69465028013911,17,6.0,-11288
77.69599209785554,11,3.0,10414
77.69674100683336,7,4.0,10406
77.69960363919634,7,4.0,10319
77.70571626504969,16,12.0,10164
77.7060931910658,11,10.0,10223
77.71884577563938,14,1.0,-13023
77.72923837423608,17,2.0,-8115
77.73726732623916,1,3.0,10552
77.74395611352935,7,4.0,10271
77.74448432065293,7,2.0,10384
77.74818680461851,16,3.0,8080
77.7534036891941,10,5.0,10525
77.75406486032368,4,5.0,10553
77.75731943644409,15,2.0,-12944
77.75772087112038,7,2.0,10170
77.75835873440762,11,5.0,10420
77.7605707433757,16,26.0,9124
77.76273321992122,10,1.0,10385
77.76558682851284,6,9.0,10441
77.76823370013535,11,17.0,10388
77.76823961148246,5,1.0,0
77.7699972525466,7,2.0,10436
77.77353442397556,10,5.0,10553
77.77698539340011,17,2.0,-11974
77.78458246604895,17,21.0,-12862
77.7921296951674,6,1.0,10422
77.80110357239316,5,1.0,0
77.81367593675473,10,11.0,10548
77.81833612228016,11,3.0,10378
77.81833612228016,16,3.0,10378
77.82030979542046,16,6.0,8415
77.82542351334207,14,5.0,-13014
77.826436731016,7,2.0,10446
77.83171720526765,1,3.0,10554
77.8324768620156,1,4.0,10555
77.83248175820967,1,1.0,10556
77.83400955835317,6,3.0,10531
77.83566286000531,15,15.0,-12951
77.83976523339594,12,7.0,10517
77.84013254554723,16,8.0,10265
77.8462335705875,11,56.0,10435
77.87105394768035,5,1.0,0
77.87410446890773,11,3.0,10232
77.87552444770175,5,1.0,0
77.88713499107251,13,3.0,-13016
77.89073613517363,7,3.0,10259
77.89300667317241,6,6.0,10455
77.9067319529379,1,4.0,10557
77.90738639434967,5,1.0,0
77.91781707005086,1,2.0,10558
77.92122373504012,10,1.0,10485
77.92480376234398,5,1.0,0
77.92609450676233,5,7.0,0
77.92773728021845,14,2.0,-13018
77.93507555502622,5,6.0,0
77.94353683529843,15,1.0,-12935
77.94551316672926,1,1.0,10559
77.94963185121077,16,15.0,1239
77.9504761702488,1,4.0,10560
77.95072883456368,6,2.0,10500
77.95513324070184,5,6.0,0
77.97301183069582,7,7.0,10387
77.9770176148587,7,1.0,10429
77.97951236185271,1,8.0,10561
77.9799481178949,1,1.0,10562
77.98362625680558,14,4.0,-13007
77.98697121856713,7,2.0,10506
77.99870763019709,7,9.0,10412
78.0021886077012,11,1.0,10239
78.00290825820328,10,11.0,10522
78.00571511070869,6,3.0,10535
78.00698377917853,6,15.0,10540
78.00901616955235,6,7.0,10481
78.0121981341344,6,8.0,10503
78.0133911228273,10,53.0,10549
78.01407594641486,7,3.0,10502
78.01613241546366,15,1.0,-12962
78.01688827609864,15,7.0,-12965
78.01940749396931,16,1.0,9497
78.02305640212539,6,5.0,10551
78.02646034157785,10,14.0,10499
78.03035299657367,5,2.0,0
78.03375786075645,7,5.0,10428
78.03639455401579,1,9.0,10563
78.0401462904154,1,8.0,10564
78.04051988104571,16,52.0,8052
78.04192878924084,11,1.0,10462
78.04209418853831,1,8.0,10565
78.04309123512321,10,7.0,10504
78.04324356697585,16,2.0,9527
78.04369853837606,15,2.0,-12963
78.05421977291121,16,2.0,10155
78.06360913747056,16,1.0,8752
78.07242001197852,11,5.0,10447
78.08131476544258,16,7.0,2702
78.08462202457633,16,22.0,9116
78.08729840145838,1,6.0,10566
78.08922515923742,1,10.0,10567
78.0990706004791,3,29.0,10568
78.1030327857616,13,1.0,-13025
78.10444212601908,3,8.0,10569
78.10608115005135,4,10.0,10570
78.11073855144761,17,11.0,-12723
78.11114842692852,7,14.0,10479
78.11207342070455,7,5.0,10230
78.11610364925987,4,52.0,10571
78.12793735289813,16,2.0,8330
78.13065140924829,7,2.0,10458
78.13443540018797,16,4.0,316
78.13519222010407,7,9.0,10451
78.13952002513163,11,12.0,10434
78.14237258320829,13,2.0,-13029
78.1444330658373,10,2.0,10538
78.14613078577463,10,14.0,10466
78.1492925626538,7,4.0,10454
78.15047401828728,10,29.0,10568
78.15123602885075,5,3.0,0
78.15200482384215,5,2.0,0
78.15209762558874,11,24.0,10396
78.16284137617266,7,4.0,10410
78.16910883265581,6,3.0,10554
78.17599313614106,1,1.0,10572
78.18688947515767,11,8.0,10256
78.18886317451971,16,7.0,698
78.19448934668398,11,1.0,10521
78.20466582627972,7,8.0,10398
78.20602551891439,7,1.0,10419
78.21942648756861,6,8.0,10444
78.23037677177271,4,2.0,10573
78.23378499052943,11,13.0,10487
78.24778081450279,6,40.0,10493
78.25009595799463,6,4.0,10492
78.2565574663433,5,1.0,0
78.25663519846613,15,2.0,-12972
78.26284186913561,5,2.0,0
78.26519867673846,5,1.0,0
78.27048929818683,10,2.0,10573
78.27479250228974,1,6.0,10574
78.28432275501123,11,55.0,10438
78.28864870205672,7,3.0,10490
78.29133164028471,11,9.0,10495
78.29147404416533,17,28.0,-4298
78.29182850507239,11,32.0,10389
78.29958440571426,17,1.0,-7908
78.30048031413644,1,7.0,10575
78.30837126478048,16,30.0,2421
78.30886195926209,11,3.0,10461
78.30916850563366,17,6.0,-12267
78.31060177286824,7,4.0,10424
78.31718862259498,5,5.0,0
78.31761849173195,11,54.0,10272
78.3230159629728,6,1.0,10520
78.33465182555774,16,18.0,7149
78.35043143643357,11,3.0,10304
78.35056433515153,14,3.0,-13028
78.35637634819622,6,1.0,10556
78.3603748392465,5,3.0,0
78.37584843210486,7,6.0,10471
78.38417664509278,10,13.0,10533
78.3867290461602,7,2.0,10357
78.3903439990113,15,4.0,-12961
78.39345995159525,7,3.0,10443
78.39726718038021,7,4.0,10509
78.4023636443276,17,3.0,-12837
78.40260167594197,14,8.0,-13040
78.40928701470105,16,16.0,8846
78.4100919005277,16,1.0,9990
78.41160499306744,4,2.0,10576
78.41325985458911,1,4.0,10577
78.41879507058204,10,6.0,10464
78.42758917995337,14,1.0,-13033
78.4347624512727,11,2.0,10467
78.43632707810387,15,1.0,-12960
78.43982154414175,6,1.0,10546
78.45056748351205,14,3.0,-13036
78.46803582213892,1,3.0,10578
78.47749806346451,15,3.0,-12971
78.47771280331729,4,7.0,10579
78.49790196949188,1,4.0,10580
78.50674018806254,16,2.0,9954
78.50990439900198,16,4.0,8791
78.51975625822325,10,2.0,10507
78.52302745758166,5,4.0,0
78.52663780569961,11,11.0,10356
78.53578001903877,7,3.0,10409
78.53768015802994,6,1.0,10562
78.54358104823649,10,8.0,10569
78.5491808791992,16,2.0,8181
78.55027940855561,6,3.0,10518
78.55255344413125,9,7.0,10517
78.56099415694572,5,1.0,0
78.56999081517729,6,6.0,10536
78.5706685103807,13,1.0,-13038
78.5716215964603,3,23.0,10581
78.57722326801121,16,1.0,9689
78.57823748160685,9,2.0,10341
78.58156283243679,1,3.0,10582
78.58352832014712,6,5.0,10544
78.58954133033528,5,10.0,0
78.58990581009209,4,10.0,10583
78.59835514393147,11,4.0,10421
78.60375008421312,6,7.0,10575
78.60804721780372,14,6.0,-13031
78.60956135604182,6,8.0,10565
78.61225335019039,13,6.0,-13037
78.62105122388022,15,4.0,-12970
78.62540942184933,7,4.0,10514
78.63307102467019,11,7.0,10472
78.63649559954939,16,28.0,9363
78.63979765680448,3,26.0,10584
78.6412125867464,17,2.0,-12829
78.64142994142505,11,4.0,10491
78.66029623032365,4,1.0,10585
78.66362876763554,5,3.0,0
78.66724789622617,4,13.0,10586
78.66768890144374,17,2.0,-7744
78.68468108038893,15,1.0,-12956
78.6854890816309,16,4.0,10208
78.69081129389633,11,1.0,10397
78.6916224755476,8,3.0,10554
78.69806213000918,5,1.0,0
78.71029397853422,10,2.0,10576
78.72395394027235,11,1.0,10527
78.72455693392348,17,2.0,-12770
78.72836888759977,6,4.0,10560
78.73357919005208,6,3.0,10543
78.7336038569686,4,2.0,10587
78.73942908945796,5,1.0,0
78.74553891126183,14,6.0,-13024
78.74779931623752,7,8.0,10277
78.74908747399321,3,11.0,10588
78.75024766606225,6,3.0,10578
78.75172226932754,16,8.0,9874
78.75341904935988,11,1.0,10385
78.75643487722724,14,1.0,-13032
78.76098294528296,16,30.0,8460
78.77353863946477,3,26.0,10589
78.78079060188378,16,2.0,8567
78.78467874144192,17,1.0,-10637
78.7861128669065,4,11.0,10590
78.78670734046221,6,8.0,10561
78.7879365500551,16,8.0,9109
78.79101754996795,15,1.0,-12964
78.79157473433145,16,2.0,1846
78.79179489502972,11,2.0,10427
78.80510031752289,1,2.0,10591
78.81588876830526,1,6.0,10592
78.82163005998552,17,3.0,-12875
78.82256510044168,5,1.0,0
78.82923000944602,10,26.0,10589
78.8296711230703,4,2.0,10593
78.83104939847316,13,7.0,-13035
78.83168971794275,7,3.0,10465
78.83286947698954,16,7.0,9388
78.83336120166426,7,4.0,10497
78.8375051173708,15,5.0,-12957
78.83774076221432,11,5.0,10553
78.84394533087486,6,3.0,10582
78.84731261556047,5,5.0,0
78.85027567334005,13,3.0,-13030
78.8555819896418,7,1.0,10422
78.8555819896418,16,1.0,10422
78.85605765759318,11,42.0,10482
78.85813442738662,14,1.0,-13034
78.86260465989365,7,36.0,10532
78.86392269999956,1,9.0,10594
78.86963500745969,6,4.0,10577
78.8742086030905,1,1.0,10595
78.8763146185721,6,8.0,10564
78.88260960888259,10,2.0,10587
78.88592175168925,7,2.0,10478
78.88884624650846,5,7.0,0
78.89286228199569,5,4.0,0
78.90608340114595,13,3.0,-13027
78.90964179373177,6,2.0,10558
78.91055569205582,7,8.0,10286
78.91673224431251,5,2.0,0
78.91782294087801,6,1.0,10431
78.92003876046,7,7.0,10432
78.92442591817539,16,1.0,8234
78.92637214823614,6,3.0,10552
78.93713102060862,4,3.0,10596
78.94388030511612,9,2.0,10476
78.95793087253726,5,1.0,0
78.96376516948452,13,1.0,-13039
78.9738812722002,10,30.0,10537
78.97494419817296,10,11.0,10588
78.97730742670898,6,6.0,10566
78.9782441859855,10,2.0,10593
78.98127990410372,13,1.0,-13026
78.9869753240372,6,1.0,10483
79.0034044800332,15,2.0,-12980
79.00919164265493,3,14.0,10597
79.01674547370719,15,1.0,-12982
79.02364589686314,10,16.0,10496
79.03102629715217,5,1.0,0
79.0400842531999,13,4.0,-13058
79.05256550347123,15,1.0,-12985
79.06004055735256,5,8.0,0
79.06489519285962,16,7.0,9623
79.06490334387408,14,6.0,-13067
79.0657601278826,11,10.0,10360
79.06650812396515,1,3.0,10598
79.06970182615066,1,3.0,10599
79.07768659898015,5,3.0,0
79.08377143069767,15,1.0,-12977
79.08572499161978,5,3.0,0
79.09064387272139,15,1.0,-12975
79.09143202822638,9,3.0,10554
79.10037626069584,13,4.0,-13063
79.10137282065911,5,1.0,0
79.11314810422631,7,2.0,10500
79.11514420031664,1,4.0,10600
79.13441274269007,17,1.0,-6395
79.13449464857575,14,2.0,-13051
79.13635657091764,6,2.0,10511
79.13806099650222,1,2.0,10601
79.13836928822654,13,2.0,-13046
79.14735993658525,16,2.0,9235
79.1476547752053,6,7.0,10545
79.15363386925299,1,2.0,10602
79.15576373053456,12,8.0,10569
79.15610003887737,6,6.0,10592
79.15658832722187,4,4.0,10603
79.16831557733606,7,2.0,10473
79.16917088181154,16,2.0,9994
79.16950196734572,4,4.0,10604
79.17002813401444,15,1.0,-12987
79.1751157479307,3,5.0,10605
79.17709883482831,1,2.0,10606
79.17758674624544,10,3.0,10596
79.18522040916336,13,1.0,-13061
79.18523852118058,16,3.0,8489
79.18592480432804,5,3.0,0
79.19316607942102,10,14.0,10541
79.21662563662585,7,3.0,10380
79.2178202369805,7,3.0,10477
79.22112138710455,11,9.0,10513
79.22437497227094,15,1.0,-12976
79.22542628888368,7,3.0,10534
79.22642669442298,7,5.0,10508
79.23068327025187,6,2.0,10591
79.23671559059842,13,2.0,-13053
79.24689757757406,11,1.0,10480
79.24884835840398,13,1.0,-13068
79.26552794366638,13,2.0,-13069
79.26764773213498,7,1.0,10556
79.27446872015433,15,1.0,-12986
79.27621007891007,7,3.0,10542
79.28894896830646,15,3.0,-12988
79.29081750927229,13,2.0,-13057
79.29879047354171,10,4.0,10603
79.29990403932942,5,4.0,0
79.30058397675545,6,10.0,10567
79.30132069036382,10,5.0,10547
79.30278677458381,7,2.0,10180
79.3076583395417,10,4.0,10604
79.31421885470408,15,3.0,-12989
79.32856105895318,6,9.0,10594
79.32900554238279,10,11.0,10590
79.33226905538316,11,3.0,10475
79.35958584868476,7,8.0,10565
79.36084690743544,1,8.0,10607
79.36204358589976,3,11.0,10608
79.36953583120828,13,2.0,-13041
79.37255360454424,11,11.0,10522
79.37835797516655,17,2.0,-12827
79.3851483013535,10,5.0,10605
79.38607063526065,14,1.0,-13043
79.39096583378739,7,3.0,10411
79.39569720731997,14,3.0,-13047
79.39859002279235,16,3.0,9394
79.40535907896002,6,4.0,10580
79.4118793275609,14,9.0,-13062
79.41229304899856,10,2.0,10460
79.41930054879293,14,4.0,-13055
79.43231995752045,13,1.0,-13049
79.43541946405576,7,3.0,10452
79.44254480373297,5,1.0,0
79.44575574855902,1,3.0,10609
79.44721105366939,13,6.0,-13052
79.44823412865767,11,8.0,10501
79.45004373818121,4,2.0,10610
79.45606916236382,3,59.0,10611
79.46297579689032,6,3.0,10599
79.47280048192903,9,6.0,10510
79.47929397070843,7,6.0,10536
79.47998977562986,5,2.0,0
79.48233053178629,13,3.0,-13048
79.48374172234031,11,7.0,10504
79.48598918654159,7,3.0,10518
79.49370062670693,10,2.0,10459
79.4956461957066,6,3.0,10539
79.49773982894533,17,5.0,-12828
79.49793918386536,11,5.0,10525
79.49859532913813,13,1.0,-13054
79.49866678670698,16,4.0,7600
79.50092612770946,14,7.0,-13066
79.50092612770946,17,7.0,-13066
79.51587613872468,17,1.0,-12731
79.51634603953977,5,7.0,0
79.51666409333849,16,5.0,179
79.51760359406039,15,48.0,-12994
79.5193698524271,4,2.0,10612
79.51944344512577,15,2.0,-12978
79.53402476354916,11,5.0,10512
79.53983254710556,5,2.0,0
79.54159607891872,6,6.0,10574
79.54190098279076,5,7.0,0
79.5427650779093,4,2.0,10613
79.55225776329044,7,5.0,10551
79.55511678201108,6,1.0,10559
79.56610360797771,16,33.0,8614
79.56677575656838,6,4.0,10555
79.57068082588026,4,2.0,10614
79.57334200856799,5,6.0,0
79.57786887129342,16,1.0,9859
79.58043880834528,15,11.0,-12979
79.58233544189001,5,10.0,0
79.58445744080781,5,2.0,0
79.58506547305751,7,1.0,10520
79.58750128100502,10,2.0,10614
79.58990634733767,1,5.0,10615
79.59137860831558,4,5.0,10616
79.59400256160824,15,3.0,-12984
79.5952269651808,15,2.0,-12981
79.5964200082517,1,1.0,10617
79.60188197506218,11,14.0,10466
79.60446714229681,11,2.0,10576
79.61570878356459,11,9.0,10440
79.6228547421639,7,8.0,10444
79.62778593200332,6,8.0,10607
79.62877511327717,6,3.0,10598
79.62954890325332,14,4.0,-13042
79.62954890325332,17,4.0,-13042
79.63378491444443,17,2.0,-773
79.64033481082937,4,4.0,10618
79.64833034280326,15,4.0,-12983
79.65273097220043,6,2.0,10602
79.65875315259794,14,4.0,-13065
79.66521527291039,11,9.0,10445
79.66954021269906,6,4.0,10528
79.67171375622446,5,1.0,0
79.68475257741878,11,12.0,10456
79.68646734212841,11,53.0,10549
79.68738240814193,14,9.0,-13064
79.69664663312194,15,1.0,-13003
79.69992455428223,10,59.0,10611
79.70192988697022,1,4.0,10619
79.70396398030357,14,12.0,-13059
79.71069723316577,7,9.0,10441
79.7236935672481,4,4.0,10620
79.72431036757435,6,1.0,10617
79.72941950140635,14,2.0,-13050
79.73102568186802,7,4.0,10560
79.73205075272524,10,13.0,10586
79.73286055549963,14,4.0,-13070
79.73529413509507,7,6.0,10566
79.74352637808106,11,2.0,10538
79.74903617782519,1,3.0,10621
79.76267962561185,9,8.0,10569
79.76713226295043,5,2.0,0
79.76745065453994,10,10.0,10570
79.77372047203409,17,3.0,-12850
79.78155973607869,11,14.0,10499
79.78661309945487,7,2.0,10511
79.79530565082183,6,1.0,10572
79.79580044477784,7,4.0,10516
79.80162119944086,13,1.0,-13044
79.80252750955054,5,3.0,0
79.8067715459726,15,2.0,-12974
79.80970099582544,13,14.0,-13060
79.80970099582544,17,14.0,-13060
79.81659799449336,6,5.0,10615
79.82008538499781,5,1.0,0
79.82114058374852,7,3.0,10523
79.84112121088246,16,40.0,7924
79.86023922698121,17,5.0,-12856
79.86074321992984,7,40.0,10493
79.86173038518082,7,3.0,10543
79.87024078741429,5,2.0,0
79.87846777917608,13,1.0,-13056
79.87846777917608,17,1.0,-13056
79.88078395428015,5,1.0,0
79.8816434177146,17,6.0,-5019
79.89062851711009,11,12.0,10474
79.8954359932188,7,3.0,10433
79.90091275574241,1,4.0,10622
79.90736229725408,5,2.0,0
79.9132854388032,1,2.0,10623
79.91656415060194,16,10.0,8872
79.91821852992122,7,5.0,10489
79.92550336245971,5,1.0,0
79.92796588376248,7,1.0,10562
79.94027445020414,17,8.0,-7015
79.94232837901671,13,26.0,-13045
79.94253415818385,16,57.0,216
79.95996735877846,17,1.0,-158
79.96013109691543,1,8.0,10624
79.97030422220735,15,2.0,-12973
79.97096198933835,5,1.0,0
79.97216778472654,11,1.0,10485
79.98089130140568,5,4.0,0
79.99552929701584,10,4.0,10620
79.99907605796086,17,2.0,-12941
80.00114253621699,11,6.0,10464
80.01094519722588,4,8.0,10625
80.01925399923368,6,2.0,10623
80.01930707433897,1,1.0,10626
80.02118381871398,16,11.0,9385
80.02275305617964,1,13.0,10627
80.02598584302545,15,1.0,-12992
80.02991707799728,17,2.0,-11215
80.0375818938785,15,5.0,-13004
80.03910846226331,5,2.0,0
80.03961993878164,16,5.0,9287
80.03962871258058,6,3.0,10621
80.05230977287356,11,43.0,10515
80.06128989159531,6,4.0,10557
80.0622066143627,17,2.0,-6869
80.06916811842017,15,5.0,-13005
80.06941406571138,16,10.0,9397
80.06949777194113,7,4.0,10492
80.07183332440371,5,2.0,0
80.08383711212046,13,1.0,-13073
80.08763662425022,7,4.0,10484
80.09438711214257,6,2.0,10606
80.10455461773772,7,8.0,10564
80.10549727032652,14,2.0,-13090
80.10615564850994,16,2.0,10030
80.11065646523282,7,2.0,10558
80.11413298052555,14,2.0,-13098
80.11704659047312,7,8.0,10503
80.12230110332382,10,29.0,10463
80.1226973145195,1,14.0,10628
80.1240523733952,15,5.0,-13022
80.12977512910903,16,4.0,9271
80.13298046034657,11,30.0,10405
80.14119857437048,1,29.0,10629
80.14160589907588,11,29.0,10568
80.1436376739811,5,4.0,0
80.14806113503226,11,7.0,10442
80.15026455411014,4,2.0,10630
80.15157533328173,5,1.0,0
80.16177403880259,16,7.0,9495
80.16594244348244,15,2.0,-12999
80.16715421666366,5,1.0,0
80.17461053039854,16,9.0,10058
80.17518680184793,13,8.0,-13071
80.18562154872794,15,2.0,-12998
80.19430683074968,5,5.0,0
80.19642331595276,15,1.0,-12991
80.20129588402315,13,2.0,-13097
80.20447597650829,14,3.0,-13092
80.21198329682498,17,2.0,-1010
80.21691709471494,16,5.0,3660
80.21767683624961,1,4.0,10631
80.22246863788058,17,5.0,-12757
80.22591718627332,1,7.0,10632
80.22682812979046,16,7.0,10031
80.22970454545384,16,43.0,9417
80.2317446628481,15,11.0,-13021
80.23683862913262,16,10.0,9407
80.23747484994087,5,3.0,0
80.24081384389268,5,6.0,0
80.24570462565798,6,1.0,10626
80.24714851192132,17,6.0,-12548
80.25708012286876,15,3.0,-12995
80.25708012286876,17,3.0,-12995
80.25770841002848,1,4.0,10633
80.26979759402032,7,4.0,10505
80.27072921865474,13,1.0,-13096
80.27438750716277,3,11.0,10634
80.28532976760607,6,3.0,10609
80.28908388288903,17,4.0,-6592
80.29065104177998,16,4.0,10253
80.30440259914532,6,29.0,10629
80.30618860792721,11,5.0,10488
80.30949949981627,15,3.0,-12997
80.31274503262267,11,2.0,10507
80.3152120923283,1,2.0,10635
80.31806387971343,15,1.0,-13006
80.32943915623052,10,52.0,10571
80.33605882166748,10,11.0,10608
80.33858133241141,16,5.0,3627
80.33964852023402,16,9.0,9521
80.34264843781708,7,5.0,10524
80.35364935852635,11,3.0,10596
80.35579460597181,16,2.0,9341
80.35726192652056,15,1.0,-13011
80.36198636101003,4,12.0,10636
80.36304354239672,10,2.0,10610
80.3641087261308,16,2.0,9587
80.37898525311931,4,1.0,10637
80.38057537670127,13,6.0,-13072
80.38370773037697,10,26.0,10584
80.38526877786175,10,14.0,10597
80.39278921514902,16,7.0,9122
80.39302159754699,10,7.0,10579
80.40296647619974,16,22.0,7171
80.4031610855913,5,3.0,0
80.40414001440166,11,11.0,10548
80.40803088696019,15,4.0,-12996
80.41709054429595,7,4.0,10577
80.41816897981963,13,1.0,-13079
80.41816897981963,17,1.0,-13079
80.42047640014407,11,26.0,10589
80.42570233121907,7,2.0,10418
80.4282534443884,16,2.0,9573
80.4309183854793,10,10.0,10583
80.43412129083441,15,4.0,-13000
80.4347003392991,7,7.0,10481
80.44397528469041,16,1.0,1374
80.44664446557778,17,1.0,-6248
80.45000307586822,7,2.0,10591
80.46580953241174,14,3.0,-13087
80.47065813374289,17,2.0,-8093
80.47452289104332,1,3.0,10638
80.48212834227199,4,2.0,10639
80.48233053178629,17,3.0,-13048
80.48772299985454,7,4.0,10555
80.48879140350235,1,4.0,10640
80.49009531877712,7,10.0,10526
80.49724162621392,1,4.0,10641
80.504678673921,13,1.0,-13089
80.5048033466405,17,1.0,-12308
80.50578660577037,1,4.0,10642
80.51919487735837,3,50.0,10643
80.53772783538929,6,2.0,10601
80.54023421988711,17,2.0,-6096
80.54641119333334,11,5.0,10605
80.55667833877305,5,2.0,0
80.56629302122661,11,4.0,10603
80.57241023543814,114,11.0,-13100
80.59125927651692,16,2.0,8151
80.5967797368959,1,11.0,10644
80.6041532459352,5,1.0,0
80.60691128583235,1,3.0,10645
80.60982865154871,11,2.0,10460
80.61153401542381,6,4.0,10622
80.61359162494313,16,3.0,9912
80.61637382854053,15,2.0,-13010
80.61640109531723,5,3.0,0
80.61753162615521,15,1.0,-12993
80.62850017024901,15,1.0,-13002
80.63518188245172,14,4.0,-13083
80.63518188245172,17,4.0,-13083
80.63727698173233,3,12.0,10646
80.6427398816413,7,3.0,10599
80.64544457001283,16,7.0,9963
80.64620036312797,6,13.0,10627
80.64725153737155,13,6.0,-13099
80.64725153737155,17,6.0,-13099
80.64976485402973,5,4.0,0
80.65583282148484,15,3.0,-13020
80.65654442443636,6,2.0,10635
80.66346958012458,11,2.0,10573
80.66557560183892,6,9.0,10563
80.66636955298827,10,2.0,10630
80.66725353459134,3,11.0,10647
80.66777716291503,17,1.0,-6538
80.67594514435918,5,1.0,0
80.68738240814193,17,9.0,-13064
80.69026036189112,16,10.0,8917
80.69494749748885,5,2.0,0
80.70298319513057,13,1.0,-13086
80.70494530911563,7,15.0,10540
80.71358537835599,7,3.0,10578
80.71403990589374,6,4.0,10642
80.71466850111506,7,6.0,10592
80.71899436581711,13,2.0,-13091
80.72743761612934,10,12.0,10636
80.72972934958428,6,3.0,10638
80.73007362153447,16,1.0,3065
80.73084363553852,13,5.0,-13082
80.73497216977702,7,4.0,10519
80.74014054671011,7,9.0,10594
80.7414102059266,13,2.0,-13075
80.75322883177499,5,2.0,0
80.75351342341763,6,4.0,10619
80.75724015309784,1,8.0,10648
80.75920051341984,13,4.0,-13093
80.77840751666494,10,1.0,10637
80.78445743420725,17,4.0,-6380
80.78714410359193,13,2.0,-13088
80.79123524403427,11,2.0,10587
80.79286896481914,17,4.0,-5101
80.79313609051235,8,13.0,10627
80.79345692136783,7,5.0,10615
80.79543503348972,11,14.0,10541
80.79875428836755,13,1.0,-13076
80.80160885571433,3,8.0,10649
80.81347231815815,14,1.0,-13080
80.82690546988506,14,3.0,-13095
80.82690546988506,17,3.0,-13095
80.83105442292346,13,2.0,-13078
80.83128651487065,6,4.0,10633
80.8325620765353,5,5.0,0
80.83319974661975,15,3.0,-13001
80.8404239973035,17,3.0,-12448
80.86282237736476,4,1.0,10650
80.86979488010688,10,11.0,10647
80.8704851820521,7,3.0,10552
80.87972062387509,13,2.0,-13094
80.88492926698798,11,7.0,10468
80.88751567958742,6,1.0,10595
80.89561182563348,17,1.0,-12732
80.90014659866956,16,1.0,10080
80.90499923202961,5,1.0,0
80.91933282338884,14,3.0,-13084
80.92192217185014,10,11.0,10634
80.92399010728332,14,4.0,-13074
80.92399010728332,17,4.0,-13074
80.92550575420933,5,3.0,0
80.93242112438446,7,5.0,10544
80.9401741121972,17,1.0,-900
80.9438492898001,16,8.0,9734
80.94716978755355,13,8.0,-13077
80.9521291687756,13,5.0,-13081
80.95796149744623,16,4.0,9141
80.96450205439952,13,2.0,-13085
80.96786315283217,17,2.0,-5538
80.97568782706254,11,11.0,10590
80.97900706223074,10,2.0,10612
80.9852928707439,5,1.0,0
80.98713995626247,16,4.0,7813
80.99832665479045,5,2.0,0
80.99868647778405,10,1.0,10585
81.00821329473315,13,1.0,-13124
81.01551635397878,15,17.0,-13019
81.01587243415064,15,5.0,-13014
81.02500988942293,10,11.0,10550
81.03069705333381,10,5.0,10616
81.03109624657695,1,4.0,10651
81.03353574550184,7,1.0,10483
81.03359416084866,1,3.0,10652
81.03892135845743,18,,0
81.03893580307685,101,10.0,10653
81.0399064672702,5,1.0,0
81.04163693988056,16,5.0,8624
81.0440638610613,6,5.0,10469
81.04630564154601,5,2.0,0
81.04823070505059,4,49.0,10654
81.06147763149984,13,3.0,-13123
81.06638763503342,5,3.0,0
81.06908392161996,17,1.0,-12754
81.07332246691519,12,4.0,10620
81.07460348731485,14,2.0,-13114
81.08509222392952,7,3.0,10582
81.08702717181077,7,1.0,10617
81.08899658464794,17,1.0,-12433
81.09111835397064,7,1.0,10559
81.09517430711803,11,11.0,10588
81.09769402300122,4,2.0,10655
81.10189839915587,13,1.0,-13101
81.10680308041789,5,3.0,0
81.10744938923895,6,11.0,10644
81.11315771875067,1,2.0,10656
81.11376173563322,16,20.0,9342
81.11815920812973,10,2.0,10655
81.12742383068202,1,3.0,10657
81.13151080882882,5,3.0,0
81.13331448600195,1,5.0,10658
81.14722739484854,1,2.0,10659
81.1494728157763,15,1.0,-13038
81.15342095384823,3,53.0,10660
81.15498472380325,4,8.0,10661
81.15869175529134,1,1.0,10662
81.16056878207236,10,12.0,10646
81.17262995973262,5,2.0,0
81.17650824550509,10,49.0,10654
81.17958294312574,1,3.0,10663
81.18687534957456,14,3.0,-13111
81.20023101204141,15,3.0,-13016
81.20151564654707,11,13.0,10533
81.20547486333965,13,1.0,-13112
81.21429864382777,5,2.0,0
81.21608569364231,15,1.0,-13015
81.21913975671303,14,5.0,-13118
81.21935227036062,13,1.0,-13117
81.22265712489241,17,3.0,-10419
81.243049647682,10,8.0,10625
81.24519588437582,11,26.0,10584
81.251579320305,6,5.0,10658
81.2529470529049,16,4.0,10195
81.27993376368174,8,10.0,10653
81.28301730187336,15,2.0,-13009
81.28613599395347,13,1.0,-13125
81.29396013287923,16,2.0,9958
81.29532621961629,13,1.0,-13121
81.2967525929163,15,8.0,-13040
81.32046658763386,13,3.0,-13115
81.32661274189205,15,4.0,-13007
81.33320075752712,5,1.0,0
81.34992143230026,6,3.0,10663
81.36062471685072,7,4.0,10580
81.36204684821149,11,10.0,10570
81.36362789641134,11,59.0,10611
81.3662125139108,10,2.0,10639
81.37433300535082,6,8.0,10624
81.37456250070777,5,7.0,0
81.37506681140185,16,3.0,9961
81.37870852527774,6,14.0,10628
81.38614953802733,17,1.0,-12721
81.38911624316007,14,2.0,-13102
81.39290030224875,11,29.0,10463
81.39404921727181,13,16.0,-13116
81.39677152228285,13,4.0,-13103
81.41066815102442,15,3.0,-13028
81.41197791863517,14,6.0,-13129
81.41506070580566,10,8.0,10649
81.41938512973245,15,1.0,-13017
81.43162260153329,7,2.0,10623
81.43373434757117,1,1.0,10664
81.43668974273993,7,1.0,10572
81.43671882115765,13,4.0,-13113
81.43671882115765,17,4.0,-13113
81.44230620417711,6,1.0,10662
81.44558711218441,16,1.0,9103
81.44592763785306,10,8.0,10312
81.45910005585404,16,13.0,9558
81.46275829849183,6,4.0,10631
81.46518107213572,7,3.0,10535
81.46790792609058,5,1.0,0
81.46828256613918,5,3.0,0
81.46894567533602,5,2.0,0
81.47055525579766,11,16.0,10496
81.47203958575872,7,7.0,10545
81.48461343293523,8,29.0,10629
81.49234667621992,13,6.0,-13110
81.49852569783366,1,4.0,10665
81.49879009145161,7,3.0,10598
81.50043882857844,14,2.0,-13126
81.50043882857844,17,2.0,-13126
81.51914248462684,7,10.0,10567
81.5426935214877,15,1.0,-13012
81.5444413330649,5,4.0,0
81.54807747806257,11,5.0,10547
81.55672726179837,16,1.0,9110
81.55725083525779,5,6.0,0
81.56659371390013,5,3.0,0
81.56878472624274,16,5.0,9853
81.57278484182658,16,5.0,9302
81.57402223169933,11,2.0,10610
81.57643564425396,1,3.0,10666
81.57777919286931,13,3.0,-13107
81.57823748160685,16,2.0,10341
81.57858049200988,6,3.0,10652
81.58172196729652,7,8.0,10561
81.58234329725335,4,1.0,10667
81.58286764315851,17,9.0,-9787
81.59819960780116,11,13.0,10586
81.60342794245287,7,4.0,10622
81.61187942816501,10,50.0,10643
81.62264338959667,16,3.0,10186
81.62725861533264,7,3.0,10609
81.6288148237642,13,6.0,-13119
81.6324336354552,11,2.0,10630
81.63321282951986,6,4.0,10640
81.63646336855666,7,3.0,10539
81.65905111249916,11,11.0,10634
81.67000060310018,1,8.0,10668
81.67789277746685,14,3.0,-13106
81.68075038929562,15,1.0,-13025
81.68075038929562,17,1.0,-13025
81.70243454007144,16,5.0,9932
81.7057013765296,5,4.0,0
81.7134510741622,11,10.0,10583
81.71479976000501,6,7.0,10632
81.7159379392785,15,1.0,-13033
81.71795800492993,5,1.0,0
81.72824885204345,15,2.0,-13008
81.72824885204345,17,2.0,-13008
81.72889489441627,16,1.0,8511
81.73308886435514,7,2.0,10601
81.73348762541443,16,6.0,470
81.73771658968397,16,2.0,9666
81.74045332923873,6,4.0,10665
81.74445844896054,15,2.0,-13013
81.7516667530033,7,6.0,10455
81.75436395233201,10,4.0,10618
81.75903181390164,5,3.0,0
81.76241633439373,3,2.0,10669
81.76896396989368,7,3.0,10531
81.78047462888954,15,2.0,-13029
81.78047462888954,17,2.0,-13029
81.78096474061796,7,4.0,10528
81.78201315077064,15,2.0,-13018
81.78516020546957,16,5.0,8734
81.78712450734628,7,6.0,10574
81.7950365026262,17,3.0,-12895
81.79599274383796,14,1.0,-13130
81.79682848307979,7,8.0,10607
81.80136575720513,10,53.0,10660
81.81495261439815,16,1.0,9850
81.81729868287631,14,9.0,-13127
81.81729868287631,17,9.0,-13127
81.82103529556332,1,2.0,10670
81.83039358778399,17,1.0,-5921
81.83172921139591,13,2.0,-13109
81.84205183893629,15,3.0,-13036
81.84994419717974,13,2.0,-13128
81.84994419717974,17,2.0,-13128
81.86307387054215,17,5.0,-5202
81.86675425961484,7,3.0,10638
81.87760687526671,5,14.0,0
81.88250771129584,14,3.0,-13122
81.88923004885152,17,1.0,-12741
81.89237050578154,17,2.0,-12779
81.89339499047679,13,6.0,-13105
81.89535608327273,7,4.0,10557
81.89881440588307,7,1.0,10546
81.89972246665926,16,7.0,8957
81.9001688563544,11,30.0,10537
81.90687874510053,5,6.0,0
81.90873331950392,17,4.0,-2435
81.918278515309,13,3.0,-13120
81.918278515309,17,3.0,-13120
81.92066672985811,6,2.0,10656
81.92694840599533,13,2.0,-13104
81.92792489151446,16,2.0,9319
81.92954211391245,16,3.0,8715
81.93125036753679,6,1.0,10530
81.93350387915389,10,1.0,10667
81.93479680593603,16,4.0,9405
81.94399692968497,6,8.0,10648
81.94663201591845,5,1.0,0
81.9498908207083,13,1.0,-13108
81.95186214141597,5,2.0,0
81.95500617600582,1,5.0,10671
81.96117182385032,16,10.0,9652
81.9633134668858,1,2.0,10672
81.96598990472354,15,1.0,-13023
81.96706034961171,17,3.0,-12799
81.97868259254659,17,2.0,-12919
81.98502213943314,11,11.0,10550
81.9860572475963,5,2.0,0
81.99243018260391,17,2.0,-12796
82.0034044800332,17,2.0,-12980
82.02560625632351,11,4.0,10604
82.02928859416099,5,1.0,0
82.03278896321461,16,9.0,204
82.04212080891438,1,2.0,10673
82.05652363528232,16,4.0,4434
82.06356917333943,11,2.0,10459
82.06411088478107,5,4.0,0
82.06756372631595,6,4.0,10600
82.07330948208444,13,5.0,-13145
82.07334747665648,5,4.0,0
82.07839990587293,6,4.0,10651
82.07871314443558,5,2.0,0
82.10775610260742,5,10.0,0
82.12064587354709,16,57.0,9471
82.13299832909608,113,44.0,-13135
82.14631513752296,11,5.0,10616
82.14681105686215,15,6.0,-13024
82.14745710707913,13,2.0,-13143
82.14999390781222,14,5.0,-13134
82.15847073273596,13,1.0,-13147
82.15909614312864,15,6.0,-13037
82.16071374921803,14,2.0,-13132
82.16079843851536,16,6.0,8758
82.16240939043601,6,2.0,10670
82.1697168714747,4,2.0,10674
82.17753358633294,16,2.0,10439
82.1783940075024,4,1.0,10675
82.18139227437732,1,2.0,10676
82.18277196150294,14,7.0,-13155
82.18815742792918,16,3.0,9389
82.19169862570226,16,5.0,8767
82.19173414343763,15,2.0,-13046
82.19547121568206,5,14.0,0
82.19655141878934,13,1.0,-13131
82.20346066215201,16,6.0,10249
82.20389863933201,11,2.0,10593
82.20653696296213,13,4.0,-13139
82.20810044860399,3,10.0,10677
82.20981991567076,16,3.0,9918
82.2100697040447,1,10.0,10678
82.23865561586304,15,3.0,-13027
82.24111828173405,7,4.0,10640
82.24864960640984,9,4.0,10620
82.2521404183843,5,1.0,0
82.25425255643204,7,7.0,10575
82.26329897501003,7,4.0,10453
82.26633193106323,14,4.0,-13133
82.26633193106323,17,4.0,-13133
82.27655201841493,6,3.0,10666
82.28012088918568,17,1.0,-12751
82.28506697765627,6,8.0,10668
82.28522426554991,13,1.0,-13137
82.28522426554991,17,1.0,-13137
82.28754703267471,5,28.0,0
82.2915873979064,6,10.0,10678
82.29190279829263,13,1.0,-13157
82.29190279829263,17,1.0,-13157
82.29634927648812,1,6.0,10679
82.29688152919424,11,8.0,10312
82.30823865161425,17,11.0,-1861
82.31335891335225,5,1.0,0
82.31557349713881,4,2.0,10680
82.31595784167163,4,3.0,10681
82.32210345404137,14,2.0,-13151
82.32976512643909,5,4.0,0
82.3304008843788,17,1.0,-3058
82.33106418145627,6,3.0,10657
82.33471822943267,5,2.0,0
82.33897836509401,15,2.0,-13051
82.34622358485291,7,1.0,10431
82.35128852245653,13,3.0,-13142
82.3553276786951,7,3.0,10663
82.35561057774359,13,1.0,-13159
82.36837488758073,10,2.0,10669
82.37320540362859,1,3.0,10682
82.38693169941901,13,2.0,-13136
82.39136522671222,5,10.0,0
82.39167947428137,16,1.0,5318
82.39199763183105,10,10.0,10677
82.40974720015167,16,24.0,9274
82.41455553486516,7,4.0,10642
82.4152144371954,10,2.0,10613
82.43977045904312,7,11.0,10644
82.44027810715806,15,2.0,-13069
82.44185053960135,13,1.0,-13140
82.44808184967827,1,6.0,10683
82.47114504346914,17,2.0,-12513
82.47375372475624,7,1.0,10626
82.47717763555559,1,6.0,10684
82.48293688763817,7,2.0,10529
82.48373408381157,14,4.0,-13144
82.49146559113758,6,6.0,10679
82.49167849807749,13,7.0,-13153
82.50020540070467,15,1.0,-13032
82.50422319818767,17,1.0,-12946
82.50657676347781,1,1.0,10685
82.51204067362684,16,4.0,8722
82.51517168307464,16,7.0,9139
82.51876148581745,17,2.0,-6571
82.51890635256987,14,1.0,-13156
82.51890635256987,17,1.0,-13156
82.51910348834761,13,7.0,-13149
82.51910348834761,17,7.0,-13149
82.52556189675856,17,1.0,-12824
82.5307050726043,17,1.0,-12908
82.53262853517427,16,34.0,9219
82.53305605581822,15,7.0,-13035
82.53580757168803,13,3.0,-13148
82.53976118734325,7,5.0,10469
82.55165477330378,14,3.0,-13154
82.55428031629248,4,3.0,10686
82.56133166043584,15,1.0,-13034
82.56560457987963,13,3.0,-13158
82.56560457987963,17,3.0,-13158
82.57212166862337,4,14.0,10687
82.57683569578143,5,2.0,0
82.59522786233538,13,2.0,-13152
82.6005446810007,15,1.0,-13061
82.60188851928443,5,2.0,0
82.60672203913214,7,3.0,10652
82.60693650645327,11,11.0,10647
82.6104619445183,16,2.0,8719
82.61263176018453,15,4.0,-13058
82.61479827571134,7,1.0,10662
82.61479827571134,16,1.0,10662
82.63854825675293,6,2.0,10676
82.64627410858243,16,4.0,9294
82.65140820701687,15,2.0,-13053
82.65659284899628,7,2.0,10606
82.66211495160448,16,4.0,3006
82.66308149243298,11,2.0,10612
82.66696645291287,11,8.0,10625
82.67295599581806,13,6.0,-13138
82.67789277746685,17,3.0,-13106
82.67874545650936,16,33.0,10296
82.69458329567793,4,5.0,10688
82.69894649663236,14,2.0,-13150
82.69894649663236,17,2.0,-13150
82.72232825980358,4,3.0,10689
82.72884358789108,13,1.0,-13160
82.7307813776185,1,2.0,10690
82.73381374897508,15,4.0,-13063
82.7414102059266,17,2.0,-13075
82.75291984560843,1,9.0,10691
82.75313617066088,6,5.0,10671
82.75666128380426,1,4.0,10692
82.7601750428733,15,6.0,-13067
82.76715330335496,10,3.0,10689
82.77079612547493,16,3.0,9968
82.77197721910487,16,8.0,10311
82.77695644384693,17,1.0,-3094
82.78417952053698,13,1.0,-13141
82.80108062184121,6,6.0,10684
82.80714653345012,15,1.0,-13039
82.80880847440787,16,1.0,5251
82.82188515533267,9,5.0,10486
82.82192625941398,5,5.0,0
82.83283911827208,6,2.0,10690
82.83926769001327,15,1.0,-13068
82.85189092356401,11,52.0,10571
82.85587918032182,6,4.0,10641
82.85690239931078,17,5.0,-12863
82.85711943703427,7,7.0,10632
82.8646745965729,5,4.0,0
82.86535171476179,14,5.0,-13146
82.86992554527427,11,8.0,10649
82.88078775711337,6,2.0,10673
82.88819705994537,5,4.0,0
82.88879446187484,5,3.0,0
82.89447911043307,15,3.0,-13030
82.89601021831493,17,6.0,-2307
82.90565546733046,5,1.0,0
82.90628942269963,7,2.0,10635
82.91133294581284,5,3.0,0
82.91420476305771,16,3.0,10161
82.92322356266973,3,55.0,10693
82.93015133438274,1,3.0,10694
82.9327518347964,5,5.0,0
82.93321458384172,1,3.0,10695
82.94509808163144,7,1.0,10595
82.9498908207083,17,1.0,-13108
82.97804480450284,15,6.0,-13031
82.98163454827618,17,4.0,-12855
82.99605897722381,15,1.0,-13026
82.99605897722381,17,1.0,-13026
82.99770314014282,16,1.0,9591
83.00207821494608,1,5.0,10696
83.00731527389881,14,1.0,-13168
83.01062486118741,14,2.0,-13174
83.01128669296298,16,3.0,2205
83.01731528355525,5,4.0,0
83.04579947369334,11,2.0,10655
83.04587277277723,5,3.0,0
83.04648271093897,5,1.0,0
83.04855530356987,14,4.0,-13173
83.06098563760735,13,2.0,-13169
83.06433537697444,3,53.0,10697
83.06876576810943,10,3.0,10681
83.07295064577237,4,15.0,10698
83.10352264221979,11,7.0,10579
83.1036179752582,1,5.0,10699
83.10424789522718,4,1.0,10700
83.10882463808875,5,15.0,0
83.11047801119852,11,50.0,10643
83.1330124332362,16,7.0,9993
83.14187141032107,17,5.0,-10110
83.1470344947789,5,3.0,0
83.14758795542294,5,5.0,0
83.15839594833521,6,9.0,10691
83.15937680619997,6,3.0,10645
83.1712728452913,16,12.0,7935
83.1788012690721,15,2.0,-13057
83.18109548309805,17,1.0,-2741
83.1940559846247,16,3.0,9976
83.19583485397975,17,1.0,-12849
83.19908378357879,10,5.0,10688
83.2045615236791,10,1.0,10700
83.2082783425265,5,2.0,0
83.20839488696095,9,13.0,10627
83.20839488696095,16,13.0,10627
83.21311236692814,16,8.0,1554
83.21548684750745,7,3.0,10621
83.21610702752521,7,8.0,10648
83.23202609315769,4,18.0,10701
83.27314543909603,11,1.0,10637
83.28072812884083,10,1.0,10650
83.28403320155772,11,12.0,10646
83.2926865628764,11,2.0,10614
83.30215469942382,17,1.0,-2641
83.31297342539929,17,6.0,-10927
83.3178495879638,15,1.0,-13049
83.32030988091951,5,1.0,0
83.35171132815596,113,44.0,-13165
83.35318142817196,16,5.0,9526
83.35561057774359,17,1.0,-13159
83.35571183622633,17,3.0,-8199
83.36047557296642,10,18.0,10701
83.37016493755002,12,1.0,10585
83.38004708187148,6,3.0,10694
83.38345449627437,10,23.0,10581
83.38830023993069,4,7.0,10702
83.39135510624828,5,1.0,0
83.39795190670581,6,5.0,10699
83.40802160385032,2,1.0,10703
83.42896196605489,13,3.0,-13162
83.42896196605489,17,3.0,-13162
83.43303371341729,16,7.0,2133
83.45285345041309,6,1.0,10664
83.45424268015833,16,16.0,8504
83.45541740022317,16,4.0,2859
83.45572054339003,11,49.0,10654
83.45779889439282,6,3.0,10695
83.45869360424938,6,4.0,10692
83.46484422841796,5,3.0,0
83.47022287145464,6,1.0,10703
83.47304549382703,7,10.0,10678
83.47948286004902,15,9.0,-13062
83.48122833099545,11,12.0,10636
83.48348211244293,17,1.0,-10712
83.49353965692607,1,4.0,10704
83.50071074022864,10,3.0,10686
83.50254559303157,6,4.0,10704
83.50796724972717,17,1.0,-7618
83.51989819882196,14,4.0,-13161
83.520676881796,7,8.0,10624
83.52269654860307,16,11.0,9867
83.53443123999058,15,4.0,-13055
83.53932124673221,5,3.0,0
83.54960865752336,16,7.0,10288
83.55010946265467,14,4.0,-13166
83.55367128797123,5,1.0,0
83.56191430830249,6,1.0,10685
83.56629302122661,16,4.0,10603
83.57655844026891,5,3.0,0
83.58011573788616,5,3.0,0
83.58266713723275,13,5.0,-13170
83.58306568717123,7,4.0,10641
83.5863262776432,6,3.0,10682
83.5920776087522,13,6.0,-13171
83.59546201825142,16,3.0,9358
83.60222149118741,1,2.0,10705
83.61089980472367,1,1.0,10706
83.62068405161214,1,2.0,10707
83.64017025649227,7,2.0,10673
83.64908350190544,16,14.0,4164
83.65583282148484,17,3.0,-13020
83.65875315259794,17,4.0,-13065
83.66558017138827,15,1.0,-13043
83.66679937668299,5,1.0,0
83.67303824427525,17,1.0,-7492
83.69131249993869,16,8.0,9582
83.69423455357624,15,6.0,-13052
83.70800404606871,17,3.0,-12429
83.70919632621475,5,2.0,0
83.7126620160809,17,7.0,-12748
83.71270370011216,6,1.0,10706
83.72569853480213,1,1.0,10708
83.73668906300104,4,25.0,10709
83.7423662240669,13,1.0,-13164
83.75803397230062,1,3.0,10710
83.76912706534966,9,10.0,10653
83.78096474061796,16,4.0,10528
83.78157797465758,7,6.0,10684
83.82134417773867,16,21.0,9395
83.82755627280777,7,2.0,10690
83.8316241768972,17,1.0,-1817
83.83311439811021,7,1.0,10530
83.83695939935123,7,2.0,10676
83.84080594385424,13,2.0,-13163
83.85517278103266,16,4.0,9585
83.86965908702913,1,8.0,10711
83.87262083900305,6,3.0,10710
83.87807675999328,14,1.0,-13172
83.87807675999328,17,1.0,-13172
83.90321261297652,15,3.0,-13047
83.9137261653782,5,6.0,0
83.91903057044392,7,5.0,10699
83.91919546080587,17,1.0,-12712
83.92759159135184,1,1.0,10712
83.92918984732783,5,4.0,0
83.93751510720429,17,2.0,-3347
83.94436726499016,16,8.0,10294
83.95045351286218,15,2.0,-13041
83.95178148550713,10,2.0,10680
83.96145935866629,14,1.0,-13167
83.97842997977632,16,3.0,9740
83.98131650946935,11,1.0,10667
84.0126294726307,1,2.0,10713
84.01667472675841,6,2.0,10672
84.01685736018658,16,5.0,8356
84.02185201647254,16,3.0,8399
84.02316519309025,17,2.0,-11755
84.03080567958662,9,29.0,10629
84.03489394005825,13,2.0,-13177
84.03715945331614,16,2.0,9974
84.03962147578191,6,2.0,10659
84.0504548676802,6,2.0,10707
84.05649206973149,13,3.0,-13178
84.05681496832045,6,1.0,10708
84.06198871158263,5,4.0,0
84.06479847822709,14,1.0,-13184
84.07811482364566,13,1.0,-13176
84.08568017869291,5,2.0,0
84.10287317240213,16,2.0,9522
84.10329930386231,13,8.0,-13188
84.1062808159616,17,2.0,-12717
84.11003168322398,5,4.0,0
84.11484185361033,7,4.0,10651
84.11963447716178,7,5.0,10671
84.1236311046642,1,3.0,10714
84.1240523733952,17,5.0,-13022
84.16535118806297,4,8.0,10715
84.1655657764625,11,2.0,10669
84.17634242994293,1,10.0,10716
84.17987506169794,5,13.0,0
84.1799055289525,17,6.0,-8227
84.19140788415606,1,3.0,10717
84.19552588128636,5,1.0,0
84.19564263026754,7,4.0,10633
84.19680449142072,10,7.0,10702
84.20593622487243,1,1.0,10718
84.20630761966802,16,11.0,9524
84.20905712515687,16,4.0,8919
84.22286331409033,13,1.0,-13175
84.22286331409033,17,1.0,-13175
84.23166412156255,15,3.0,-13092
84.23801735299924,6,5.0,10696
84.23912652481235,17,6.0,-12800
84.24336485883639,7,4.0,10600
84.25214063001407,5,2.0,0
84.25557853955829,5,4.0,0
84.2703349785325,16,2.0,8349
84.28097251067922,5,4.0,0
84.28099491448594,15,2.0,-13097
84.2900215638895,10,25.0,10709
84.29067378945068,16,11.0,9751
84.29532621961629,17,1.0,-13121
84.30346753922116,16,3.0,9552
84.31394388002337,10,55.0,10693
84.3152936826665,13,1.0,-13183
84.32116349382918,5,1.0,0
84.32191579300905,11,3.0,10681
84.32203035610587,5,1.0,0
84.33434939037522,16,5.0,9773
84.3487790870146,16,48.0,400
84.37627679322647,3,11.0,10719
84.38858467177091,16,5.0,9676
84.39164584313528,1,3.0,10720
84.40447014145752,4,13.0,10721
84.40684411955156,6,6.0,10683
84.42047640014407,16,26.0,10589
84.42611036653642,11,2.0,10639
84.44228023997974,16,1.0,9785
84.46005111970558,5,7.0,0
84.46609196404225,5,4.0,0
84.47409702692642,7,2.0,10602
84.47605956349962,16,2.0,9440
84.4854552344245,10,13.0,10721
84.49574266797089,7,9.0,10563
84.50042969026484,5,1.0,0
84.525719064427,4,1.0,10722
84.52648638701078,15,1.0,-13073
84.52995012546987,16,4.0,10111
84.54994219711189,14,2.0,-13181
84.55135391408139,15,1.0,-13096
84.55352690397001,16,33.0,7717
84.5554577688148,5,1.0,0
84.56415440707947,15,2.0,-13090
84.56870528855505,7,4.0,10619
84.57188453934275,10,2.0,10674
84.59256557017996,16,8.0,9825
84.59775803733879,7,5.0,10658
84.60500235491982,10,15.0,10698
84.61586634098614,7,3.0,10695
84.61637382854053,17,2.0,-13010
84.62105122388022,17,4.0,-12970
84.63930381002294,16,48.0,3048
84.65401797476625,13,1.0,-13186
84.65807029562552,17,1.0,-12781
84.67422111621474,5,2.0,0
84.68479687129106,11,23.0,10581
84.68545580736655,16,2.0,9645
84.69102493839566,4,17.0,10723
84.6952010495676,4,1.0,10724
84.69577240585731,6,2.0,10713
84.699775148173,1,8.0,10725
84.70396398030357,17,12.0,-13059
84.71006471177961,13,2.0,-13179
84.71359749517036,7,9.0,10691
84.72785974338822,17,1.0,-5354
84.73215755826011,7,1.0,10706
84.73476917446155,11,3.0,10686
84.75920051341984,17,4.0,-13093
84.77951291640848,17,4.0,-2500
84.78178055243255,6,3.0,10717
84.78221891177552,16,11.0,9809
84.78648511847605,17,5.0,-11748
84.79007812827527,6,2.0,10705
84.79288368910177,3,7.0,10726
84.79573167252958,10,53.0,10697
84.80608821969969,10,14.0,10687
84.80642581422029,1,2.0,10727
84.81265119618561,10,1.0,10724
84.81337699953369,10,8.0,10715
84.81431245150145,5,13.0,0
84.83581324624679,5,1.0,0
84.8368620960881,11,5.0,10688
84.8478078659291,9,1.0,10585
84.84795564523671,5,1.0,0
84.85002797408669,15,2.0,-13098
84.86049563424703,10,1.0,10675
84.86535171476179,17,5.0,-13146
84.86788512732143,14,2.0,-13185
84.87472949288605,15,6.0,-13072
84.88286964107643,16,3.0,9903
84.89248313786689,17,3.0,-8061
84.89933537999998,7,4.0,10665
84.89933537999998,16,4.0,10665
84.90235321771561,7,1.0,10664
84.91270591415649,16,51.0,10252
84.91496029629674,14,1.0,-13182
84.9189448404585,5,1.0,0
84.92630369959123,1,2.0,10728
84.92744455473967,15,8.0,-13071
84.93236320700366,10,11.0,10719
84.93241855788828,16,1.0,32
84.93954761446811,13,1.0,-13180
84.9517285643516,5,16.0,0
84.9521291687756,17,5.0,-13081
84.95531365940437,16,42.0,9924
84.95737953458234,1,10.0,10729
84.96269544584162,1,8.0,10730
84.96297664396846,5,3.0,0
84.98833846807435,7,2.0,10670
84.98858138606147,13,1.0,-13187
84.9893056621477,16,2.0,8345
85.00667856666738,4,7.0,10731
85.00920189182733,10,7.0,10726
85.01346285718152,1,4.0,10732
85.01927639437746,16,5.0,6323
85.0207547540965,13,5.0,-13192
85.0304522569058,13,2.0,-13193
85.03052902886475,16,2.0,3798
85.04112574188785,5,1.0,0
85.04855530356987,17,4.0,-13173
85.05406228126407,7,3.0,10710
85.05970851522576,17,11.0,-2858
85.0712072907067,5,2.0,0
85.07610660437017,13,5.0,-13200
85.08390497763205,11,11.0,10608
85.08588170375758,7,2.0,10656
85.10175184874495,16,5.0,9427
85.11396745599778,5,1.0,0
85.11823052729902,13,3.0,-13189
85.11869792813006,5,7.0,0
85.17027977271948,11,3.0,10689
85.19041573223386,15,1.0,-13124
85.19041573223386,17,1.0,-13124
85.19361401179546,5,4.0,0
85.20315203629032,15,5.0,-13118
85.20830714773219,1,4.0,10733
85.21778413629542,10,17.0,10723
85.25050090824055,1,6.0,10734
85.26231474199855,6,8.0,10730
85.26432832160056,15,3.0,-13123
85.27076867198959,13,1.0,-13191
85.27076867198959,17,1.0,-13191
85.27127976349348,1,2.0,10735
85.27189895372935,16,3.0,9820
85.27236952080037,17,5.0,-10512
85.28461085370807,16,2.0,10129
85.2861335870047,7,4.0,10631
85.29210188114196,6,1.0,10718
85.3009640337805,11,14.0,10597
85.30335422668365,17,3.0,-12950
85.3113461932641,5,1.0,0
85.3299822864854,16,22.0,2572
85.34335637224467,16,30.0,9851
85.34836413222887,15,1.0,-13112
85.35291643264233,7,2.0,10659
85.36349322007088,6,8.0,10711
85.37349628074791,7,3.0,10666
85.37665034543156,11,10.0,10677
85.38666727265525,17,1.0,-11550
85.38693169941901,17,2.0,-13136
85.38973342170713,15,3.0,-13111
85.39258861881916,5,4.0,0
85.40207364849978,1,3.0,10736
85.40675843420821,7,8.0,10668
85.40831954003606,7,5.0,10696
85.41081591996408,1,3.0,10737
85.41702789053559,17,1.0,-2364
85.42036546025734,5,1.0,0
85.42067500652998,14,1.0,-13197
85.42299637848193,16,2.0,1013
85.43096319646693,11,2.0,10613
85.44093090692573,11,1.0,10700
85.44216455668791,13,4.0,-13190
85.44216802431364,17,8.0,-12879
85.44766176844773,17,1.0,-9591
85.45434953253911,16,3.0,9108
85.45501110220123,6,10.0,10729
85.46675845738667,7,4.0,10692
85.4770230094639,13,1.0,-13199
85.47720609684556,16,2.0,9463
85.48373408381157,17,4.0,-13144
85.4934106761964,16,1.0,9908
85.50744627741355,6,6.0,10734
85.51150771995088,16,12.0,9237
85.51387298559447,7,3.0,10717
85.5143595664105,11,2.0,10680
85.52398782300506,5,2.0,0
85.52551140838884,11,7.0,10702
85.54792403697915,15,1.0,-13101
85.55205343859978,16,2.0,10072
85.55786635252768,3,40.0,10738
85.57245416832413,16,5.0,9601
85.5952269651808,17,2.0,-12981
85.59674704645,16,55.0,9996
85.6077527965281,17,1.0,-9376
85.61963959294536,7,4.0,10704
85.62168796066547,6,4.0,10733
85.62172410387646,7,2.0,10672
85.62172410387646,16,2.0,10672
85.62300518619243,7,3.0,10682
85.6304034358342,5,7.0,0
85.6496054811719,17,1.0,-6428
85.65377461454207,6,4.0,10732
85.68282046287403,4,8.0,10739
85.68684110999986,16,8.0,489
85.68909324317926,17,7.0,-12929
85.69970699533098,6,3.0,10736
85.70826155412027,13,2.0,-13195
85.70826155412027,17,2.0,-13195
85.71162377794406,3,5.0,10740
85.71648701693206,16,18.0,2226
85.72977808548676,16,2.0,9619
85.73106811704508,10,7.0,10731
85.73208660624947,14,6.0,-13194
85.73479799757857,15,2.0,-13114
85.74037214418048,5,2.0,0
85.7415691633051,16,48.0,9595
85.74206793787296,17,1.0,-1380
85.74264996623423,13,1.0,-13198
85.74656096878138,17,14.0,-12851
85.74829997036545,15,1.0,-13117
85.74943852305803,11,1.0,10724
85.7601750428733,17,6.0,-13067
85.76216775874927,5,5.0,0
85.76925375489542,4,1.0,10741
85.77120226411944,4,18.0,10742
85.77304349267696,16,8.0,10278
85.80025838411132,16,4.0,9661
85.80303835170577,5,9.0,0
85.80317392655425,5,4.0,0
85.80461448881297,6,2.0,10728
85.80505753083175,16,14.0,9606
85.8233409661935,5,7.0,0
85.83105442292346,17,2.0,-13078
85.83172921139591,17,2.0,-13109
85.83355463364822,16,5.0,9965
85.84036132307034,17,2.0,-12848
85.85990893383168,7,1.0,10708
85.86390491447497,7,6.0,10679
85.9126360477582,17,2.0,-8153
85.91366645997182,4,3.0,10743
85.92493436807051,7,14.0,10628
85.93009599045973,1,2.0,10744
85.93870468427822,17,10.0,-12811
85.95446798641373,1,2.0,10745
85.95458681393336,17,5.0,-12375
85.95578082376241,17,2.0,-4838
85.99154860452535,14,4.0,-13201
85.99154860452535,17,4.0,-13201
85.99201285409148,13,1.0,-13196
85.99243856155965,11,8.0,10715
85.9960824024456,14,1.0,-13202
86.00750804778535,11,1.0,10675
86.01953859769675,15,1.0,-13131
86.0207547540965,17,5.0,-13192
86.03965535392184,16,1.0,5756
86.06098563760735,17,2.0,-13169
86.06342188934855,14,1.0,-13205
86.06342188934855,17,1.0,-13205
86.06356917333943,16,2.0,10459
86.06810966852443,113,51.0,-13207
86.07519526456528,7,3.0,10657
86.07891540324297,15,5.0,-13134
86.09499549535316,6,3.0,10720
86.09836469189744,15,2.0,-13132
86.09984292921492,7,2.0,10707
86.12627727502824,14,4.0,-13209
86.14694734985405,17,4.0,-12882
86.14845333566869,5,1.0,0
86.14951099002425,16,12.0,5418
86.15235567959994,11,4.0,10618
86.16624661018355,16,7.0,9855
86.17074464700625,5,5.0,0
86.19118607125047,13,3.0,-13211
86.198774701892,1,2.0,10746
86.22860540012991,4,11.0,10747
86.23835596321824,6,2.0,10735
86.23910700189079,7,1.0,10703
86.23948250193935,7,6.0,10683
86.24164932291637,6,8.0,10725
86.24983380752609,5,7.0,0
86.25496787277748,11,13.0,10721
86.25828552319071,10,11.0,10747
86.27376304865551,5,4.0,0
86.28013876522968,5,1.0,0
86.28997892807469,11,1.0,10650
86.29553434244025,16,13.0,10346
86.29559134718224,1,3.0,10748
86.29866749263657,10,40.0,10738
86.30050957098983,15,5.0,-13145
86.31175921325794,1,8.0,10749
86.318085693766,6,8.0,10749
86.32464163775605,5,6.0,0
86.3579951182757,5,3.0,0
86.35933323918599,14,3.0,-13208
86.37118017883274,16,4.0,8369
86.40357529514996,15,1.0,-13147
86.40682223536275,1,12.0,10750
86.41947301422583,16,2.0,9352
86.42210126594819,1,8.0,10751
86.42453933084535,1,3.0,10752
86.42998564804478,16,6.0,9714
86.44433199318486,1,6.0,10753
86.44832662770442,16,10.0,10160
86.45551604340011,6,1.0,10712
86.46419466007903,16,1.0,9708
86.47507995813802,17,2.0,-11220
86.47821392058097,11,53.0,10660
86.47970236464649,11,25.0,10709
86.48042508155864,16,3.0,9878
86.48264027004727,13,3.0,-13203
86.48729852583894,10,18.0,10742
86.49234667621992,17,6.0,-13110
86.505843586667,13,4.0,-13210
86.50779148677545,3,3.0,10754
86.51579786700336,1,8.0,10755
86.52345341442752,14,8.0,-13206
86.52605358925469,15,4.0,-13139
86.53687531023171,4,13.0,10756
86.54310433125103,11,14.0,10687
86.54496610747366,5,8.0,0
86.5532010108333,6,8.0,10751
86.55779581209424,6,3.0,10748
86.56133166043584,17,1.0,-13034
86.56435942757682,1,15.0,10757
86.57777919286931,17,3.0,-13107
86.59331177095976,4,5.0,10758
86.6137953841339,5,2.0,0
86.61396417049583,15,2.0,-13143
86.61396417049583,17,2.0,-13143
86.61554089120595,17,21.0,-12714
86.64915164338169,16,7.0,10202
86.6578983132915,11,18.0,10701
86.66470033351969,13,1.0,-13214
86.67746084409895,1,4.0,10759
86.67846936891465,14,7.0,-13212
86.67846936891465,17,7.0,-13212
86.70249104092629,10,13.0,10756
86.72119837598345,5,2.0,0
86.72267084641238,13,1.0,-13215
86.72485656890161,16,1.0,9050
86.72664798450359,1,4.0,10760
86.73084363553852,17,5.0,-13082
86.73723985522021,17,3.0,-12798
86.74171441575093,3,7.0,10761
86.74575127164925,11,55.0,10693
86.74612586336218,16,11.0,10132
86.75124470021818,17,1.0,-7702
86.77224382060774,10,8.0,10661
86.77241317252887,7,8.0,10730
86.7793434834562,4,17.0,10762
86.78016261475581,1,1.0,10763
86.78714410359193,17,2.0,-13088
86.79179489502972,16,2.0,10427
86.80397457838517,11,11.0,10719
86.81032289927491,6,3.0,10737
86.8375051173708,17,5.0,-12957
86.83942389513926,1,4.0,10764
86.84401806449831,13,3.0,-13216
86.85992867725761,10,5.0,10740
86.8617666930362,16,6.0,10101
86.86772387319643,14,1.0,-13204
86.87996798685721,16,9.0,9680
86.89648146140902,5,1.0,0
86.90502680688924,6,2.0,10746
86.90771506108109,10,5.0,10758
86.91168056618045,10,1.0,10722
86.9261087979338,7,2.0,10705
86.92758939711291,7,3.0,10694
86.9359858558187,6,4.0,10759
86.9644133631059,10,3.0,10754
86.96450205439952,17,2.0,-13085
86.96817376239142,6,8.0,10755
86.96985557948423,16,2.0,9862
86.97226997322932,13,1.0,-13213
86.97226997322932,17,1.0,-13213
86.97451180547137,5,2.0,0
86.98529354956706,3,39.0,10765
86.99882893483282,15,7.0,-13155
87.00758862282689,17,1.0,-12693
87.01613241546366,17,1.0,-12962
87.02861046826429,11,7.0,10726
87.04195831374562,16,7.0,6236
87.05191484737317,8,3.0,10720
87.05221469036586,5,4.0,0
87.05539939061194,3,52.0,10766
87.07338552538563,11,7.0,10731
87.09233436809585,6,12.0,10750
87.10547934960863,6,3.0,10752
87.11863277887801,1,3.0,10767
87.1192008306284,16,2.0,9690
87.12832962743195,16,3.0,8418
87.15493434152582,6,3.0,10767
87.17691017944199,10,1.0,10741
87.19107527375083,6,1.0,10763
87.19670599610316,5,3.0,0
87.21316123745993,7,4.0,10733
87.21945522800121,6,2.0,10745
87.25162366152742,7,2.0,10713
87.26818725661984,17,1.0,-3607
87.28864870205672,16,3.0,10490
87.29960865513621,17,1.0,-10938
87.3109122433912,6,6.0,10753
87.32833899877669,5,1.0,0
87.34361835089979,5,4.0,0
87.34456134741832,7,8.0,10749
87.35646686884685,7,3.0,10736
87.35998083268777,17,4.0,-1660
87.37584843210486,16,6.0,10471
87.38453850232817,6,4.0,10764
87.38517104021585,16,4.0,9111
87.3903439990113,17,4.0,-12961
87.39404921727181,17,16.0,-13116
87.40352524580835,1,8.0,10768
87.41197791863517,17,6.0,-13129
87.42488637846571,16,2.0,10270
87.429125053261,5,2.0,0
87.4304533926902,11,2.0,10674
87.4455358907785,16,3.0,6444
87.46131148744898,16,3.0,589
87.47546527077861,5,2.0,0
87.488579063647,5,2.0,0
87.49615881833448,1,4.0,10769
87.51703260768097,9,3.0,10720
87.5213421452087,16,5.0,9114
87.57637574647552,1,7.0,10770
87.58396052602114,6,4.0,10769
87.58418659432593,5,3.0,0
87.58453454900094,16,1.0,9581
87.59065349562167,1,3.0,10771
87.59413827499253,17,10.0,-10564
87.60201647105376,1,5.0,10772
87.60493330154637,5,3.0,0
87.61481689533615,10,8.0,10739
87.62191838730656,16,1.0,10103
87.64838232961088,10,3.0,10743
87.66799048496357,7,3.0,10737
87.67231594624202,16,18.0,10028
87.68689605417212,1,2.0,10773
87.70298319513057,17,1.0,-13086
87.72058704747725,11,53.0,10697
87.72851795333123,1,1.0,10774
87.72884358789108,17,1.0,-13160
87.74604361959962,5,2.0,0
87.75278807459466,7,8.0,10711
87.76189401764768,1,4.0,10775
87.76372148183586,1,1.0,10776
87.76960689932487,16,2.0,10379
87.7736608138781,11,17.0,10723
87.7736660952604,7,1.0,10685
87.7832045162026,16,6.0,9313
87.78358947965656,16,2.0,10298
87.8004651092861,16,46.0,152
87.80162119944086,17,1.0,-13044
87.80553097591337,17,23.0,-5854
87.83096480395803,7,6.0,10734
87.84303128759964,6,8.0,10768
87.85519268881706,10,17.0,10762
87.8699233223326,16,3.0,9800
87.87325081791238,6,5.0,10772
87.886972039393,7,1.0,10718
87.90443975691778,17,55.0,-12865
87.91725358797342,17,1.0,-10865
87.9217024066381,16,4.0,10150
87.93465515968948,6,2.0,10773
87.9418282381868,16,7.0,4941
87.9459913041213,1,7.0,10777
87.94716978755355,17,8.0,-13077
87.94717983043188,5,3.0,0
87.95454951343002,1,5.0,10778
87.95904477129629,16,29.0,1455
87.96309696733437,1,2.0,10779
87.97026315982433,6,10.0,10716
87.97098386656309,1,3.0,10780
87.9792182015223,3,6.0,10781
87.98219331339747,1,5.0,10782
87.99971397323031,16,1.0,10116
88.01364852799736,16,1.0,4029
88.01781228560876,6,5.0,10778
88.03011006539057,16,2.0,10079
88.03178551445161,3,6.0,10783
88.03636472805992,6,4.0,10775
88.0369451526772,6,7.0,10770
88.0397810383239,17,1.0,-12158
88.04369853837606,17,2.0,-12963
88.04709026050236,1,9.0,10784
88.0484395993315,10,39.0,10765
88.06065236216924,5,4.0,0
88.06479847822709,17,1.0,-13184
88.07878625616326,16,2.0,10363
88.08249357650851,7,4.0,10732
88.0830223965673,10,7.0,10761
88.09156699529385,6,1.0,10774
88.09580218789168,7,3.0,10645
88.11962966851,7,8.0,10751
88.11969737577853,6,4.0,10760
88.12543745399982,16,1.0,9868
88.14694211487662,17,3.0,-3355
88.15903311946292,11,15.0,10698
88.17402269723566,16,3.0,10081
88.1962873301684,5,2.0,0
88.19854316048188,5,3.0,0
88.20865571308701,6,1.0,10776
88.20975771690823,5,3.0,0
88.21610702752521,16,8.0,10648
88.22642669442298,16,5.0,10508
88.22832954800393,16,7.0,3963
88.2317446628481,17,11.0,-13021
88.2705560171689,16,60.0,10251
88.29812935986733,7,6.0,10753
88.30484649038029,1,8.0,10785
88.31545049113569,5,3.0,0
88.32899312497192,5,4.0,0
88.33130177947368,1,9.0,10786
88.33325860491627,17,4.0,-11245
88.34429121112848,10,6.0,10781
88.38226474830135,16,4.0,5436
88.38509632817077,16,6.0,10300
88.39300449347354,6,9.0,10784
88.397063938998,17,1.0,-9960
88.40370692194006,5,1.0,0
88.43218790001903,6,2.0,10727
88.43643404070814,17,1.0,-12758
88.45222022799875,4,27.0,10787
88.46430647216646,11,40.0,10738
88.46607678061386,17,1.0,-12953
88.47216254352136,17,3.0,-11159
88.52028414881246,6,2.0,10744
88.52310084708881,6,15.0,10757
88.52442544312544,3,5.0,10788
88.52959424063027,4,11.0,10789
88.5678633104563,7,8.0,10725
88.58207938389,7,2.0,10728
88.58760278815292,4,6.0,10790
88.59522786233538,17,2.0,-13152
88.6117885078344,6,2.0,10779
88.62593932767247,1,6.0,10791
88.62595368160147,5,3.0,0
88.6296799879683,11,11.0,10747
88.64767569444425,7,4.0,10769
88.66490458911713,3,18.0,10792
88.67682700220573,7,10.0,10729
88.69362762185247,6,3.0,10780
88.70749349163917,11,8.0,10661
88.71408187152437,7,1.0,10712
88.73322449299604,7,2.0,10735
88.7699219285309,3,10.0,10793
88.77205218225137,10,27.0,10787
88.78826759228068,5,2.0,0
88.79891883105063,5,1.0,0
88.81155297658216,5,3.0,0
88.84080594385424,17,2.0,-13163
88.87175551436552,7,1.0,10763
88.87618556859479,16,25.0,9354
88.92139408041558,4,5.0,10794
88.92618727202827,11,13.0,10756
88.93465857376555,5,4.0,0
88.95669494966727,7,2.0,10745
88.96828030008588,1,3.0,10795
88.97738595569965,7,3.0,10748
88.98229221431903,10,6.0,10783
89.00714401576741,17,40.0,-10753
89.0304522569058,17,2.0,-13193
89.03111842666638,16,54.0,2202
89.0489186013048,7,4.0,10760
89.05813148381388,5,2.0,0
89.05898337649371,1,4.0,10796
89.06378482993398,5,3.0,0
89.07298347697333,5,41.0,0
89.07610660437017,17,5.0,-13200
89.07786189188282,3,30.0,10797
89.07811482364566,17,1.0,-13176
89.08091356051709,5,40.0,0
89.08903089462645,16,19.0,10248
89.10062230324473,6,5.0,10782
89.10329930386231,17,8.0,-13188
89.1049388507851,10,30.0,10797
89.11367921077033,5,8.0,0
89.11562360711201,1,10.0,10798
89.11742556454197,5,7.0,0
89.13110707784467,11,5.0,10740
89.14539803348713,1,13.0,10799
89.15621874541657,7,3.0,10767
89.1816848758555,16,2.0,397
89.20280710072804,5,3.0,0
89.209661949699,7,5.0,10772
89.23430746943241,17,1.0,-10217
89.24369502675894,17,1.0,-2229
89.25980675308983,6,10.0,10798
89.26802340281935,7,3.0,10752
89.27140409945187,11,18.0,10742
89.27916373347344,8,9.0,10784
89.28550878907555,5,1.0,0
89.30217515365489,5,5.0,0
89.30345043880074,7,8.0,10768
89.30914034385023,6,4.0,10796
89.31347689309614,7,1.0,10776
89.31373480733566,11,17.0,10762
89.34307767645852,9,9.0,10784
89.35236179624307,4,8.0,10800
89.35729174547271,17,2.0,-10832
89.36060941949856,16,6.0,10243
89.37891664123919,6,3.0,10771
89.38015171174946,11,7.0,10761
89.38668493468847,11,6.0,10783
89.40836249604911,7,10.0,10716
89.41278168776778,6,3.0,10714
89.43196547208859,16,7.0,5808
89.43385325594087,11,27.0,10787
89.43557768415113,7,7.0,10770
89.44351970597761,11,5.0,10758
89.44889562538812,5,2.0,0
89.45847405209085,11,6.0,10781
89.47159922713931,7,2.0,10746
89.49282721346191,5,13.0,0
89.4951023683907,11,1.0,10741
89.5052385868759,17,1.0,-12967
89.52541345430383,5,10.0,0
89.52718171104135,16,5.0,226
89.52799672873667,5,1.0,0
89.53305605581822,17,7.0,-13035
89.53578001903877,16,3.0,10409
89.54860160581192,10,5.0,10788
89.60620023015771,10,52.0,10766
89.62026933626672,16,1.0,1531
89.6230517713688,1,1.0,10801
89.63583034154172,6,3.0,10795
89.6527487559673,11,3.0,10754
89.68979313002058,6,1.0,10801
89.69262758386463,16,4.0,9986
89.69501218286669,7,8.0,10755
89.72106248465154,10,11.0,10789
89.75190343813756,7,4.0,10764
89.75220787244399,7,2.0,10773
89.80564792851091,16,19.0,9854
89.81817512873559,16,2.0,10211
89.8284949942437,10,5.0,10794
89.84229623848643,16,3.0,10394
89.84486713684377,11,1.0,10722
89.84889764833953,17,6.0,-12819
89.85667973173679,16,6.0,126
89.86992554527427,16,8.0,10649
89.88147960120777,5,1.0,0
89.89654718317814,16,30.0,8474
89.93365510699554,5,2.0,0
89.96102365434109,17,2.0,-8369
89.9701704593291,17,2.0,-12650
89.97724628256698,5,1.0,0
89.97869651989811,7,15.0,10757
89.98521586930895,1,4.0,10802
89.98639705444413,5,7.0,0
89.98837065614487,16,6.0,10457
89.99265932070526,17,1.0,-9520
90.0015814980272,5,3.0,0
90.00199382886784,10,10.0,10793
90.00728841244535,4,3.0,10803
90.01145050437391,7,2.0,10744
90.03143079575025,18,,0
90.03144791014624,104,8.0,10804
90.07281494987434,16,2.0,10181
90.07633351151685,17,2.0,-2281
90.08533704458691,6,7.0,10777
90.1072126982181,6,13.0,10799
90.11546383465597,1,7.0,10805
90.13086699250823,5,4.0,0
90.14029139031474,1,10.0,10806
90.14900007230897,7,4.0,10775
90.16936851643045,17,1.0,-12639
90.18279977392098,6,8.0,10785
90.19034996534327,7,2.0,10727
90.19118607125047,17,3.0,-13211
90.21146412592861,4,2.0,10807
90.21608569364231,17,1.0,-13015
90.22372163439981,17,7.0,-6008
90.23183090747138,4,15.0,10808
90.23206024815813,5,7.0,0
90.24628941166277,17,3.0,-12891
90.25937283731074,6,10.0,10806
90.29024157230403,17,2.0,-4398
90.3063299994817,1,4.0,10809
90.30743058703243,16,11.0,9835
90.31618578787315,7,5.0,10782
90.32490857371589,7,3.0,10771
90.35663668548759,7,4.0,10759
90.35726192652056,17,1.0,-13011
90.36519429713061,17,2.0,-12904
90.36719844918665,16,1.0,5743
90.37113444379378,17,1.0,-2926
90.38526732995949,16,4.0,10242
90.3860911111467,16,40.0,4614
90.3881186471131,6,6.0,10791
90.40919088609643,7,3.0,10795
90.41421813020942,5,2.0,0
90.45394289086506,12,8.0,10804
90.45860189676264,16,2.0,9293
90.46398007995202,16,10.0,9872
90.47236640410884,17,6.0,-4013
90.47277315327571,11,3.0,10743
90.48881848237477,16,5.0,5124
90.49442689382442,16,2.0,8625
90.49833008481704,10,2.0,10807
90.50991816887492,16,5.0,10090
90.52830666214393,16,6.0,8616
90.5393222081747,5,3.0,0
90.54057930087485,11,8.0,10739
90.54641119333334,16,5.0,10605
90.57921533965163,5,5.0,0
90.62540942184933,16,4.0,10514
90.63489176943654,16,1.0,9897
90.64648032736393,7,5.0,10778
90.66470033351969,17,1.0,-13214
90.67104445807715,4,2.0,10810
90.68171716163393,11,52.0,10766
90.68615746164448,1,4.0,10811
90.69378191769268,17,1.0,-9639
90.69707765433948,17,3.0,-12877
90.75382798441295,17,2.0,-4714
90.75612724830503,4,6.0,10812
90.77797754291176,4,4.0,10813
90.7783367860975,11,39.0,10765
90.78692833060602,17,1.0,-12869
90.79296904308875,17,3.0,-9829
90.84602640524035,10,18.0,10792
90.88334415911447,16,2.0,10275
90.9261087979338,16,2.0,10705
90.92694840599533,17,2.0,-13104
90.93012824444766,5,3.0,0
90.93242112438446,16,5.0,10544
90.93692036348297,5,5.0,0
90.95220293728448,5,2.0,0
90.96287402080793,16,4.0,9999
90.97718495599246,16,52.0,82
90.99036607397277,7,10.0,10798
91.01332694642754,3,22.0,10814
91.0461103521025,5,2.0,0
91.05389655505688,5,4.0,0
91.06558099623146,16,6.0,4100
91.08377143069767,17,1.0,-12977
91.09064387272139,17,1.0,-12975
91.11114842692852,16,14.0,10479
91.11118113114088,7,12.0,10750
91.11327570106698,1,6.0,10815
91.12510469003229,5,10.0,0
91.13109149220546,10,6.0,10790
91.1492925626538,16,4.0,10454
91.1521849871742,16,13.0,4399
91.18503131975224,16,4.0,10158
91.18665653612537,5,6.0,0
91.1897825698246,7,4.0,10796
91.1897825698246,16,4.0,10796
91.20098943034189,5,7.0,0
91.20356123577359,11,11.0,10789
91.21308467602965,7,8.0,10785
91.21761448219776,7,3.0,10714
91.22275414543869,10,3.0,10803
91.22750377673735,5,3.0,0
91.23506124758951,11,18.0,10792
91.25701814541219,16,3.0,10192
91.26460140808604,5,2.0,0
91.26880883917151,6,9.0,10786
91.27447847025127,16,7.0,4254
91.28298503553106,10,8.0,10800
91.29722498272253,10,4.0,10813
91.30233337325407,6,4.0,10811
91.30311142940705,7,6.0,10791
91.31047706914758,16,1.0,6306
91.33330724658609,16,12.0,10231
91.33856078956562,12,10.0,10793
91.34203735644027,5,2.0,0
91.34860403804387,11,5.0,10794
91.37299048045783,5,3.0,0
91.39677152228285,17,4.0,-13103
91.41344662986015,6,6.0,10815
91.41901106169236,7,10.0,10806
91.42242220241397,7,7.0,10777
91.42708844401248,5,2.0,0
91.44185053960135,17,1.0,-13140
91.44287740359015,16,6.0,9865
91.45479862147054,16,6.0,9137
91.47660559315466,5,3.0,0
91.4841922247323,16,1.0,5775
91.50572451614325,7,1.0,10801
91.52332680471383,11,2.0,10807
91.53642450580543,9,8.0,10804
91.54171197956865,16,2.0,10073
91.54650477150014,6,7.0,10805
91.55090627669773,10,2.0,10810
91.56051495687656,16,2.0,10005
91.57086733641582,17,2.0,-4279
91.593825597996,7,1.0,10774
91.63033166964591,5,2.0,0
91.6378426020817,10,15.0,10808
91.64842215505595,5,5.0,0
91.71296790090892,10,6.0,10812
91.7316081677472,17,2.0,-9484
91.73708213244942,8,9.0,10786
91.74543140287898,1,1.0,10816
91.81921684796522,6,1.0,10816
91.8199924362532,5,1.0,0
91.83926769001327,17,1.0,-13068
91.84961900220863,5,9.0,0
91.86843485352068,7,2.0,10779
91.869186158005,5,2.0,0
91.89082571990961,5,2.0,0
91.90501936497701,17,4.0,-2207
91.912122625188,5,4.0,0
91.91330284638418,17,2.0,-8877
91.91496029629674,17,1.0,-13182
91.91579090902714,7,3.0,10780
91.92002594389663,17,2.0,-3868
91.97184726655911,5,2.0,0
91.97586727358068,17,3.0,-6097
91.97898618382436,5,1.0,0
91.98502213943314,16,11.0,10550
92.00086512618738,1,1.0,10817
92.03131014179792,18,,0
92.03160077071378,104,2.0,10818
92.06276427337669,16,3.0,2381
92.08763662425022,16,4.0,10484
92.1084850803773,17,1.0,-10284
92.11396179793616,17,2.0,-12868
92.14435472504208,11,5.0,10788
92.14435472504208,16,5.0,10788
92.16031833624211,5,3.0,0
92.21321987389508,17,1.0,-12787
92.21548684750745,16,3.0,10621
92.21984239533857,17,1.0,-6768
92.22112138710455,16,9.0,10513
92.23948250193935,16,6.0,10683
92.25635335427972,17,2.0,-5004
92.2686399591067,17,1.0,-12739
92.28973646915958,16,5.0,10142
92.29201223998747,11,4.0,10813
92.30050957098983,17,5.0,-13145
92.30345043880074,16,8.0,10768
92.33657779030365,16,18.0,9937
92.33869932397766,11,30.0,10797
92.35455953307995,1,10.0,10819
92.36065474079167,16,10.0,9542
92.3862800339966,16,59.0,9863
92.39440746932948,12,2.0,10818
92.40262827686554,4,13.0,10820
92.41928087960508,17,2.0,-12852
92.42126098104907,16,48.0,9286
92.47000892478806,16,40.0,4502
92.48672798041135,10,22.0,10814
92.51729186163217,17,1.0,-8867
92.53225855663169,16,2.0,3563
92.54313771709073,5,3.0,0
92.55225776329044,16,5.0,10551
92.56203560201807,16,4.0,9639
92.56319550203963,5,2.0,0
92.58639671981071,16,1.0,10317
92.5913394874469,9,10.0,10793
92.60825374150261,16,49.0,171
92.6103087237207,6,4.0,10802
92.62057771095901,6,4.0,10809
92.6296799879683,16,11.0,10747
92.6298226400475,17,2.0,-8848
92.63151775936494,5,16.0,0
92.68609545003498,16,36.0,8847
92.69224723228132,17,1.0,-4692
92.71480045779843,5,1.0,0
92.72500711546353,5,1.0,0
92.7263788660076,17,5.0,-6358
92.73322449299604,16,2.0,10735
92.78158861210949,7,13.0,10799
92.82362633957838,17,5.0,-2093
92.83650496870746,5,1.0,0
92.87473852599075,11,2.0,10810
92.87599480601851,16,4.0,9221
92.89637956942289,5,4.0,0
92.90089587844558,7,6.0,10815
92.90899927514069,17,12.0,-10000
92.92758939711291,16,3.0,10694
92.93954052521985,17,1.0,-1941
92.93954761446811,17,1.0,-13180
92.95425342597318,1,1.0,10821
92.95484497504447,16,5.0,10204
92.99907792472008,16,4.0,9637
93.01220803791306,18,,0
93.01236667554258,103,7.0,10822
93.03328540085343,16,9.0,10183
93.03739429726363,1,2.0,10823
93.05396412733339,9,2.0,10818
93.0557577912754,5,7.0,0
93.06553726849288,11,3.0,10803
93.07593095306316,11,6.0,10812
93.07767014494955,16,49.0,2757
93.09111835397064,16,1.0,10559
93.11408615115654,12,7.0,10822
93.12627727502824,17,4.0,-13209
93.13407182915796,7,4.0,10811
93.16341549417251,17,40.0,-2648
93.19324122377928,11,8.0,10800
93.19436926022031,5,2.0,0
93.2103989032143,16,5.0,10201
93.22135302721709,5,3.0,0
93.26005670619176,7,1.0,10816
93.27830492008283,5,4.0,0
93.2916047947337,17,2.0,-3634
93.31909874587208,5,1.0,0
93.32338778548444,9,9.0,10786
93.32853179393943,7,7.0,10805
93.3808743226627,5,7.0,0
93.45272633782426,17,3.0,-821
93.4747556943573,17,3.0,-3749
93.48264027004727,17,3.0,-13203
93.48910757315667,6,1.0,10821
93.505843586667,17,4.0,-13210
93.51989819882196,17,4.0,-13161
93.52431318621991,17,6.0,-9645
93.52690826059364,9,7.0,10822
93.566894153567,16,4.0,10006
93.60136812811074,10,13.0,10820
93.62053331871577,5,1.0,0
93.63126653415848,5,4.0,0
93.71899436581711,17,2.0,-13091
93.73276943231832,7,4.0,10809
93.78633825493492,17,4.0,-6396
93.81347231815815,17,1.0,-13080
93.83136598372106,5,10.0,0
93.83262442350137,5,2.0,0
93.84601431723392,5,1.0,0
93.87593171961929,6,2.0,10823
93.87856838966478,5,1.0,0
93.88250771129584,17,3.0,-13122
93.89707437245748,5,5.0,0
93.91055569205582,16,8.0,10286
93.97532550412676,5,1.0,0
93.98833846807435,16,2.0,10670
94.00457713785526,17,3.0,-9644
94.03237611842218,16,16.0,9783
94.04235441254292,5,1.0,0
94.0843814221214,5,4.0,0
94.14749719020344,11,6.0,10790
94.16153978719865,16,5.0,10113
94.16486707973186,5,4.0,0
94.17268069674115,3,7.0,10824
94.17413953859239,11,15.0,10808
94.23166412156255,17,3.0,-13092
94.26378380579618,5,1.0,0
94.27241672104167,11,22.0,10814
94.28206244615396,6,10.0,10819
94.34164171678144,5,4.0,0
94.35231514348447,5,5.0,0
94.36773516880211,16,11.0,10100
94.3685789911095,16,3.0,877
94.38911624316007,17,2.0,-13102
94.40160676484675,5,2.0,0
94.40357529514996,17,1.0,-13147
94.44778879799806,16,7.0,10143
94.46219590673435,16,5.0,2232
94.48060936543109,10,7.0,10824
94.55010946265467,17,4.0,-13166
94.57508418655378,5,4.0,0
94.57718443874774,5,4.0,0
94.61570878356459,16,9.0,10440
94.62054910409384,17,2.0,-7207
94.6228547421639,16,8.0,10444
94.65145634510561,5,3.0,0
94.66484862081519,17,1.0,-7060
94.69246378888876,1,2.0,10825
94.700829623581,4,18.0,10826
94.72804742488579,5,1.0,0
94.74014054671011,16,9.0,10594
94.76543126898656,16,4.0,7997
94.77652005961244,5,1.0,0
94.78103023110448,5,1.0,0
94.78588576593972,16,4.0,10085
94.79844420365237,16,4.0,10153
94.80689893009387,16,34.0,9115
94.80807378200652,16,1.0,9479
94.81439389760085,17,1.0,-6868
94.82188515533267,16,5.0,10486
94.82446942366094,17,2.0,-8392
94.83039989249056,5,16.0,0
94.83669916278956,16,39.0,8198
94.86700129352779,7,2.0,10823
94.86772387319643,17,1.0,-13204
94.87389974209466,5,1.0,0
94.87472949288605,17,6.0,-13072
94.90370401528482,17,1.0,-1927
94.92744455473967,17,8.0,-13071
94.92796588376248,16,1.0,10562
94.92886002509697,5,6.0,0
94.97553565530909,5,4.0,0
95.01587243415064,17,5.0,-13014
95.01620596786088,16,1.0,8788
95.03845588397988,5,1.0,0
95.04742389024791,18,,0
95.04745004563716,101,1.0,10827
95.12767943712448,16,3.0,3078
95.13309357125799,5,40.0,0
95.13541644453606,16,1.0,6842
95.1531660339551,5,4.0,0
95.16768039814269,8,1.0,10827
95.19663448664721,5,5.0,0
95.25597587412926,17,1.0,-8285
95.25915155238322,17,43.0,-10717
95.29730809447348,6,1.0,10817
95.30553181707043,17,2.0,-3405
95.31798496378366,16,13.0,283
95.35364935852635,16,3.0,10596
95.37349628074791,16,3.0,10666
95.37625066305974,17,1.0,-4588
95.38149514610606,17,4.0,-7553
95.44216455668791,17,4.0,-13190
95.46706869845221,7,4.0,10802
95.47203958575872,16,7.0,10545
95.47821392058097,16,53.0,10660
95.48293688763817,16,2.0,10529
95.48856620227733,16,3.0,9482
95.49290644007276,5,1.0,0
95.50734029920444,5,1.0,0
95.50801427750311,17,2.0,-10079
95.51899907318774,6,2.0,10825
95.53786201186675,17,1.0,-9305
95.53792484717235,5,6.0,0
95.5705818714201,17,1.0,-11338
95.58455343326371,5,2.0,0
95.5920776087522,17,6.0,-13171
95.60342794245287,16,4.0,10622
95.60742283738261,16,15.0,10369
95.65401797476625,17,1.0,-13186
95.67616044520219,17,3.0,-1447
95.70843514269275,5,4.0,0
95.71449127724468,1,2.0,10828
95.72297038487991,5,1.0,0
95.76269052215699,16,2.0,10003
95.7783367860975,16,39.0,10765
95.79682848307979,16,8.0,10607
95.83566286000531,17,15.0,-12951
95.85990893383168,16,1.0,10708
95.89107039138868,10,18.0,10826
95.89339499047679,17,6.0,-13105
95.9059940089533,3,41.0,10829
96.02417431533947,16,6.0,10401
96.08961483816685,1,2.0,10830
96.11157041914548,5,2.0,0
96.11747633541694,16,2.0,10361
96.1662074136279,17,1.0,-12172
96.21489164889937,5,10.0,0
96.21589925320468,6,2.0,10830
96.28432275501123,16,55.0,10438
96.28870711378633,5,4.0,0
96.28984710419842,5,6.0,0
96.29176624345254,5,4.0,0
96.33086400042777,1,4.0,10831
96.36084333784427,17,1.0,-5563
96.41358444616458,16,3.0,6904
96.41938512973245,17,1.0,-13017
96.44027810715806,17,2.0,-13069
96.44857247367052,3,4.0,10832
96.45223324999583,1,2.0,10833
96.4618672562499,17,2.0,-10657
96.5496321230922,5,3.0,0
96.55685531622049,5,1.0,0
96.55695424266439,5,2.0,0
96.60672203913214,16,3.0,10652
96.61109465900822,6,4.0,10831
96.6115492915257,17,3.0,-8986
96.61263176018453,17,4.0,-13058
96.62725861533264,16,3.0,10609
96.63019037074505,16,1.0,7687
96.64017025649227,16,2.0,10673
96.65866936200328,17,1.0,-10475
96.66721294457236,17,7.0,-5222
96.68987917159055,10,41.0,10829
96.7159379392785,17,1.0,-13033
96.76898152346956,7,2.0,10825
96.79180143993834,10,4.0,10832
96.80097431011394,5,2.0,0
96.80253741350616,16,3.0,9810
96.81647536551658,5,22.0,0
96.85400359836432,17,2.0,-12738
96.86788512732143,17,2.0,-13185
96.89890987206677,17,3.0,-5986
96.98608687372129,5,4.0,0
97.02479931151589,1,6.0,10834
97.05649206973149,17,3.0,-13178
97.05806393706523,6,6.0,10834
97.15621874541657,16,3.0,10767
97.15699202052915,4,5.0,10835
97.16750075133555,5,1.0,0
97.2209473154444,5,37.0,0
97.26562483644521,11,7.0,10824
97.28099491448594,17,2.0,-13097
97.29202367827067,6,2.0,10833
97.32210345404137,17,2.0,-13151
97.35128852245653,17,3.0,-13142
97.35309897711176,5,2.0,0
97.37097567114039,1,4.0,10836
97.38077767030063,5,2.0,0
97.43129679993888,9,1.0,10827
97.43897560628452,7,1.0,10821
97.51142937645412,6,2.0,10828
97.52094379316866,17,2.0,-9028
97.53653248500886,5,2.0,0
97.55791903136665,11,13.0,10820
97.5626006545601,5,1.0,0
97.57030227161559,5,4.0,0
97.60956188591058,16,7.0,1484
97.63040382731754,5,2.0,0
97.6313082039984,1,1.0,10837
97.63427425756655,17,52.0,-7500
97.72102299039757,7,1.0,10817
97.72570556711942,1,6.0,10838
97.751569397663,5,3.0,0
97.7587408870808,7,10.0,10819
97.76896396989368,16,3.0,10531
97.78573678167079,1,4.0,10839
97.81437529369035,5,1.0,0
97.81858913121891,7,2.0,10830
97.84303672865802,5,7.0,0
97.85369960903591,16,3.0,5650
97.9093501473852,16,1.0,8795
97.92618727202827,16,13.0,10756
97.9520507307216,6,6.0,10838
97.96415411956782,17,2.0,-7474
98.01477356586253,16,2.0,4854
98.02861046826429,16,7.0,10726
98.02932350145548,17,1.0,-9254
98.03186091102656,6,1.0,10837
98.08249357650851,16,4.0,10732
98.09509826271538,17,1.0,-9006
98.10199965025772,5,2.0,0
98.13718026631163,6,4.0,10836
98.13844304774977,16,9.0,2557
98.1469279949044,4,1.0,10840
98.15154468692353,16,1.0,6891
98.15310643208457,17,1.0,-12903
98.15691935814012,11,41.0,10829
98.21961354682738,17,7.0,-747
98.22794132938817,16,30.0,7202
98.24934166901653,17,3.0,-12910
98.28997892807469,16,1.0,10650
98.29033348261201,1,3.0,10841
98.30542133393546,8,2.0,10833
98.328229500404,17,3.0,-1802
98.32913250170245,17,1.0,-91
98.35572093124948,5,2.0,0
98.41779189176965,5,2.0,0
98.42067500652998,17,1.0,-13197
98.43557768415113,16,7.0,10770
98.46288059296774,5,4.0,0
98.46405215006497,17,2.0,-5512
98.47749806346451,17,3.0,-12971
98.50669783941582,16,11.0,1679
98.51754110467084,16,27.0,9695
98.54223342392274,16,2.0,3088
98.55165477330378,17,3.0,-13154
98.55729567260643,5,6.0,0
98.58373313578741,5,10.0,0
98.58610717142835,17,5.0,-5825
98.59354141075204,7,4.0,10831
98.67961081720041,5,4.0,0
98.68364257605248,5,2.0,0
98.68475257741878,16,12.0,10456
98.70749349163917,16,8.0,10661
98.70954156797622,6,4.0,10839
98.74829997036545,17,1.0,-13117
98.78675066044894,5,2.0,0
98.8081980177512,17,1.0,-1754
98.80882627432283,17,8.0,-7170
98.83024472404689,5,3.0,0
98.85002797408669,17,2.0,-13098
98.8877900248103,16,4.0,3407
98.89341423168018,5,4.0,0
98.90575505359622,16,3.0,9736
98.92199860304662,4,8.0,10842
98.92461995625904,12,4.0,10832
98.92740737112712,16,4.0,6805
98.9344467108421,5,3.0,0
98.94141384344739,5,1.0,0
98.94596032033469,9,2.0,10833
98.97650994491579,16,15.0,1878
98.97754144651846,10,8.0,10842
98.9784712273202,16,4.0,5469
98.9886668189078,5,4.0,0
99.03108082801299,1,1.0,10843
99.09369373196233,17,3.0,-7459
99.11361267021086,17,1.0,-1048
99.17114187843949,6,3.0,10841
99.17485864201547,5,4.0,0
99.18555858345152,16,3.0,1174
99.20696269540352,5,4.0,0
99.20897767331634,5,4.0,0
99.21437154446356,5,1.0,0
99.34620490547337,16,2.0,1170
99.35933323918599,17,3.0,-13208
99.37178057784934,6,1.0,10843
99.39276258433662,7,6.0,10838
99.41594218034682,7,2.0,10828
99.44230668736027,11,18.0,10826
99.46875721974267,16,6.0,10324
99.47559423178586,5,3.0,0
99.4770230094639,17,1.0,-13199
99.50366675641138,17,3.0,-11490
99.5072709909209,5,2.0,0
99.54473232288662,16,5.0,8527
99.63019346086627,5,10.0,0
99.63584212597102,5,3.0,0
99.66366706481853,10,1.0,10840
99.67340965722825,5,1.0,0
99.70124520375501,5,4.0,0
99.70555913068318,17,1.0,-5980
99.71408187152437,16,1.0,10712
99.72423500636252,17,2.0,-10795
99.76544721725249,16,7.0,1873
99.80103388464514,10,5.0,10835
99.83006966477403,16,9.0,10303
99.85632294945333,16,3.0,5791
99.96189959486306,1,15.0,10844
99.98789865812083,7,1.0,10837
99.99022440741517,5,10.0,0
100.01062486118741,17,2.0,-13174
100.01715858758519,5,26.0,0
100.02546494195579,5,1.0,0
100.051613912031,17,1.0,-11044
100.07221467617907,16,15.0,1964
100.08915909195966,17,5.0,-9437
100.09580218789168,16,3.0,10645
100.14662031672815,17,3.0,-6307
100.15600856309977,5,55.0,0
100.20645107278398,17,6.0,-3428
100.21748054884515,17,4.0,-9140
100.23572923697343,7,6.0,10834
100.23572923697343,16,6.0,10834
100.25111600768912,5,1.0,0
100.25274324812554,17,2.0,-5329
100.29585331705862,17,4.0,-10186
100.31118095071557,5,4.0,0
100.31618578787315,16,5.0,10782
100.32338778548444,16,9.0,10786
100.33685952023114,17,4.0,-8432
100.33897836509401,17,2.0,-13051
100.35991936461161,7,4.0,10836
100.393817949767,16,35.0,4103
100.40547940370658,16,12.0,390
100.4447932001376,16,4.0,8665
100.46620875633697,6,15.0,10844
100.47776405707263,16,10.0,3508
100.51098442173532,9,4.0,10832
100.55396689982095,17,5.0,-6767
100.65901929522653,5,2.0,0
100.68415751769325,5,1.0,0
100.73147444372252,5,10.0,0
100.76345541777303,17,1.0,-6186
100.81056799043635,17,9.0,-9978
100.83261967613868,17,2.0,-11401
100.9014903038978,11,8.0,10842
100.90958647029832,17,2.0,-11403
101.02723498263744,5,5.0,0
101.04967911258201,5,2.0,0
101.05820065996168,5,1.0,0
101.09895334488793,5,5.0,0
101.1499120502395,16,7.0,1503
101.16042190541866,17,4.0,-1044
101.16430294594215,17,4.0,-12603
101.1788012690721,17,2.0,-13057
101.1959208152122,11,5.0,10835
101.21262527162199,17,1.0,-12952
101.24675389597134,17,2.0,-10267
101.26668990883643,17,3.0,-927
101.29173490380686,5,5.0,0
101.29182850507239,16,32.0,10389
101.35332835345125,5,7.0,0
101.37833416661196,16,54.0,1018
101.39761991432248,5,1.0,0
101.42926199875468,16,28.0,1999
101.43204414975797,16,5.0,1778
101.46033480697878,17,1.0,-3713
101.462655986326,7,4.0,10839
101.47131889029801,5,2.0,0
101.51588812218009,16,5.0,10059
101.57435567479571,5,3.0,0
101.5788524468799,16,1.0,8896
101.60168212297049,5,3.0,0
101.6282865584701,5,1.0,0
101.62892252157134,17,3.0,-6575
101.64586786386056,5,1.0,0
101.70290146354857,17,1.0,-497
101.7394122670449,7,15.0,10844
101.78790724373975,5,2.0,0
101.7954603395935,17,17.0,-4373
101.82602384779376,17,5.0,-11546
101.85087920771366,5,4.0,0
101.86078746470204,16,2.0,6953
101.875462225008,17,4.0,-2718
102.00698362610459,11,1.0,10840
102.05396412733339,16,2.0,10818
102.07467998892375,7,3.0,10841
102.08065813521348,17,1.0,-3130
102.08610259131724,16,3.0,3259
102.12966070038425,16,5.0,3237
102.14804362331029,7,1.0,10843
102.1916006747227,5,3.0,0
102.33847326322989,5,3.0,0
102.34800235115878,5,1.0,0
102.35455462166638,16,2.0,434
102.35587673646488,5,2.0,0
102.3639817291425,17,1.0,-4261
102.38417722944887,5,1.0,0
102.39489483000904,17,1.0,-4814
102.41234210906838,5,1.0,0
102.41577640127736,16,3.0,10310
102.46919096258777,5,1.0,0
102.48122833099545,16,12.0,10636
102.50020540070467,17,1.0,-13032
102.54518906748525,16,4.0,9183
102.55080847569245,17,1.0,-4687
102.56415440707947,17,2.0,-13090
102.65601099856987,17,2.0,-9265
102.74575127164925,16,55.0,10693
102.76074872817591,5,2.0,0
102.7736660952604,16,1.0,10685
102.89454295365542,17,2.0,-2372
102.91142094319495,5,2.0,0
102.92353933473308,5,2.0,0
102.98064150335188,16,7.0,1940
103.04837636849012,16,4.0,9501
103.07872086663355,16,6.0,8799
103.08689858755982,5,2.0,0
103.09517430711803,16,11.0,10588
103.1337216056191,5,1.0,0
103.163375714351,17,1.0,-8797
103.21761448219776,16,3.0,10714
103.2342860169498,16,9.0,10159
103.2547402694215,5,10.0,0
103.26541081801463,16,2.0,7197
103.30278102363914,17,2.0,-9115
103.33193032414208,17,7.0,-11950
103.41041256342939,16,6.0,1976
103.43429845796416,17,3.0,-11568
103.49244032993867,17,7.0,-5076
103.5116063120102,5,1.0,0
103.5668619233121,5,2.0,0
103.56928294473985,5,1.0,0
103.58591614828647,17,7.0,-2526
103.65872412571687,16,8.0,199
103.6660735755009,17,1.0,-5967
103.72267084641238,17,1.0,-13215
103.7905147713995,16,1.0,8725
103.83805160021599,17,60.0,-10981
103.8614165983163,17,2.0,-2778
103.86390491447497,16,6.0,10679
103.87175551436552,16,1.0,10763
104.00024039437302,16,24.0,3604
104.06710171493975,17,1.0,-8777
104.10923651101255,16,7.0,8286
104.13080472915793,16,4.0,7799
104.50208881880074,17,1.0,-7626
104.5239814137333,5,4.0,0
104.549376718242,5,2.0,0
104.57206655832661,5,2.0,0
104.57782169406747,5,2.0,0
104.61473762864922,16,1.0,6841
104.67855153803646,17,5.0,-7740
104.71006471177961,17,2.0,-13179
104.71326813727217,5,3.0,0
104.76586523329843,17,7.0,-3110
104.82044664073499,5,2.0,0
104.83335141385669,5,55.0,0
104.88362563547498,17,5.0,-6800
104.88977097972577,5,3.0,0
104.9138792260959,5,30.0,0
104.95257201723204,17,1.0,-10703
104.97285635687277,5,4.0,0
104.99229571479584,16,43.0,1368
105.02021181804724,5,4.0,0
105.04428537841527,16,8.0,8677
105.04794961679498,5,4.0,0
105.07242001197852,16,5.0,10447
105.10159800003198,5,3.0,0
105.14021540974878,17,3.0,-8869
105.21308467602965,16,8.0,10785
105.32000588358859,17,1.0,-972
105.37287442918749,5,13.0,0
105.41459969586606,17,10.0,-8525
105.47604206696795,16,2.0,6228
105.48471936474881,17,2.0,-2615
105.49271955961908,5,1.0,0
105.49632800187054,16,2.0,7488
105.53542423852028,5,1.0,0
105.62564216715295,5,2.0,0
105.62790793714738,16,8.0,6739
105.71030956071992,5,1.0,0
105.7945969809848,16,3.0,8643
105.886972039393,16,1.0,10718
105.89498937879091,16,1.0,2518
105.95045351286218,17,2.0,-13041
105.95999708450046,5,3.0,0
105.99672675148422,5,1.0,0
106.04579947369334,16,2.0,10655
106.05213595894764,5,7.0,0
106.07467998892375,16,3.0,10841
106.12246058965944,16,3.0,9928
106.16280331873286,17,3.0,-7085
106.226452640189,17,1.0,-7436
106.26802221874631,16,1.0,7568
106.48484248094127,5,3.0,0
106.55176852431534,5,3.0,0
106.55926022223764,17,1.0,-9096
106.60843276581979,5,3.0,0
106.61544361500651,5,4.0,0
106.73299030603363,5,2.0,0
106.76959711921806,5,4.0,0
106.78062598683061,16,2.0,714
106.7923565551741,17,3.0,-6781
106.80144985763899,5,1.0,0
106.80915846113274,17,1.0,-12735
106.89276282401124,5,4.0,0
106.91692231213746,16,1.0,509
107.05256550347123,17,1.0,-12985
107.24458832411088,16,3.0,9028
107.29473715739456,17,25.0,-10722
107.30792972370405,5,1.0,0
107.36160054795796,5,3.0,0
107.53888743157292,5,3.0,0
107.59807351634764,17,8.0,-415
107.60208987676577,16,23.0,771
107.60409133598307,17,2.0,-11344
107.65306819591024,17,2.0,-12525
107.76970968469797,17,2.0,-1495
107.79218120668709,5,8.0,0
107.81858913121891,16,2.0,10830
107.97990558787143,17,3.0,-9285
108.10005021020942,5,1.0,0
108.2356539556837,5,4.0,0
108.25425255643204,16,7.0,10575
108.25807883967323,5,5.0,0
108.28613953135427,17,4.0,-6931
108.29133693981817,16,14.0,314
108.30510755041918,5,4.0,0
108.37293545829615,16,3.0,6856
108.41572720833054,16,4.0,448
108.42066995458728,16,8.0,8770
108.43129679993888,16,1.0,10827
108.43915292763347,17,25.0,-117
108.51219674129142,17,3.0,-7663
108.52768747315635,17,3.0,-9807
108.56799760197589,16,60.0,13
108.59935978865771,17,24.0,-9647
108.60638202181904,5,4.0,0
108.60914066909422,16,2.0,7762
108.68304870399413,16,49.0,4326
108.74919120123297,5,7.0,0
108.83265156589336,17,1.0,-9289
108.88818390953656,5,4.0,0
108.89636307600418,16,3.0,7975
108.92945211260253,5,3.0,0
108.94505830694867,5,1.0,0
108.95946272702618,17,25.0,-9023
108.96935717698466,5,2.0,0
109.03080567958662,16,29.0,10629
109.06648301289589,5,8.0,0
109.13110707784467,16,5.0,10740
109.17139748770093,16,13.0,4201
109.21779670378153,16,13.0,10373
109.26168511007594,17,1.0,-11889
109.3084850688551,16,2.0,726
109.31839124481789,16,4.0,541
109.3270070859375,5,1.0,0
109.3432244614839,5,9.0,0
109.37683018044493,17,1.0,-10828
109.44609849300964,5,4.0,0
109.4483459659248,16,4.0,2157
109.45058036693358,16,7.0,9227
109.46773489416529,5,1.0,0
109.5559806208833,5,1.0,0
109.55633348638902,5,6.0,0
109.5640808775424,5,7.0,0
109.59259461561925,17,6.0,-12687
109.60396129887843,16,29.0,2012
109.65750932498293,16,5.0,980
109.71024011701698,17,1.0,-11980
109.7410694374863,17,6.0,-8468
109.75497566203596,17,6.0,-5084
109.82490551942884,5,4.0,0
109.83572836797015,16,2.0,1100
109.87139940896074,17,6.0,-12135
109.88991460500557,16,10.0,8132
109.91165406740757,17,1.0,-7415
109.9215266468095,16,7.0,1959
110.03179477929628,5,2.0,0
110.03560576446914,5,6.0,0
110.16967296745943,17,4.0,-5129
110.20443887851482,5,4.0,0
110.20479870760387,5,2.0,0
110.27871405581638,5,3.0,0
110.38015171174946,16,7.0,10761
110.45669956250003,17,3.0,-11364
110.47409702692642,16,2.0,10602
110.4864007288274,5,7.0,0
110.4877888267366,17,2.0,-7669
110.60875060459125,5,1.0,0
110.61753162615521,17,1.0,-12993
110.63649302709945,5,1.0,0
110.65140820701687,17,2.0,-13053
110.84279191166469,17,4.0,-121
110.84482275159726,17,4.0,-11235
110.85958820509533,17,3.0,-8081
110.8662611003137,17,4.0,-6599
110.89919264857696,5,3.0,0
110.97581441833736,16,11.0,2260
111.03642622511995,17,1.0,-7775
111.04000974855501,16,4.0,339
111.0517848119039,5,1.0,0
111.15207814238389,5,18.0,0
111.21188977447389,17,1.0,-11189
111.32191579300905,16,3.0,10681
111.38273660809976,16,2.0,10274
111.54590361227633,17,2.0,-9003
111.56047127412427,16,58.0,410
111.59775803733879,16,5.0,10658
111.62772099050848,5,4.0,0
111.69277359774115,5,4.0,0
111.75614261819817,16,4.0,9452
111.8546729903486,17,4.0,-3970
111.8811939271167,17,1.0,-10211
111.92753092257348,5,4.0,0
111.93033929243526,5,23.0,0
111.99434298094761,16,6.0,10169
112.04449863158108,18,,0
112.04457622709769,101,3.0,10845
112.13522560420304,17,3.0,-2876
112.14749719020344,16,6.0,10790
112.15362993514935,5,3.0,0
112.19526935565119,16,14.0,6191
112.19903603418129,5,3.0,0
112.34219814608007,5,1.0,0
112.38837489933799,5,4.0,0
112.40001276868637,5,3.0,0
112.42660051313287,16,3.0,8777
112.4550950914496,5,4.0,0
112.55499163416448,17,2.0,-7111
112.56202723169262,17,2.0,-8298
112.57712879177323,17,12.0,-4932
112.60208180874639,17,17.0,-3139
112.75807975158109,16,10.0,8269
112.7870582828931,8,3.0,10845
112.80940682939169,17,1.0,-12235
112.92672574748346,5,3.0,0
112.93097533630493,17,3.0,-6546
113.18562154872794,17,2.0,-12998
113.20128015486809,17,3.0,-9495
113.24053520038791,5,3.0,0
113.24551150036574,9,3.0,10845
113.26093402894605,17,2.0,-11459
113.32421552269344,17,8.0,-1730
113.34899351855807,17,2.0,-7582
113.35084568265952,17,2.0,-8850
113.38017584810241,5,2.0,0
113.4395171893081,17,2.0,-1064
113.50164842630436,17,18.0,-12286
113.55346097896367,16,12.0,9330
113.68810703818124,5,3.0,0
113.88160268772394,5,3.0,0
113.96626686331946,17,1.0,-12969
113.98961634720477,17,1.0,-6304
113.99339986295912,16,4.0,6404
114.00032666613514,5,3.0,0
114.03860523908767,5,2.0,0
114.21771133696897,16,11.0,5276
114.27212211174353,5,3.0,0
114.27996005615668,16,49.0,6727
114.3070013596541,5,1.0,0
114.40861623348806,5,5.0,0
114.45731071462143,5,1.0,0
114.4736273544541,16,2.0,5903
114.52258870602476,16,25.0,4860
114.63637404822936,17,1.0,-260
114.74436734659263,17,1.0,-3972
114.8732732100928,5,13.0,0
114.99710069871234,17,1.0,-277
115.03466869221752,17,7.0,-1747
115.0375818938785,17,5.0,-13004
115.14549590061625,5,2.0,0
115.1633243055498,5,1.0,0
115.19124382683613,17,3.0,-607
115.22742131569962,17,2.0,-12805
115.3312001871432,17,2.0,-1254
115.35591177772862,16,37.0,10156
115.48884841672363,17,2.0,-10501
115.52052069287511,16,10.0,664
115.54544206601915,17,2.0,-8039
115.59354141075204,16,4.0,10831
115.63350894693754,5,2.0,0
115.6477189991096,5,3.0,0
115.73090122425359,17,7.0,-2337
115.74574631111236,17,1.0,-6467
115.76495983864264,17,2.0,-4141
115.76524980523833,17,6.0,-12683
115.7951232677937,5,2.0,0
115.80941826910467,17,1.0,-3709
115.86672497047421,16,1.0,7895
115.95622603336864,16,55.0,7601
115.96738090940653,5,8.0,0
115.98327181245755,17,2.0,-3287
116.0052313902672,16,6.0,3665
116.03191368425942,17,5.0,-11012
116.04208989620908,5,1.0,0
116.04308431486497,18,,0
116.04319535166829,101,3.0,10846
116.05817446416711,17,1.0,-7422
116.25167695211093,17,3.0,-1417
116.26562483644521,16,7.0,10824
116.27686564408026,16,4.0,8065
116.43614959088677,5,2.0,0
116.46910224752601,16,3.0,4831
116.50250594749406,17,10.0,-8761
116.55914972069797,16,14.0,4999
116.61379709724983,17,2.0,-12436
116.62091234737089,17,1.0,-6504
116.69084659611774,5,1.0,0
116.70941762666908,17,3.0,-4199
116.72116836805395,17,4.0,-8474
116.74878512389,16,8.0,4094
116.75360110074419,17,6.0,-6942
116.76507382265952,16,8.0,6502
116.77522524787665,5,1.0,0
116.83844297799308,17,1.0,-12420
116.853036877432,16,2.0,7138
116.86108644866869,17,1.0,-9401
116.89941177242108,5,9.0,0
116.8998152115546,16,4.0,6324
116.92416879080022,16,9.0,1561
117.05537981960607,17,7.0,-12777
117.08759895212535,16,10.0,6022
117.11293964436597,8,3.0,10846
117.16744479937836,16,8.0,5395
117.17180078134652,5,3.0,0
117.2092127351229,17,24.0,-1560
117.21697815825407,16,14.0,6823
117.39276258433662,16,6.0,10838
117.41944505107354,17,8.0,-4604
117.51142621933897,17,7.0,-6724
117.54878834577596,9,3.0,10846
117.57710933794746,17,1.0,-4374
117.6490128379233,16,6.0,2406
117.80166072252476,16,2.0,7239
117.82072005402443,5,1.0,0
117.93184115596198,17,2.0,-9105
117.97048811000363,17,5.0,-8611
118.0250789394902,17,3.0,-8749
118.02929806751435,18,,0
118.02934679766861,103,46.0,10847
118.0555142211157,17,3.0,-6030
118.13432894452797,5,3.0,0
118.16018952445377,5,2.0,0
118.16520127810325,16,2.0,1993
118.2027339420267,16,2.0,931
118.24249230888631,5,5.0,0
118.29399394259924,16,1.0,6313
118.35431730868515,16,2.0,9946
118.3907974353689,5,1.0,0
118.47076096418384,17,24.0,-7447
118.47076107138751,17,2.0,-9603
118.47499262468394,5,1.0,0
118.47856671639708,16,3.0,4379
118.50415901957098,17,2.0,-1556
118.50462011590321,17,1.0,-9069
118.50772406541634,17,1.0,-11600
118.53424279492484,17,1.0,-12669
118.54986945347987,5,1.0,0
118.59258055361191,17,3.0,-10684
118.60392198003188,5,5.0,0
118.61129038487402,16,1.0,7393
118.69108315708424,16,54.0,3493
118.69706898790778,17,2.0,-3391
118.78269290149453,17,1.0,-10029
118.801482975837,5,1.0,0
118.81562181771162,5,29.0,0
118.84641679084109,17,2.0,-830
118.88803510806024,5,3.0,0
118.89193225918942,17,3.0,-955
118.97414341769698,17,3.0,-1609
118.98794398259373,5,2.0,0
119.00737800627735,17,1.0,-11545
119.01916973456542,17,6.0,-8478
119.02619933725728,5,4.0,0
119.03163656924342,16,1.0,5198
119.14897422276007,17,4.0,-2885
119.17144077423251,12,46.0,10847
119.17736746525719,17,6.0,-5913
119.22845227391933,17,4.0,-1300
119.24323426715625,16,5.0,7042
119.33046841042082,5,3.0,0
119.33280055650782,16,8.0,3527
119.33644276760923,17,2.0,-9027
119.50159534086333,16,11.0,5647
119.55084725009522,16,3.0,5845
119.61007128598446,17,7.0,-6094
119.6210975074744,5,7.0,0
119.6288148237642,17,6.0,-13119
119.63685183650026,17,6.0,-7910
119.65427036757887,16,9.0,34
119.65801850974955,16,28.0,3933
119.77661776308209,16,2.0,4233
119.96105651831843,17,1.0,-1963
120.04060840952769,18,,0
120.04071307055868,101,3.0,10848
120.12203595692927,16,3.0,802
120.1747723596105,5,20.0,0
120.19760190865794,5,4.0,0
120.21370289563768,5,21.0,0
120.24418496978055,5,9.0,0
120.27246778536325,5,3.0,0
120.30054707519083,17,1.0,-2249
120.32299097523365,5,2.0,0
120.37966238538864,16,4.0,3541
120.44847816490932,5,4.0,0
120.45732097798066,5,2.0,0
120.51841659699193,17,2.0,-8575
120.60594537617752,17,3.0,-10197
120.61936246552779,17,14.0,-10439
120.8782223588939,8,3.0,10848
120.8859871863856,9,46.0,10847
120.91097781026905,17,2.0,-12911
120.97641164434876,17,18.0,-4396
121.15626068296716,17,6.0,-4425
121.3942946638703,17,1.0,-543
121.52252590937769,17,2.0,-11866
121.54929368755727,5,9.0,0
121.64034776334071,17,1.0,-3837
121.67280123290526,17,11.0,-7528
121.68250909599249,5,2.0,0
121.70540132262764,16,37.0,3803
121.76184511840434,17,1.0,-5631
121.78738335594008,9,3.0,10848
121.89361188931832,16,58.0,2440
122.01145050437391,16,2.0,10744
122.10274610169068,16,10.0,304
122.14475181743553,16,6.0,2602
122.17452665124688,16,2.0,2286
122.21851694904085,17,1.0,-12948
122.22994300706948,16,3.0,3298
122.3287762793312,16,43.0,106
122.41023405379053,17,5.0,-3275
122.48243269032186,16,3.0,7206
122.51863395414918,16,13.0,533
122.53724750324767,5,7.0,0
122.5790808953822,17,2.0,-10049
122.63056364545577,17,50.0,-9420
122.64767569444425,16,4.0,10769
122.66431009909132,17,1.0,-1888
122.77241317252887,16,8.0,10730
122.77714517064867,16,17.0,3688
122.88587193522196,17,3.0,-3123
122.951835159103,16,8.0,3504
123.02602898320553,17,1.0,-11832
123.06114531559868,17,1.0,-12152
123.08536429750897,16,1.0,2578
123.08815894538095,5,1.0,0
123.13180142600352,5,3.0,0
123.36275213674818,16,9.0,2394
123.37956920370458,16,9.0,7082
123.38014975294045,17,1.0,-7037
123.5188823235773,5,2.0,0
123.53980464409128,16,2.0,8492
123.58511352829728,17,2.0,-2114
123.71439997890423,5,4.0,0
123.76920603629952,5,4.0,0
123.77389346984992,5,2.0,0
123.77984640972518,5,1.0,0
123.78534960259863,5,1.0,0
123.83105373585056,16,8.0,3175
123.8311875688434,17,1.0,-12040
123.90350977509905,17,1.0,-12223
123.90752667334846,16,58.0,930
123.91534619598494,16,1.0,4068
123.92298990133091,17,1.0,-11304
124.0938223162687,5,2.0,0
124.18851943805794,17,1.0,-9675
124.21497492656539,17,2.0,-3175
124.252656454232,16,11.0,3114
124.35585859741244,16,5.0,7905
124.39857314641586,5,1.0,0
124.48071700955364,16,37.0,3199
124.51435387463971,17,1.0,-1844
124.81992325849183,16,47.0,163
124.86968643948877,5,4.0,0
124.90697399603555,17,5.0,-904
124.94707538152755,17,1.0,-10854
124.98788246814169,5,3.0,0
125.00962083808749,5,4.0,0
125.14653608772869,17,1.0,-10037
125.20997838096642,5,7.0,0
125.30483286341507,16,1.0,10276
125.3053471288561,17,1.0,-8785
125.35432244738652,17,2.0,-11858
125.3620985409527,5,33.0,0
125.38666267504583,16,3.0,4808
125.42851878081707,16,43.0,147
125.46603450567972,17,1.0,-9249
125.49152964848915,17,29.0,-7762
125.52663780569961,16,11.0,10356
125.53053191462251,16,11.0,1735
125.58819747880614,16,14.0,27
125.63598834948264,5,4.0,0
125.64528908313059,5,1.0,0
125.64973181791716,16,32.0,4051
125.699418534401,16,46.0,3689
125.73191868680685,17,3.0,-11027
125.76801281080782,5,1.0,0
125.8699070673744,17,2.0,-3590
125.96366579106403,5,3.0,0
126.03071465800251,18,,0
126.03082631282057,103,28.0,10849
126.06663661561146,17,2.0,-9137
126.08263264374645,16,22.0,5399
126.08755486425487,1,3.0,10850
126.09461174512745,17,1.0,-5374
126.110399436073,3,2.0,10851
126.13278346614456,17,6.0,-9040
126.18342103803745,17,19.0,-7472
126.29947278182016,17,1.0,-12912
126.30235364493252,17,2.0,-8349
126.37169338813008,5,3.0,0
126.38764024954816,5,2.0,0
126.42347059416718,6,3.0,10850
126.47801769096947,5,1.0,0
126.47956433757186,17,8.0,-12587
126.55069759893966,17,3.0,-8667
126.63404975495784,16,24.0,4778
126.70634964579241,5,6.0,0
126.75433420798407,4,2.0,10852
126.75650694943059,17,5.0,-13
126.75958407919289,17,6.0,-11217
126.84212772472688,10,2.0,10852
126.86235238224282,17,3.0,-10350
126.934233485758,5,7.0,0
126.94377080467102,16,5.0,2688
126.95627026890222,17,1.0,-8870
126.9594698407133,3,39.0,10853
126.96629493001973,16,54.0,1467
127.00198121747728,16,4.0,4095
127.03299795256127,16,4.0,7988
127.13159829844375,5,6.0,0
127.23905608793567,10,39.0,10853
127.26223711057183,16,3.0,5366
127.30347430403896,17,1.0,-4119
127.36576199790012,17,5.0,-8258
127.37089333364455,17,1.0,-9519
127.42984642851242,17,3.0,-12376
127.44646364382211,5,1.0,0
127.51958252816425,5,1.0,0
127.55403976983902,17,6.0,-1595
127.58904942376886,17,17.0,-7045
127.63018244013641,5,1.0,0
127.65822454242586,17,1.0,-1449
127.67897577846058,16,3.0,5897
127.70053460760741,17,2.0,-10173
127.72886860950162,17,2.0,-520
127.7380730364115,1,22.0,10854
127.7492865667019,17,8.0,-6629
127.77871678980047,17,1.0,-8555
127.79817027964255,17,1.0,-6047
127.80455709287311,17,5.0,-7678
127.84116233710525,6,22.0,10854
127.88900067487835,17,6.0,-10585
127.89155335105445,17,6.0,-11170
127.89691835507399,10,2.0,10851
127.96359446514546,12,28.0,10849
128.11515049501105,1,3.0,10855
128.26675816522166,6,3.0,10855
128.28324842378157,5,2.0,0
128.306709587474,16,3.0,9933
128.34017889056292,16,40.0,7766
128.43668974273993,16,1.0,10572
128.44317157929697,5,2.0,0
128.54867124486748,1,2.0,10856
128.62041272028333,17,21.0,-10404
128.73254849673197,17,6.0,-4611
128.76971965724124,5,1.0,0
128.7807307860156,16,18.0,3579
128.78579132532394,17,1.0,-3560
128.8083293842987,16,1.0,9076
128.81281857484754,16,11.0,1852
128.83020741670072,17,1.0,-5655
128.8515954864616,5,2.0,0
128.9114882538126,17,2.0,-9566
128.9503753272593,16,4.0,9415
128.97334325799767,17,7.0,-12833
129.0057110544321,18,,0
129.00588020929362,104,5.0,10857
129.02417257981963,3,34.0,10858
129.1015721363047,11,2.0,10851
129.11349772955595,17,1.0,-9970
129.16299726095977,12,39.0,10853
129.17049162697847,17,2.0,-8028
129.19198389680403,7,3.0,10850
129.19449543584415,1,4.0,10859
129.19986011839407,16,4.0,4197
129.26152020190065,5,1.0,0
129.2906658587833,17,1.0,-11869
129.30710086353625,17,8.0,-3587
129.47410819641846,17,2.0,-1416
129.54568385936096,6,4.0,10859
129.5872785489169,17,1.0,-5837
129.64244518335983,17,5.0,-11508
129.67649244047584,16,3.0,4030
129.67799825387993,11,2.0,10852
129.69771682540616,5,3.0,0
129.7131821010073,10,34.0,10858
129.7291727534016,9,28.0,10849
129.76071438951544,7,22.0,10854
129.77555641773864,16,4.0,7334
129.80628119971084,17,1.0,-11418
129.8142382024957,17,2.0,-152
129.81706465510197,16,1.0,5633
129.8582732778797,12,5.0,10857
129.87918234466147,17,1.0,-8665
129.893657241915,16,58.0,373
129.96579922103092,5,4.0,0
129.9747907503372,5,2.0,0
129.98595627603373,17,1.0,-8398
130.05845360620228,5,3.0,0
130.0795621969057,17,2.0,-10856
130.17008205006465,16,2.0,1533
130.25157833274957,16,2.0,7431
130.30824210673728,16,4.0,8801
130.3664995751255,16,3.0,3460
130.3709269704556,17,12.0,-1774
130.406528786531,16,30.0,48
130.43873155361183,16,24.0,916
130.45557344730418,17,4.0,-8860
130.48938065428678,17,1.0,-10668
130.54503100418395,16,25.0,3296
130.56217713669307,8,4.0,10859
130.59599401520043,17,3.0,-3244
130.70198785282227,9,5.0,10857
130.79423816225162,9,39.0,10853
130.7958335343093,16,4.0,7698
130.803227036363,17,3.0,-2099
130.85470586704238,17,2.0,-12062
130.86679128094752,6,2.0,10856
130.86880864757086,5,7.0,0
130.87340421947673,17,8.0,-8638
130.9497536174652,17,1.0,-4816
130.97204511627797,5,1.0,0
131.01608394235308,1,7.0,10860
131.11303341423735,17,1.0,-8464
131.18521438110847,17,8.0,-1023
131.18771499296173,16,2.0,8760
131.1881798349434,5,3.0,0
131.31373480733566,16,17.0,10762
131.32392622730558,16,3.0,8626
131.3516087524605,1,3.0,10861
131.48757975239974,3,33.0,10862
131.5228617433778,17,2.0,-8213
131.54625766204947,6,7.0,10860
131.65667164964535,16,30.0,1970
131.74574175150926,17,8.0,-6050
131.8073831163394,7,3.0,10855
131.83336120166427,16,4.0,10497
131.8809285581935,16,6.0,8467
131.90553004379166,11,34.0,10858
131.91279885916103,9,4.0,10859
132.02067487081385,5,21.0,0
132.14919290283495,16,5.0,8648
132.23124826054746,7,2.0,10856
132.24699087489512,17,3.0,-8923
132.25551262024058,16,1.0,4143
132.27099593777072,17,4.0,-10100
132.37897008264116,5,2.0,0
132.50786881564937,17,3.0,-7122
132.53131232701273,17,1.0,-11202
132.534331413925,17,1.0,-2141
132.60425794898853,10,33.0,10862
132.66002249559403,5,3.0,0
132.66178784348597,5,5.0,0
132.66351333242196,17,5.0,-182
132.71496860578043,16,11.0,9391
132.71532617674427,5,1.0,0
132.71779747121522,16,12.0,3971
132.73312309946985,6,3.0,10861
132.74705630069815,5,2.0,0
132.82639008427267,17,2.0,-4773
132.84183057289746,17,2.0,-1
132.8544779733872,16,1.0,3667
132.89043982539027,5,2.0,0
132.93776029342203,7,7.0,10860
132.95243649157965,17,2.0,-9386
132.99853196112855,5,7.0,0
133.02573832423684,16,24.0,3428
133.02727260173845,16,1.0,3404
133.0410433799381,16,1.0,8205
133.04714327820506,5,1.0,0
133.06546775462328,17,1.0,-9529
133.0829224868823,1,16.0,10863
133.10498882648466,4,2.0,10864
133.26390941804476,17,5.0,-8608
133.37747744935402,10,2.0,10864
133.46460187903193,17,1.0,-2823
133.5018030112399,17,1.0,-10293
133.52094019365654,1,2.0,10865
133.59717120108417,17,3.0,-3577
133.61698342545765,16,10.0,2424
133.62159603405854,16,10.0,1462
133.6650388894579,6,2.0,10865
133.70889327655337,16,3.0,6704
133.84485532522527,17,1.0,-4418
133.92801092808543,16,14.0,4121
133.9669697024492,17,5.0,-9470
133.98119181305307,5,2.0,0
134.03882380730548,7,3.0,10861
134.1003331096596,17,3.0,-8008
134.127959897455,16,4.0,8475
134.20247142218994,17,2.0,-7682
134.21496077811668,16,5.0,7584
134.2605634669411,17,1.0,-5619
134.28810729112155,16,1.0,9172
134.28899105910318,5,1.0,0
134.35917659653785,16,16.0,6192
134.40566834470894,4,19.0,10866
134.40796304009172,17,5.0,-193
134.42641177331132,5,4.0,0
134.4662105266557,16,2.0,1116
134.48324921636512,1,1.0,10867
134.48909084078167,17,13.0,-7595
134.50516223577299,1,2.0,10868
134.63082456354348,11,2.0,10864
134.66258013807504,6,16.0,10863
134.72227581645373,17,1.0,-7185
134.74986389477488,16,14.0,6570
134.88438342932903,16,6.0,8313
134.90461765249094,5,2.0,0
134.91531827398563,3,41.0,10869
134.9379734965641,10,19.0,10866
134.98733586980674,1,1.0,10870
135.01704496569747,6,1.0,10867
135.04410674627175,18,,0
135.0443715235572,103,5.0,10871
135.05093931159604,5,1.0,0
135.07218255767478,1,6.0,10872
135.1906060460496,16,3.0,1223
135.2191721547209,6,6.0,10872
135.2724788186857,17,33.0,-1361
135.28742015161282,17,3.0,-12631
135.31693209393842,17,2.0,-9839
135.35616718216542,16,6.0,3447
135.37842265976371,5,16.0,0
135.39723432664957,6,1.0,10870
135.4447688142372,5,4.0,0
135.48698490225624,6,2.0,10868
135.5547765016058,1,4.0,10873
135.57402223169933,16,2.0,10610
135.58255671523355,17,3.0,-7387
135.61904405622687,1,11.0,10874
135.63185072316244,17,3.0,-9769
135.66077944972673,11,33.0,10862
135.75238342093616,12,5.0,10871
135.78411099899392,16,2.0,9061
135.78897420563797,9,5.0,10871
135.8751261252564,17,1.0,-5851
135.8840199285274,17,1.0,-9444
135.91856117034703,6,4.0,10873
135.96090690428463,17,3.0,-12838
136.08282728803883,6,11.0,10874
136.19586454815297,17,1.0,-9857
136.3384480684327,17,3.0,-10582
136.3478252327168,5,3.0,0
136.40615888511132,7,2.0,10865
136.4300626560863,7,1.0,10867
136.49456052338965,3,43.0,10875
136.52650431545635,17,1.0,-12559
136.53188497367455,1,2.0,10876
136.5433497845981,16,3.0,3781
136.60310710193755,5,1.0,0
136.62402883901638,16,2.0,5254
136.65803134253355,7,2.0,10868
136.72533694644392,17,1.0,-10417
136.74186831817093,16,1.0,6923
136.7647149796773,16,4.0,4695
136.78738335594008,16,3.0,10848
136.8128996726404,5,5.0,0
136.82645969296266,17,2.0,-8058
136.84240754737962,11,19.0,10866
136.88830745221,8,1.0,10870
136.8922975471943,16,8.0,10157
136.93412057729245,4,1.0,10877
136.9508120164705,10,41.0,10869
136.97033546526097,16,33.0,5465
137.05959531644353,7,16.0,10863
137.1021493378125,5,1.0,0
137.14505123915853,7,6.0,10872
137.19103229886016,17,4.0,-2896
137.2559061988918,16,1.0,3382
137.29331738941784,16,45.0,2536
137.42617994440604,16,2.0,6267
137.4422764493405,5,3.0,0
137.49453174203498,16,1.0,4531
137.61260713548918,16,5.0,7679
137.6129834583423,16,3.0,6451
137.68786193238878,1,18.0,10878
137.68833451454304,5,10.0,0
137.80118689162074,17,2.0,-4795
137.81324276323159,17,4.0,-9780
137.81853005434903,17,1.0,-3555
137.83679039806964,7,4.0,10873
137.8621069296317,17,1.0,-11030
137.86823563274297,16,1.0,5754
137.87470965728863,8,11.0,10874
137.8747532961699,16,3.0,4665
137.87859271940374,16,1.0,6997
137.8869329895168,16,45.0,408
137.94209829427086,5,4.0,0
137.94384464445434,9,11.0,10874
137.95914339634103,3,5.0,10879
138.03410528020572,16,8.0,10096
138.03561363173628,6,2.0,10876
138.04462796120944,6,18.0,10878
138.06604799656574,16,4.0,3457
138.1750346751023,17,2.0,-5943
138.1885123051159,10,1.0,10877
138.24351324404995,9,1.0,10870
138.25132707198821,16,51.0,3351
138.32983445164078,5,8.0,0
138.33600954822413,5,3.0,0
138.3725254881413,5,10.0,0
138.3917467490825,10,5.0,10879
138.45799088990293,16,59.0,242
138.47145794733282,16,2.0,1266
138.5263936164116,17,5.0,-7192
138.58368019755648,17,3.0,-5611
138.59994420019515,4,7.0,10880
138.6081315487276,4,2.0,10881
138.60864318918232,17,1.0,-3307
138.60979518201975,17,1.0,-7955
138.61430432228445,16,17.0,6647
138.61698144328858,16,8.0,1295
138.72413063324333,10,43.0,10875
138.74785676640013,16,3.0,4159
138.7507869612337,16,42.0,2327
138.78300309819141,10,7.0,10880
138.82663054302373,16,2.0,5701
138.83284608948946,10,2.0,10881
138.84889310022018,17,2.0,-7175
138.90634372881806,16,2.0,6847
138.91225701779027,16,5.0,8299
139.0463781588915,3,57.0,10882
139.08443539282405,3,24.0,10883
139.15728522196682,16,12.0,45
139.19881491354573,17,2.0,-7094
139.22884886931956,5,6.0,0
139.25502802524028,16,1.0,7633
139.27155070181212,17,5.0,-7979
139.2961746536539,5,4.0,0
139.32297294873814,7,18.0,10878
139.33773150373898,10,57.0,10882
139.41150543872726,16,14.0,2664
139.42816563529198,17,1.0,-5278
139.4524331790743,7,2.0,10876
139.48976738349086,17,1.0,-1581
139.5724431232254,16,8.0,2555
139.61021207366048,1,16.0,10884
139.6164919869223,11,5.0,10879
139.6465939841204,4,42.0,10885
139.68616424385795,1,4.0,10886
139.68870751025628,16,3.0,5482
139.69392747079266,16,5.0,4802
139.74614144658787,17,1.0,-6139
139.78106230733968,5,4.0,0
139.8095022201714,10,24.0,10883
139.8414916649603,17,1.0,-10093
139.85462133465737,17,5.0,-6201
139.89332552805774,17,1.0,-8183
139.94748850658502,6,16.0,10884
139.95282520209847,11,41.0,10869
139.9569044083065,5,2.0,0
140.01290467954524,18,,0
140.01294290189261,101,1.0,10887
140.0394972923411,18,,0
140.0395323263976,104,2.0,10888
140.04157322876478,5,1.0,0
140.05485501359976,4,2.0,10889
140.10280030315784,16,50.0,2915
140.12622883453722,11,43.0,10875
140.14661077943927,16,5.0,4190
140.20237670564475,17,1.0,-10748
140.24295010315592,17,1.0,-4387
140.2512234776784,11,1.0,10877
140.30123642478554,16,48.0,1542
140.31984156201415,17,7.0,-186
140.33280468696583,5,23.0,0
140.33598422565942,12,7.0,10880
140.40693930208627,16,11.0,5612
140.4341212908344,17,4.0,-13000
140.45759481093197,17,1.0,-11163
140.49727851449913,16,2.0,2654
140.58431784248268,1,8.0,10890
140.6475795374269,11,2.0,10881
140.65102739613167,6,8.0,10890
140.66603012845806,4,1.0,10891
140.66931908419917,1,3.0,10892
140.70217676540398,17,1.0,-10229
140.72675884286036,16,2.0,5919
140.74189656318703,4,6.0,10893
140.75959970848012,5,4.0,0
140.79164683625908,9,7.0,10880
140.79744171174463,17,1.0,-9359
140.8020303916974,6,3.0,10892
140.8115759583294,1,2.0,10894
140.8125888800861,10,42.0,10885
140.8129150632889,17,2.0,-1638
140.82155701353693,16,9.0,1861
140.84495359674793,16,21.0,6138
140.86947042601818,12,2.0,10888
140.9092786004412,17,1.0,-1156
140.9302524507203,5,2.0,0
141.0017530669812,3,39.0,10895
141.0266439011409,10,1.0,10891
141.03199189529917,10,39.0,10895
141.03275094302037,18,,0
141.03275256135913,104,2.0,10896
141.07338688595226,17,1.0,-7205
141.08323039288706,16,34.0,8610
141.1034411120686,9,2.0,10888
141.11557170326364,6,2.0,10894
141.11727127080826,17,1.0,-7960
141.14007165986195,1,3.0,10897
141.1504991185155,16,41.0,9071
141.16235848915835,7,8.0,10890
141.1814331100926,1,6.0,10898
141.22199378266052,16,20.0,1691
141.23124826054746,16,2.0,10856
141.31355847994467,1,2.0,10899
141.3152936826665,17,1.0,-13183
141.31929351624174,10,6.0,10893
141.3641687247832,17,5.0,-5308
141.3879878862476,3,5.0,10900
141.40045244579983,1,55.0,10901
141.43184875077216,17,1.0,-3263
141.44889347902208,4,1.0,10902
141.48544611117904,3,48.0,10903
141.49587967743892,11,57.0,10882
141.61515336934465,1,4.0,10904
141.62563954120324,6,6.0,10898
141.68496693847598,5,2.0,0
141.71367211833407,4,17.0,10905
141.71443930038265,6,3.0,10897
141.73546010062805,16,10.0,798
141.75765116353946,6,2.0,10899
141.81917595350538,3,49.0,10906
141.8519795904207,10,49.0,10906
141.87741859944308,4,3.0,10907
141.88574642938863,4,2.0,10908
141.88948277354268,17,1.0,-12580
141.90472274328172,16,46.0,4843
141.92703639319407,1,16.0,10909
141.96111877572423,17,2.0,-10193
141.9639691878037,3,30.0,10910
141.97554934348358,16,9.0,3135
141.97594618522896,5,4.0,0
141.9781879187708,5,2.0,0
141.99822320322008,1,40.0,10911
141.99911044940512,3,45.0,10912
142.00151109632642,10,1.0,10902
142.00859541436049,17,27.0,-12266
142.03204659429124,18,,0
142.0320571680134,104,4.0,10913
142.03693557230204,10,48.0,10903
142.05302450931677,3,13.0,10914
142.1424741479556,7,3.0,10897
142.15134247270987,17,9.0,-9492
142.17048588152954,4,27.0,10915
142.19198389680403,16,3.0,10850
142.22228159320832,5,4.0,0
142.24025818252727,17,1.0,-3927
142.2474380183009,10,2.0,10889
142.30415328814112,10,5.0,10900
142.30746470840654,5,1.0,0
142.31370944780667,1,26.0,10916
142.32936176686795,6,16.0,10909
142.38819621819587,16,1.0,7618
142.39276313330373,16,2.0,8082
142.3930727243418,5,1.0,0
142.41204572704086,8,1.0,10887
142.42025349818996,6,4.0,10904
142.43837782010198,1,4.0,10917
142.44596279927674,7,16.0,10884
142.4585314209911,11,42.0,10885
142.46583703363817,11,24.0,10883
142.50404835302385,17,1.0,-12842
142.52595579052905,10,45.0,10912
142.53675098630197,9,1.0,10887
142.5487795072642,7,2.0,10899
142.5865624142423,1,3.0,10918
142.63197133034444,5,3.0,0
142.63851885603893,6,3.0,10918
142.64549396265298,12,2.0,10896
142.7220038729456,7,3.0,10892
142.73663367447608,17,1.0,-8410
142.74110695593544,17,1.0,-1012
142.76071438951544,16,22.0,10854
142.81957961456848,1,8.0,10919
142.8255262298469,1,9.0,10920
142.8444703866923,17,1.0,-2577
142.8824096498917,9,2.0,10896
142.90669825997975,7,6.0,10898
142.90669825997975,16,6.0,10898
142.90800147808204,1,2.0,10921
142.93572911171293,17,1.0,-4137
142.94421326787145,1,7.0,10922
142.94766809282316,3,1.0,10923
142.9662364659369,5,23.0,0
142.98913443042903,5,1.0,0
142.99312610009065,17,1.0,-5534
143.00102255563797,12,4.0,10913
143.00684259692653,4,2.0,10924
143.0166065534168,17,1.0,-10243
143.0329946225619,4,1.0,10925
143.0412856344789,1,1.0,10926
143.0478194492371,17,2.0,-5613
143.05987491341048,10,2.0,10908
143.10098970450326,10,27.0,10915
143.12418571663116,5,5.0,0
143.13649385342845,6,9.0,10920
143.15378914624947,9,4.0,10913
143.15404623270138,6,1.0,10926
143.16253886707094,4,25.0,10927
143.16374698194608,6,8.0,10919
143.16475762147957,10,1.0,10925
143.17397143534305,3,37.0,10928
143.18315593129233,6,4.0,10917
143.21625467861514,6,40.0,10911
143.2190586829767,6,2.0,10921
143.2266540579746,16,9.0,7867
143.27367263028995,16,2.0,10001
143.2747260114353,17,8.0,-4474
143.29123642584727,17,1.0,-11823
143.31056391219514,10,2.0,10924
143.32039154730145,4,7.0,10929
143.32055139453675,3,5.0,10930
143.34271557344275,16,1.0,2380
143.35466055532115,7,40.0,10911
143.36196650878412,12,1.0,10925
143.36736604359072,16,12.0,9334
143.38508935074822,11,1.0,10891
143.4289815928852,16,48.0,3607
143.43612036234666,4,7.0,10931
143.4519809620677,1,3.0,10932
143.4640384128026,11,48.0,10903
143.47428906727572,16,13.0,4943
143.47611725750224,6,4.0,10886
143.48632275829587,1,4.0,10933
143.53467231448036,11,6.0,10893
143.53643345012142,1,2.0,10934
143.5386307661809,5,2.0,0
143.5410350457846,1,2.0,10935
143.54392736364176,17,2.0,-6674
143.55538997738745,6,2.0,10935
143.55902687962293,10,3.0,10907
143.55972603897715,1,7.0,10936
143.56147514964417,4,7.0,10937
143.56488581963697,7,2.0,10894
143.58828381028385,6,55.0,10901
143.6085808953568,10,7.0,10937
143.6091005241477,10,25.0,10927
143.61916666253444,3,20.0,10938
143.61918924160094,16,43.0,2747
143.62066013450027,16,1.0,4099
143.63052135474786,1,4.0,10939
143.64527976426876,10,7.0,10931
143.66574425772603,11,39.0,10895
143.66636341906192,11,45.0,10912
143.66659333196543,5,1.0,0
143.67525365881525,10,17.0,10905
143.67924303069427,6,2.0,10934
143.69283974434157,10,20.0,10938
143.71251845987325,4,2.0,10940
143.71990799511096,10,30.0,10910
143.72875610591578,1,2.0,10941
143.73684035864326,6,7.0,10922
143.75390149043105,6,4.0,10933
143.76528510978565,1,5.0,10942
143.77605275061654,6,2.0,10941
143.77875093433033,6,4.0,10939
143.78431039176607,6,3.0,10932
143.8018656556049,1,2.0,10943
143.84957340262483,11,2.0,10889
143.8777323408078,16,1.0,6333
143.88967384736856,10,7.0,10929
143.9120416092246,6,26.0,10916
143.91855502134615,3,5.0,10944
143.9275601935304,10,5.0,10944
143.9462035299281,4,5.0,10945
143.97605796964675,7,4.0,10904
144.0093730229298,5,1.0,0
144.02358269577917,6,5.0,10942
144.02632797151026,16,3.0,3626
144.04349180804704,4,6.0,10946
144.08166321521367,1,7.0,10947
144.10706891922038,1,5.0,10948
144.12217242708232,1,4.0,10949
144.13863416331367,16,32.0,4156
144.15869259349756,1,5.0,10950
144.1625867217738,16,3.0,1000
144.1753931973033,17,4.0,-7661
144.20180520757276,6,7.0,10936
144.2441506639259,11,49.0,10906
144.26957691940714,16,1.0,5909
144.27375210333497,17,1.0,-6197
144.2815969516705,5,4.0,0
144.3204755192758,6,7.0,10947
144.32297294873814,16,18.0,10878
144.34245499942253,11,1.0,10902
144.35764010766167,3,13.0,10951
144.37694371158895,16,53.0,1968
144.42025730996403,8,9.0,10920
144.4320732647096,6,2.0,10943
144.4632309737353,1,5.0,10952
144.46699002002495,16,4.0,3472
144.47125392403836,11,30.0,10910
144.5343800384616,3,45.0,10953
144.53675098630197,16,1.0,10887
144.5457057113828,4,5.0,10954
144.581100297477,17,5.0,-8265
144.590076347184,10,5.0,10954
144.59516820387137,7,5.0,10942
144.6303933983374,17,2.0,-12543
144.6382177450317,16,54.0,1171
144.6444682922128,17,5.0,-6607
144.65399472960792,11,17.0,10905
144.66293403811494,9,9.0,10920
144.67996486614732,17,5.0,-3692
144.68322731114583,4,2.0,10955
144.68781411932792,6,5.0,10952
144.7103647799004,1,3.0,10956
144.73242811336942,11,3.0,10907
144.74355137015084,7,4.0,10886
144.74534074015648,10,5.0,10945
144.7862978620673,10,5.0,10930
144.81052630487338,5,3.0,0
144.8199860252057,7,8.0,10919
144.83360895051027,10,45.0,10953
144.8405552524774,1,4.0,10957
144.84999856645734,16,8.0,4816
144.86279283420473,6,4.0,10957
144.89609601600503,16,29.0,2004
144.8992016893031,1,6.0,10958
144.92479041893253,10,37.0,10928
144.9574893052439,7,4.0,10933
144.96995187928607,4,6.0,10959
144.98396556210378,3,6.0,10960
145.0110630130649,16,5.0,7739
145.0203973645626,1,3.0,10961
145.04035463940247,16,2.0,7554
145.04191284807567,7,1.0,10926
145.05752787037056,4,24.0,10962
145.0784196895575,7,3.0,10918
145.0927670556314,4,30.0,10963
145.09521039180737,1,4.0,10964
145.1395464869436,17,2.0,-12813
145.14969334142782,6,3.0,10961
145.1508444331748,1,4.0,10965
145.16599591930844,3,36.0,10966
145.17883586052588,17,1.0,-2637
145.1991751918645,1,8.0,10967
145.21067712555617,7,2.0,10935
145.21834608531876,7,16.0,10909
145.25114975137862,4,7.0,10968
145.25382837272292,4,55.0,10969
145.25534195020612,10,13.0,10914
145.27105246337763,11,2.0,10908
145.2950870083616,7,2.0,10941
145.30744609781556,4,2.0,10970
145.31013319868575,11,7.0,10937
145.32503714151835,9,1.0,10925
145.3383705124188,7,2.0,10934
145.35986935441946,4,38.0,10971
145.36800671898217,4,1.0,10972
145.37838258646175,10,6.0,10946
145.37875991011208,10,36.0,10966
145.39541537082377,1,6.0,10973
145.3954978814697,3,14.0,10974
145.39723869513574,6,6.0,10958
145.41414641853595,6,4.0,10965
145.4199390636274,1,3.0,10975
145.44105803404995,6,4.0,10964
145.45346316949062,11,25.0,10927
145.5065130781992,17,4.0,-10050
145.51642009522752,11,2.0,10924
145.5336505791646,11,5.0,10944
145.53959051736896,7,7.0,10936
145.5417728716684,6,6.0,10973
145.54267217666327,10,55.0,10969
145.54840271869284,11,5.0,10945
145.55280569216862,17,2.0,-4786
145.55534049083218,10,1.0,10923
145.56610446459035,7,7.0,10947
145.56895677815376,10,13.0,10951
145.57429345829252,17,1.0,-5339
145.574791703441,10,6.0,10960
145.5826948029235,6,5.0,10948
145.6019017558585,11,7.0,10929
145.6085974036629,1,1.0,10976
145.61957616083313,10,7.0,10968
145.67642836851792,7,7.0,10922
145.68653916560493,1,2.0,10977
145.6943571428474,3,17.0,10978
145.72350519091816,1,4.0,10979
145.72520008463664,7,2.0,10921
145.7304763859667,1,30.0,10980
145.7309793895108,1,5.0,10981
145.74003002060715,6,5.0,10981
145.7494197270091,1,2.0,10982
145.78805658942858,11,5.0,10954
145.79874592944407,16,16.0,7881
145.8099617913571,11,20.0,10938
145.8315878577283,3,9.0,10983
145.8399681657572,7,2.0,10943
145.84080999408116,1,2.0,10984
145.84556164474472,17,2.0,-2416
145.85971189321538,4,7.0,10985
145.86874670431354,10,17.0,10978
145.88071048527155,6,5.0,10950
145.89222926779541,7,4.0,10917
145.89316498134724,10,9.0,10983
145.89318555344286,10,2.0,10940
145.89848106169921,17,1.0,-5894
145.94338431598408,5,2.0,0
145.9464224232885,11,5.0,10900
145.94790995186332,4,2.0,10986
145.9597933953933,1,3.0,10987
146.01699374466213,10,6.0,10959
146.02287149140054,1,3.0,10988
146.02802453397703,6,4.0,10979
146.06520669682848,1,7.0,10989
146.15088500766967,11,5.0,10930
146.1669235780455,10,2.0,10986
146.1705316491736,16,3.0,3438
146.17848834486722,7,3.0,10961
146.18598517664105,7,4.0,10957
146.1918610235128,1,7.0,10990
146.2002310120414,17,3.0,-13016
146.22085583053507,6,1.0,10976
146.24167409286406,6,4.0,10949
146.29050156290361,3,48.0,10991
146.32992994918555,17,13.0,-709
146.34922285852997,1,13.0,10992
146.36036155199062,10,7.0,10985
146.360388157424,7,55.0,10901
146.39066034723444,11,55.0,10969
146.43415707623848,3,3.0,10993
146.45727218174838,6,3.0,10987
146.48288798433165,4,5.0,10994
146.48501617676524,6,2.0,10977
146.51615498782496,1,2.0,10995
146.51722014193254,7,5.0,10952
146.51934957363756,6,3.0,10975
146.54528503138897,3,54.0,10996
146.54765812296688,4,2.0,10997
146.55441353777377,3,36.0,10998
146.57705727437758,7,26.0,10916
146.5826563324293,4,6.0,10999
146.589036996659,1,2.0,11000
146.62649010241358,3,44.0,11001
146.64161996696154,4,19.0,11002
146.6649451319304,5,1.0,0
146.67529734947877,16,1.0,4324
146.6854219299624,16,27.0,2027
146.69010003211136,10,2.0,10997
146.69712839634087,10,19.0,11002
146.70075679446043,10,2.0,10955
146.7144999614078,6,2.0,10984
146.7321575582601,16,1.0,10706
146.73620703039862,3,54.0,11003
146.74988063403723,1,4.0,11004
146.75476505375133,10,14.0,10974
146.7552023206778,4,8.0,11005
146.81221217926088,6,3.0,10988
146.82304329686053,11,2.0,10940
146.85520830629596,10,44.0,11001
146.8552374100272,7,6.0,10973
146.8669960336601,10,24.0,10962
146.8714465643923,6,4.0,11004
146.90205380101023,8,4.0,10949
146.90857317863978,16,57.0,826
146.91738303222002,3,1.0,11006
146.9404583520653,1,6.0,11007
146.9486046496724,10,48.0,10991
146.96204309139802,16,8.0,5979
146.97323753195874,4,3.0,11008
146.97584839905196,7,4.0,10965
146.9789945695729,11,45.0,10953
146.98650965937836,3,27.0,11009
146.99795167173167,11,6.0,10946
147.00734181365232,18,,0
147.00737011669506,101,2.0,11010
147.00893253117792,5,7.0,0
147.01117516032733,1,4.0,11011
147.01265619168728,1,4.0,11012
147.0188956265568,6,13.0,10992
147.02225928641204,10,36.0,10998
147.03625289350282,18,,0
147.0364496307827,101,15.0,11013
147.05839153795836,7,4.0,10939
147.06315299848603,11,27.0,10915
147.08097826361984,3,53.0,11014
147.0828081774872,16,23.0,9792
147.08913060414713,11,9.0,10983
147.10677146061659,17,2.0,-3470
147.109053140887,7,6.0,10958
147.11276551877876,11,13.0,10951
147.11342659647076,5,1.0,0
147.12642466076966,5,2.0,0
147.12918232907924,10,3.0,10993
147.1365744210931,6,2.0,10982
147.14631277288282,6,3.0,10956
147.17537509850942,16,3.0,3235
147.1754691198401,11,1.0,10923
147.1837004979893,3,29.0,11015
147.18537292219935,5,3.0,0
147.19074656120705,10,54.0,10996
147.19894225281496,1,1.0,11016
147.20403966059538,6,6.0,11007
147.22050841541167,1,9.0,11017
147.23799811845657,6,7.0,10989
147.25543408622627,8,15.0,11013
147.25894288149883,1,1.0,11018
147.2925321304059,1,2.0,11019
147.29423578595345,10,27.0,11009
147.34058297353215,17,7.0,-10900
147.35920299268122,10,6.0,10999
147.36822521439314,1,4.0,11020
147.41618772877766,4,3.0,11021
147.43604834359436,6,30.0,10980
147.46483358101437,6,9.0,11017
147.4671571135688,9,15.0,11013
147.5034659752972,10,30.0,10963
147.5123981984566,4,7.0,11022
147.522848279362,1,36.0,11023
147.52347713071975,16,23.0,7857
147.52647717877957,11,6.0,10959
147.55340684769502,1,1.0,11024
147.56079345215986,1,2.0,11025
147.59487026888104,1,2.0,11026
147.6040757694968,11,17.0,10978
147.62677500826754,10,54.0,11003
147.63213609162548,10,1.0,10972
147.63499554553917,1,3.0,11027
147.6394449311931,10,2.0,10970
147.65011501623962,6,2.0,11019
147.66077944972673,16,33.0,10862
147.66111331673676,10,3.0,11008
147.68974386818277,4,3.0,11028
147.70394847856483,3,52.0,11029
147.72042948643505,16,5.0,2473
147.7433484443514,1,1.0,11030
147.74505763631163,4,19.0,11031
147.7602028397944,1,2.0,11032
147.76256510598412,10,29.0,11015
147.79595982284172,6,4.0,11011
147.8064443236751,7,5.0,10950
147.82689154376152,7,3.0,10975
147.82856013725782,16,2.0,6421
147.8401757508234,17,8.0,-6813
147.85537213741657,11,44.0,11001
147.85778857060924,1,1.0,11033
147.86013891318962,1,1.0,11034
147.8667476534894,11,6.0,10960
147.90097644868604,6,1.0,11034
147.9031150837966,8,2.0,11010
147.90355296414836,1,14.0,11035
147.90553004379166,16,34.0,10858
147.90958253581977,10,1.0,11006
147.91064055168243,6,1.0,11033
147.91192490366686,4,1.0,11036
147.91951846839905,3,48.0,11037
147.92280277317002,6,7.0,10990
147.9463521768981,3,40.0,11038
147.97860654753163,17,30.0,-3223
147.98311721341332,11,2.0,10955
147.98405012089736,7,1.0,10976
147.98755430493296,1,1.0,11039
147.99499470392385,1,1.0,11040
147.99637212067415,6,2.0,11025
147.99907440795073,12,29.0,11015
148.0042741600359,3,4.0,11041
148.00577531368242,10,4.0,11041
148.0072087503328,6,4.0,11012
148.02764341936938,18,,0
148.02765559118905,101,2.0,11042
148.1084390322431,17,4.0,-9061
148.1386518740787,11,2.0,10986
148.14176770680862,7,2.0,10984
148.14478177303386,16,2.0,2309
148.15519874779366,6,1.0,11016
148.15734940569428,11,54.0,10996
148.17302281613385,3,48.0,11043
148.1768173697359,3,2.0,11044
148.17917175646133,6,4.0,11020
148.19164439204098,5,5.0,0
148.1962105085775,4,5.0,11045
148.20162004142117,11,36.0,10998
148.20561561801404,11,7.0,10968
148.20561561801404,16,7.0,10968
148.20621147609776,3,36.0,11046
148.2266061941517,11,36.0,10966
148.2333654703147,4,2.0,11047
148.23516338120322,17,2.0,-1786
148.24154299593297,6,2.0,10995
148.26420550112994,11,48.0,10991
148.2713710694349,10,48.0,11043
148.27670092915926,9,2.0,11010
148.28828915400814,10,1.0,11036
148.29551638540605,6,36.0,11023
148.29563937762552,10,3.0,11028
148.31186487212372,9,4.0,10949
148.31444029388655,1,4.0,11048
148.3169473571636,17,3.0,-12515
148.32392720868114,3,44.0,11049
148.32803868316364,4,4.0,11050
148.35942174395413,10,2.0,11044
148.3703630709556,6,2.0,11026
148.3795564917788,5,10.0,0
148.403500272076,17,3.0,-2816
148.40615888511132,16,2.0,10865
148.40891520101832,11,7.0,10931
148.4094998951332,7,4.0,11004
148.41679040835396,3,12.0,11051
148.45975193893736,10,36.0,11046
148.47170483058943,10,3.0,11021
148.47707949469108,7,3.0,10988
148.48341044687683,1,4.0,11052
148.49522061961545,17,1.0,-7044
148.50150475661835,4,1.0,11053
148.50154074469648,11,13.0,10914
148.50880907383538,4,2.0,11054
148.52666139123681,10,5.0,11045
148.5458709895475,11,7.0,10985
148.55423212757717,4,27.0,11055
148.5550349172861,3,48.0,11056
148.56185397723786,1,1.0,11057
148.57665271942807,1,26.0,11058
148.58149718404462,16,2.0,9667
148.5822423257713,6,1.0,11030
148.59260083885272,5,1.0,0
148.59868801787314,11,37.0,10928
148.6002449605998,10,27.0,11055
148.6068915322376,1,2.0,11059
148.6090503093713,10,48.0,11056
148.61625814929016,10,2.0,11054
148.62757847002388,8,2.0,11042
148.63570741451468,17,11.0,-7841
148.63913750336965,1,2.0,11060
148.64469771940196,11,54.0,11003
148.64623494033847,4,60.0,11061
148.6512833874266,4,16.0,11062
148.65205338974468,3,2.0,11063
148.65632916457258,10,40.0,11038
148.68926163179012,9,2.0,11042
148.69315874574224,16,8.0,7841
148.70157478919717,1,4.0,11064
148.71106510726017,3,3.0,11065
148.71757352953045,3,12.0,11066
148.749228749007,1,7.0,11067
148.76319995990306,10,7.0,11022
148.77722793009434,1,1.0,11068
148.78881240516267,3,40.0,11069
148.79197124018145,10,8.0,11005
148.81738155997093,10,48.0,11037
148.8263156255264,7,9.0,11017
148.8291503246958,6,2.0,11000
148.83413052468916,6,4.0,11064
148.83499833372161,16,36.0,2718
148.83762924989213,11,24.0,10962
148.84791219384053,10,5.0,10994
148.8654492739756,6,8.0,10967
148.8683849116232,10,12.0,11066
148.87750736661482,7,4.0,10964
148.8824096498917,16,2.0,10896
148.88513620197003,16,1.0,7479
148.8899685392944,3,52.0,11070
148.90129300037407,7,2.0,11019
148.90460686394445,16,10.0,4821
148.91084730615063,3,20.0,11071
148.92448823923706,5,3.0,0
148.93671745512017,17,1.0,-10234
148.9398033125323,6,4.0,11048
148.9411297530873,1,7.0,11072
148.95267251477063,6,1.0,11018
148.95674256930147,7,6.0,11007
148.96120166425163,10,1.0,11053
148.97268768322306,11,19.0,11002
148.97858120746474,4,11.0,11073
148.9820994729701,7,5.0,10981
149.01145554836725,11,1.0,10972
149.01355472615887,10,20.0,11071
149.02123074275264,7,5.0,10948
149.03992786215025,7,13.0,10992
149.0401176742934,4,40.0,11074
149.0403406808325,18,,0
149.0404565133076,101,1.0,11075
149.0574712132978,11,2.0,10970
149.0590285660626,4,2.0,11076
149.06366391151153,16,25.0,3491
149.10086050701986,6,2.0,11060
149.11115396756284,16,3.0,8976
149.12533843571316,11,27.0,11009
149.14101994391598,3,10.0,11077
149.14431126473545,6,7.0,11067
149.14928646572193,10,40.0,11074
149.17359276616187,11,14.0,10974
149.1838019221955,16,1.0,4177
149.19671336538855,11,3.0,10993
149.21679572539347,7,2.0,10982
149.2210292939842,1,7.0,11078
149.2512234776784,16,1.0,10877
149.25266954842976,4,2.0,11079
149.28635419761406,6,14.0,11035
149.28925743682396,7,3.0,10932
149.32817268656004,1,2.0,11080
149.33002347188335,17,4.0,-5586
149.3475904317841,17,8.0,-10226
149.35527621718063,16,4.0,620
149.37045671474377,3,3.0,11081
149.37568990175586,12,1.0,11006
149.38508935074822,16,1.0,10891
149.38945098569388,7,4.0,11020
149.39093932021925,1,9.0,11082
149.39150058604258,10,53.0,11014
149.39986350574156,1,4.0,11083
149.40139638734888,4,2.0,11084
149.40279870302354,11,2.0,11044
149.419387109722,7,7.0,10989
149.42712475145285,3,18.0,11085
149.43934315040764,9,1.0,11006
149.440040239417,7,3.0,10987
149.44797493806962,17,1.0,-6032
149.4524331790743,16,2.0,10876
149.46396259382962,4,1.0,11086
149.4891079982391,11,48.0,11043
149.49237459521484,11,2.0,10997
149.49776635564896,7,2.0,10995
149.4990694923991,4,8.0,11087
149.52464834959144,10,52.0,11070
149.54800063542783,6,26.0,11058
149.54972599865152,10,16.0,11062
149.55063144003785,1,2.0,11088
149.55429252874893,17,4.0,-8772
149.56290723646404,4,3.0,11089
149.5885252768643,10,2.0,11076
149.58912694154805,16,3.0,7869
149.5903514979598,1,2.0,11090
149.60238464459064,10,2.0,11084
149.60700265033208,16,5.0,2710
149.611495445397,16,7.0,2633
149.62124302401193,1,11.0,11091
149.62435340937535,10,12.0,11051
149.63211856563058,7,4.0,11011
149.64110091591337,10,52.0,11029
149.64925287697565,6,1.0,11068
149.65877145366122,6,3.0,11027
149.6768304033707,6,4.0,11083
149.68967003463726,1,3.0,11092
149.70903315674357,1,3.0,11093
149.71023007837272,10,2.0,11047
149.71777636980306,1,2.0,11094
149.72370292909483,6,9.0,11082
149.73640778844825,1,9.0,11095
149.7378373453944,11,3.0,11008
149.73795376017006,17,1.0,-887
149.75261157130092,10,3.0,11065
149.75550915387163,11,1.0,11036
149.75610085108863,1,5.0,11096
149.78041800278717,11,6.0,10999
149.78385674740173,17,8.0,-8449
149.78555306039326,3,2.0,11097
149.7909480108835,10,38.0,10971
149.79918188486076,11,4.0,11041
149.80254901076856,16,4.0,2875
149.81059868701516,8,1.0,11075
149.8178856114353,7,1.0,11034
149.8226392015823,1,3.0,11098
149.82283436380888,10,3.0,11081
149.84758294883264,11,48.0,11056
149.85483240993256,4,1.0,11099
149.86339864857547,7,4.0,10979
149.86354183345077,1,3.0,11100
149.87631470676607,6,9.0,11095
149.9145471213081,17,2.0,-12324
149.921484122686,7,4.0,11012
149.92687981524497,1,5.0,11101
149.93659484164982,6,1.0,11057
149.95420114417306,16,5.0,9891
149.95714418087894,11,12.0,11066
149.96261159549542,7,1.0,11016
149.96459206218213,16,1.0,7382
149.96545223664083,4,6.0,11102
149.9840709471299,6,2.0,11088
150.01220592530234,17,2.0,-11450
150.01798173089895,18,,0
150.018008058539,101,4.0,11103
150.02136751111036,11,36.0,11046
150.02392017147696,10,4.0,11050
150.03099363792518,10,8.0,11087
150.05436555295765,3,3.0,11104
150.06239576603858,11,3.0,11028
150.06690537276083,6,3.0,11100
150.08054102882306,7,36.0,11023
150.08277627751286,7,3.0,10956
150.09394541118826,4,11.0,11105
150.09701610997968,4,11.0,11106
150.09934858377264,1,3.0,11107
150.1034411120686,16,2.0,10888
150.10818264634193,1,3.0,11108
150.11684195620495,1,1.0,11109
150.12285621691,8,2.0,10977
150.12395473905082,7,2.0,11025
150.12664947713736,10,1.0,11086
150.14071805693587,11,3.0,11021
150.14501999440554,7,7.0,10990
150.1474029331497,1,2.0,11110
150.15404514986653,10,3.0,11104
150.1546915474884,5,1.0,0
150.1562037518445,10,11.0,11105
150.1584155764837,17,52.0,-9837
150.15903311946292,16,15.0,10698
150.1593832866594,9,2.0,10977
150.16695989871334,6,4.0,11052
150.16932483712048,16,2.0,1677
150.17887204688404,4,4.0,11111
150.18449905669624,3,33.0,11112
150.19280640099433,4,1.0,11113
150.20061470689615,16,4.0,9763
150.20445766316664,6,5.0,11101
150.2365135008902,17,1.0,-7683
150.2373257203873,4,7.0,11114
150.2406609622137,3,5.0,11115
150.24159989995678,11,2.0,11054
150.2766387938552,10,2.0,11097
150.28738195975228,17,1.0,-9447
150.28815453558244,4,3.0,11116
150.29073787759364,4,6.0,11117
150.29704014104365,10,19.0,11031
150.29925945159928,6,3.0,11107
150.3068748955436,6,2.0,11094
150.31676985373664,1,7.0,11118
150.33675175488165,7,8.0,10967
150.36120320175064,4,4.0,11119
150.36845636950667,3,30.0,11120
150.38110348733068,6,5.0,11096
150.39184538369832,6,1.0,11039
150.3942888763589,3,48.0,11121
150.41098565585227,10,18.0,11085
150.411610178969,10,7.0,11114
150.43393277643747,11,48.0,11037
150.43958174771214,1,4.0,11122
150.43971329971546,5,1.0,0
150.44327419726278,1,5.0,11123
150.46021824929448,1,2.0,11124
150.46741656777291,7,26.0,11058
150.47773080126296,8,5.0,11096
150.48129117504664,5,1.0,0
150.48161431589284,1,1.0,11125
150.48274257933303,1,1.0,11126
150.48314958685373,4,5.0,11127
150.48473995684543,10,6.0,11117
150.4970506312706,17,2.0,-2061
150.51448282523063,4,1.0,11128
150.51753760616512,10,44.0,11049
150.52446045058397,17,3.0,-2828
150.54051825430852,7,1.0,11030
150.55129862069046,6,7.0,11078
150.56691167947295,3,2.0,11129
150.57305283423213,6,2.0,11090
150.59887049751086,17,28.0,-455
150.60701037116308,17,3.0,-12080
150.6071809882581,17,7.0,-12029
150.63088430661747,1,4.0,11130
150.63462224605,9,1.0,11075
150.6351530829751,8,4.0,11103
150.64383201084362,10,2.0,11063
150.64517525614886,4,1.0,11131
150.65475654067507,3,9.0,11132
150.6852599175775,5,4.0,0
150.70249529894656,11,5.0,11045
150.72066561624828,8,1.0,11068
150.72204617394584,11,16.0,11062
150.72349765425102,5,2.0,0
150.75401497427856,10,2.0,11079
150.75740987529628,3,7.0,11133
150.76644871312652,7,9.0,11082
150.76646350705707,1,2.0,11134
150.77250702974192,11,8.0,11087
150.77389958938446,11,40.0,11038
150.77465730315814,6,4.0,11122
150.7841471498093,10,4.0,11111
150.80612536303838,6,1.0,11024
150.82191354047148,1,7.0,11135
150.8391433689474,16,3.0,4236
150.84558136653956,10,2.0,11129
150.8586515936294,5,1.0,0
150.86365994425745,1,5.0,11136
150.8686728716027,4,4.0,11137
150.87062652800864,10,7.0,11133
150.88545866437175,1,3.0,11138
150.89408107069679,1,3.0,11139
150.91045289600447,1,1.0,11140
150.9106191752282,7,2.0,11060
150.92148946097603,11,27.0,11055
150.9249040753347,6,1.0,11126
150.92670301666277,7,30.0,10980
150.9287695145234,6,2.0,11080
150.9365654488576,11,3.0,11104
150.94750857713518,11,2.0,11047
150.97163467506405,17,2.0,-10573
150.98007502478345,6,4.0,11130
150.99048666788124,5,1.0,0
151.0456673475591,7,7.0,11067
151.05199466516976,12,3.0,11081
151.07031671617108,7,5.0,11101
151.07809088650407,1,1.0,11141
151.07853477957107,1,1.0,11142
151.08933078928948,16,50.0,194
151.10269039710258,17,1.0,-12581
151.1054648393942,17,6.0,-10902
151.11055990683323,6,5.0,11136
151.11972423529238,3,8.0,11143
151.12026425316674,11,20.0,11071
151.12692176798544,4,60.0,11144
151.1276006909123,6,11.0,11091
151.12825630985546,10,40.0,11069
151.1298213436789,11,4.0,11050
151.13316965397283,7,3.0,11027
151.150946316874,6,7.0,11135
151.15350775543504,7,1.0,11018
151.1546740641202,7,4.0,11083
151.17848834486722,16,3.0,10961
151.18333840185045,11,7.0,11022
151.19406001288772,7,2.0,11026
151.19792676829118,11,12.0,11051
151.21311794458154,6,1.0,11140
151.2327442036897,4,1.0,11145
151.2365767132228,11,11.0,11105
151.24020386257726,1,3.0,11146
151.25782340390552,1,1.0,11147
151.26674798471007,1,2.0,11148
151.26739077354515,4,7.0,11149
151.2819260444656,16,37.0,1585
151.28811615381252,3,4.0,11150
151.3176719157823,7,2.0,11088
151.32112004763826,10,1.0,11128
151.33995533428748,6,2.0,11032
151.341150721752,17,1.0,-6314
151.34972555426197,17,3.0,-531
151.35096209226757,1,29.0,11151
151.35194888077726,1,2.0,11152
151.37900374885407,3,54.0,11153
151.3840283443265,16,4.0,9312
151.38690857613562,10,9.0,11132
151.40580670152252,11,1.0,11053
151.42042255604568,6,3.0,11092
151.4228714825651,6,3.0,11108
151.42788401404783,1,7.0,11154
151.42858982406244,5,4.0,0
151.4383202947266,9,4.0,11103
151.4419528100612,11,5.0,10994
151.44215394099476,6,1.0,11142
151.450483650526,7,1.0,11057
151.4585314209911,16,42.0,10885
151.50788314725915,1,1.0,11155
151.53439007186034,1,3.0,11156
151.5364771454311,7,4.0,11052
151.54185646271233,6,5.0,11123
151.54927155063928,11,30.0,10963
151.5503995128983,5,2.0,0
151.55267783394171,4,2.0,11157
151.5581265182033,5,5.0,0
151.5648993036625,7,4.0,11064
151.56835949464775,1,3.0,11158
151.57284106853064,16,3.0,8663
151.5774587320956,3,7.0,11159
151.577681585971,1,8.0,11160
151.5814830904164,6,2.0,11059
151.58708728431537,16,4.0,7644
151.59019833659457,11,8.0,11005
151.60753412478232,11,1.0,11086
151.62254177847407,6,7.0,11072
151.64162672398783,6,1.0,11125
151.64196292621943,7,2.0,11080
151.64751665246752,5,2.0,0
151.64886109635881,10,30.0,11120
151.65166173088673,6,3.0,11156
151.6583047347331,6,2.0,11148
151.66163855103343,8,3.0,11156
151.66352068559064,11,53.0,11014
151.66720337789747,4,2.0,11161
151.6816440008898,1,5.0,11162
151.68212114627644,11,7.0,11114
151.6823105106169,4,4.0,11163
151.69531476947753,6,3.0,11146
151.70946536235803,7,3.0,11107
151.7101865269501,6,7.0,11154
151.71026583393405,6,2.0,11134
151.71481006324535,6,5.0,11162
151.73345916321063,4,1.0,11164
151.74549310401437,10,6.0,11102
151.74724544339213,4,2.0,11165
151.75348613602017,11,2.0,11097
151.75850261842817,10,2.0,11161
151.764336624847,4,2.0,11166
151.76802120314963,11,19.0,11031
151.77794933357546,3,2.0,11167
151.78557202398537,12,30.0,11120
151.7952650575646,17,4.0,-11308
151.8010440870541,3,52.0,11168
151.83037672900542,10,54.0,11153
151.8359938288519,16,1.0,10016
151.83736766454967,1,1.0,11169
151.84327760629455,6,2.0,11110
151.8465512041458,7,9.0,11095
151.86350131220243,7,2.0,11094
151.86589197560608,17,2.0,-12100
151.87262000386227,6,3.0,11158
151.87723070132603,1,8.0,11170
151.87764531486522,6,3.0,11093
151.88601710612073,1,1.0,11171
151.89281284865874,10,3.0,11089
151.91137970399433,1,4.0,11172
151.9124620325021,10,2.0,11166
151.9130203200868,11,2.0,11076
151.93533936822706,3,3.0,11173
151.9491588820121,17,1.0,-11390
151.94947314829966,11,52.0,11070
151.95292952074746,11,4.0,11111
151.9538160331141,4,7.0,11174
151.9791940232145,10,33.0,11112
151.9810006229939,11,38.0,10971
152.01551394163627,7,7.0,11078
152.02536918974624,6,3.0,11098
152.03527231026743,6,8.0,11170
152.03845407144394,4,6.0,11175
152.04932796052785,10,7.0,11174
152.06692162804188,1,1.0,11176
152.07061881377055,7,1.0,11033
152.08672895289465,11,3.0,11065
152.10022228142327,1,4.0,11177
152.1009806672463,10,7.0,11149
152.1079751567802,7,1.0,11126
152.1101566412911,1,1.0,11178
152.11405891420912,1,4.0,11179
152.15067029465803,11,52.0,11029
152.1717546319953,7,3.0,11108
152.172160380285,11,7.0,11133
152.18500342729973,17,3.0,-10866
152.19792676829118,16,12.0,11051
152.21161187001968,7,2.0,11000
152.22130175507584,10,10.0,11077
152.22734038498064,10,1.0,11113
152.24961854933096,10,3.0,11173
152.2538832312617,3,6.0,11180
152.2565231319412,10,11.0,11106
152.2583082560769,16,3.0,5827
152.26443785440264,6,1.0,11109
152.2663582269841,17,5.0,-12017
152.27166712134587,11,40.0,11074
152.27743812197468,10,3.0,11116
152.32572798161908,7,1.0,11024
152.33058686353527,17,8.0,-10929
152.3354602794924,1,3.0,11181
152.33965414985414,6,4.0,11179
152.34475977927403,16,2.0,4534
152.34708588973297,3,6.0,11182
152.3472772776221,7,11.0,11091
152.37662663663548,6,1.0,11171
152.37934141389346,3,3.0,11183
152.40774521454898,5,1.0,0
152.40806998284302,10,8.0,11143
152.410747283051,3,35.0,11184
152.42111187872297,10,1.0,11145
152.43899514704097,11,9.0,11132
152.44194539525046,6,7.0,11118
152.4441756661716,1,1.0,11185
152.45622060445265,10,5.0,11127
152.46050230705654,11,44.0,11049
152.4625902755247,6,2.0,11152
152.46674832048708,10,2.0,11167
152.47053477659514,7,4.0,11048
152.47874515937693,3,22.0,11186
152.4815389364957,1,1.0,11187
152.48302519168314,7,1.0,11039
152.50340987896175,10,60.0,11061
152.50376443878372,6,1.0,11185
152.5068504596671,4,4.0,11188
152.50891063307458,7,14.0,11035
152.5102474863023,10,4.0,11137
152.53076992864868,9,5.0,11096
152.53229851620281,10,1.0,11131
152.53346868006548,6,3.0,11181
152.53612561628947,7,7.0,11135
152.55769980905322,6,4.0,11177
152.5873033137204,6,1.0,11187
152.61292660532004,10,6.0,11175
152.62431737255122,16,2.0,6020
152.63557619020642,7,4.0,11122
152.63855476276228,7,2.0,11059
152.64663030120073,3,51.0,11189
152.64924350788985,4,1.0,11190
152.652199861084,11,54.0,11153
152.6522647360789,8,2.0,11110
152.65259329890267,10,6.0,11180
152.65351532897452,6,1.0,11169
152.66489011125674,16,2.0,3841
152.6729903520428,4,23.0,11191
152.67367016137055,9,3.0,11081
152.68273473592623,7,5.0,11162
152.6923028787612,7,3.0,11093
152.71193689010914,7,4.0,11130
152.71711635540268,6,1.0,11176
152.73673291272166,10,23.0,11191
152.7490890378179,1,1.0,11192
152.75873162326354,11,18.0,11085
152.79467117174443,1,1.0,11193
152.81428983480964,7,2.0,11148
152.81429685161757,4,16.0,11194
152.81888361191238,7,2.0,11032
152.82045524995647,1,2.0,11195
152.82304329686053,16,2.0,10940
152.84751730905,6,1.0,11192
152.85115133671468,7,5.0,11136
152.85470872417062,17,2.0,-960
152.88321854534462,6,2.0,11124
152.88572835658442,11,11.0,11106
152.9060354250192,1,1.0,11196
152.91189160183006,6,1.0,11155
152.91501722481584,1,7.0,11197
152.92578192453632,10,35.0,11184
152.92783069169658,10,2.0,11165
152.93762240117644,16,14.0,4745
152.94846783365702,10,52.0,11168
152.9717107449637,5,7.0,0
152.97279690995595,17,6.0,-2165
152.98579733742082,1,16.0,11198
152.98661631271207,7,3.0,11100
152.98906592982027,6,16.0,11198
152.98988060897216,1,5.0,11199
153.00034657829366,16,3.0,7719
153.01145554836725,16,1.0,10972
153.02069057313787,11,3.0,11173
153.03161643397803,7,3.0,11158
153.03729966169075,6,1.0,11147
153.04533227513355,3,6.0,11200
153.05744182271033,6,1.0,11193
153.07623428722243,1,3.0,11201
153.07831108319618,10,6.0,11182
153.08034239506893,11,1.0,11145
153.08935210990435,6,1.0,11040
153.10207132165178,1,7.0,11202
153.13246677044896,10,60.0,11144
153.14422467070045,12,2.0,11167
153.15113164496537,9,29.0,11015
153.155255978455,6,7.0,11202
153.17371034738946,11,5.0,11127
153.17371034738946,16,5.0,11127
153.2025055706903,1,5.0,11203
153.2063889805888,7,1.0,11125
153.2489281875778,11,2.0,11129
153.25418176262824,11,2.0,11084
153.25600434943448,9,2.0,11167
153.27914671854745,10,1.0,11164
153.28030009409858,10,1.0,11099
153.29151569966484,10,1.0,11190
153.30112851366735,6,1.0,11196
153.31407996941567,11,8.0,11143
153.32882032737368,1,3.0,11204
153.33460977782664,1,2.0,11205
153.33580989601995,9,30.0,11120
153.33665671402085,11,6.0,11117
153.34120459264474,6,7.0,11197
153.35058804708626,16,1.0,3978
153.35347788647746,16,20.0,5285
153.35646523514913,1,1.0,11206
153.3633704883822,10,4.0,11150
153.36508227419367,10,48.0,11121
153.38451318314637,4,4.0,11207
153.39138916888444,5,1.0,0
153.41444247826,16,13.0,1452
153.419387109722,16,7.0,10989
153.42597480041658,6,3.0,11139
153.43239161965707,7,3.0,11146
153.43992261214845,3,37.0,11208
153.45453308497684,5,1.0,0
153.46011915501185,9,2.0,11110
153.46632817471962,3,49.0,11209
153.4669089355018,9,1.0,11068
153.50410716349808,11,2.0,11079
153.5080619236475,3,2.0,11210
153.51333407776173,11,6.0,11102
153.52440439706038,10,16.0,11194
153.531485438711,10,49.0,11209
153.53754254336258,4,5.0,11211
153.5633957435254,6,5.0,11199
153.56792845086835,7,1.0,11169
153.5729239200758,7,4.0,11177
153.58645062446635,1,3.0,11212
153.5877996103481,10,5.0,11115
153.6077855630063,6,1.0,11141
153.60900957262245,3,48.0,11213
153.60966696592942,3,19.0,11214
153.62345505354287,6,3.0,11204
153.62865329559543,3,10.0,11215
153.63620235806644,1,3.0,11216
153.64447096125838,7,7.0,11202
153.64657012123644,10,4.0,11188
153.6533408325058,3,8.0,11217
153.65513350128884,10,3.0,11183
153.65776536672456,11,3.0,11116
153.65848448684184,9,3.0,11156
153.66583637722394,6,1.0,11206
153.66821060234986,11,2.0,11161
153.68133296259407,1,10.0,11218
153.70654143343145,8,3.0,11181
153.71481587540077,10,2.0,11210
153.71533796368632,6,2.0,11205
153.71580748465104,17,4.0,-1062
153.7340006875147,6,3.0,11201
153.7431969348015,10,4.0,11119
153.75149626347766,7,7.0,11154
153.7642186109206,7,1.0,11140
153.77028576234272,7,3.0,11098
153.77213463515344,11,1.0,11131
153.77878280709217,3,7.0,11219
153.78302255323314,10,11.0,11073
153.7873548942271,4,3.0,11220
153.79570425666756,4,6.0,11221
153.82232078259568,4,4.0,11222
153.82321491009367,3,4.0,11223
153.839692627789,10,7.0,11159
153.85145684036968,1,3.0,11224
153.85281051492444,6,3.0,11212
153.8551829646337,6,3.0,11216
153.86650203656558,7,2.0,11134
153.86650203656558,16,2.0,11134
153.87446695940457,7,1.0,11142
153.88465266258024,6,10.0,11218
153.88671293444983,7,5.0,11123
153.89440797105974,1,1.0,11225
153.90501495477386,7,7.0,11072
153.9166348590755,10,3.0,11220
153.91718495183025,10,5.0,11211
153.93520628316173,16,5.0,9975
153.94597036749022,6,29.0,11151
153.94597073231364,16,8.0,7272
153.94603365398007,11,1.0,11128
153.9501631433659,1,1.0,11226
153.9752670294401,4,4.0,11227
153.9842752995408,17,1.0,-3529
153.9936480467904,11,2.0,11063
153.9938140847702,3,24.0,11228
153.99444197213342,11,40.0,11069
153.99828158443145,10,6.0,11200
154.02327487375442,10,7.0,11219
154.0242562135081,11,3.0,11089
154.0242562135081,16,3.0,11089
154.02806977748025,4,3.0,11229
154.03468481218798,1,1.0,11230
154.03497977644898,10,4.0,11222
154.0408702056447,7,1.0,11109
154.07725538978647,16,3.0,5698
154.0837384496572,6,4.0,11172
154.08468728238887,3,35.0,11231
154.1012645077311,10,4.0,11223
154.12421793708367,1,4.0,11232
154.12725338004094,3,13.0,11233
154.12908595488744,11,7.0,11149
154.14184491406357,1,10.0,11234
154.15235242472082,1,8.0,11235
154.15972905178864,1,6.0,11236
154.16069689601798,7,3.0,11092
154.16511607449712,7,1.0,11147
154.17577643714756,10,6.0,11221
154.18366040599187,6,2.0,11195
154.20513150276028,7,2.0,11124
154.2233713478379,3,38.0,11237
154.2270020926125,6,3.0,11138
154.22922080776266,9,3.0,11181
154.2324983324226,16,44.0,1316
154.23299847201255,1,11.0,11238
154.2378407456158,1,9.0,11239
154.2431997568944,7,2.0,11090
154.25992531223167,10,4.0,11227
154.26612685628294,1,3.0,11240
154.2781797648262,10,35.0,11231
154.32579231954318,1,7.0,11241
154.3265714322255,10,22.0,11186
154.33592517937484,12,1.0,11099
154.34176694562342,4,13.0,11242
154.34621811167187,11,2.0,11165
154.34758716511695,6,8.0,11235
154.36006480924533,11,52.0,11168
154.36340425477445,10,4.0,11207
154.36364726256858,7,16.0,11198
154.3692251445825,4,42.0,11243
154.40438374251158,1,1.0,11244
154.40835322911448,10,51.0,11189
154.42177664533858,5,8.0,0
154.42408651920016,1,1.0,11245
154.42699141662885,4,5.0,11246
154.42825578370284,10,19.0,11214
154.4345184207279,11,48.0,11121
154.44927660464725,10,42.0,11243
154.4494489228719,7,2.0,11205
154.45330768342532,11,4.0,11137
154.47447326446215,6,1.0,11244
154.4776741066163,4,2.0,11247
154.48900515422395,1,4.0,11248
154.49089591651307,3,55.0,11249
154.4924346485915,4,12.0,11250
154.50184163711202,6,1.0,11245
154.50454325996833,11,6.0,11180
154.51155537383946,6,7.0,11241
154.513414094591,4,3.0,11251
154.53152439894706,1,8.0,11252
154.5483792447565,6,8.0,11160
154.55311369209574,7,1.0,11176
154.5588267242533,1,6.0,11253
154.56044845144228,7,8.0,11170
154.5666604299988,4,2.0,11254
154.57729556677367,7,7.0,11118
154.59699094380298,17,2.0,-11844
154.59963478853086,16,3.0,9842
154.6191631210472,6,1.0,11230
154.62370330248868,17,2.0,-8150
154.62568008124913,1,2.0,11255
154.65006710170837,10,10.0,11215
154.65132848471356,3,5.0,11256
154.65254443168777,11,10.0,11077
154.65517295989798,17,5.0,-9277
154.66320759564056,1,1.0,11257
154.7105099183978,6,1.0,11225
154.718213521626,3,3.0,11258
154.72241230573957,11,35.0,11231
154.73970825967015,10,24.0,11228
154.78043012169334,11,6.0,11175
154.79261904255824,4,24.0,11259
154.79900067744524,17,1.0,-9708
154.805106798573,10,8.0,11217
154.80692921566236,3,2.0,11260
154.8219338668693,17,3.0,-11462
154.82309309255717,1,7.0,11261
154.82593608134775,17,7.0,-6693
154.83061407104643,10,13.0,11233
154.83491364003487,16,8.0,2819
154.8475739415494,16,8.0,8900
154.84777691808165,11,7.0,11174
154.87525532509628,11,60.0,11061
154.88128586238065,1,1.0,11262
154.88226472100902,4,3.0,11263
154.90115485481596,10,13.0,11242
154.9028399211196,17,10.0,-7560
154.9061153323752,10,38.0,11237
154.90666806069433,17,1.0,-7178
154.91294535446875,11,7.0,11219
154.92090935482892,3,2.0,11264
154.92200833038112,6,4.0,11232
154.92633929328963,1,2.0,11265
154.9264568028763,10,3.0,11229
154.93481552209136,4,50.0,11266
154.94345287706793,1,1.0,11267
154.94541568246188,7,7.0,11197
154.9648041716697,17,1.0,-11954
154.9838703905757,7,4.0,11179
154.98707597412704,10,3.0,11251
154.99252902188945,10,24.0,11259
155.00023365514653,16,49.0,2220
155.00623729422728,6,1.0,11178
155.00786972107127,1,3.0,11268
155.00881651678765,11,4.0,11222
155.0460647182861,11,4.0,11223
155.05839153795836,16,4.0,10939
155.06842845283606,11,1.0,11164
155.0734077414461,6,9.0,11239
155.08377341003174,7,3.0,11204
155.0863549276208,1,3.0,11269
155.09154302517587,1,4.0,11270
155.09887006688902,4,12.0,11271
155.11431403958449,1,3.0,11272
155.1195031241142,11,42.0,11243
155.12026425316674,16,20.0,11071
155.13422559943368,16,4.0,1085
155.14794876991286,6,4.0,11248
155.16338567718307,3,10.0,11273
155.16670861067684,3,1.0,11274
155.16767847776063,7,1.0,11193
155.16767847776063,16,1.0,11193
155.17374364462125,7,1.0,11040
155.1782619316622,7,3.0,11139
155.18584965151803,7,1.0,11196
155.1975505033011,11,35.0,11184
155.2186134030797,7,2.0,11152
155.24611841951003,7,1.0,11185
155.25037776603756,17,11.0,-1625
155.26408019587845,11,6.0,11221
155.28124427722116,7,29.0,11151
155.30184586169668,6,3.0,11269
155.3033534685274,6,2.0,11265
155.31381013036096,10,3.0,11263
155.31847490326012,7,1.0,11187
155.31862300402798,4,9.0,11275
155.31990096942755,6,1.0,11267
155.34117659208314,11,33.0,11112
155.347050751496,4,11.0,11276
155.3575992675516,10,5.0,11256
155.35762897261276,7,1.0,11155
155.36714800253804,1,3.0,11277
155.36863343482267,7,1.0,11192
155.3811265419857,3,10.0,11278
155.38853323250513,9,1.0,11099
155.39066034723444,16,55.0,10969
155.39215321080343,7,1.0,11206
155.39259384750662,1,4.0,11279
155.39349667572165,10,9.0,11275
155.39794487045125,11,4.0,11188
155.41616035312464,11,23.0,11191
155.43862450449188,16,6.0,6799
155.46610673650355,17,8.0,-12923
155.47563108356172,10,2.0,11254
155.48377500977824,10,5.0,11246
155.48563270245023,17,1.0,-4827
155.50493396889175,11,6.0,11200
155.51695099523175,6,8.0,11252
155.52484916451152,11,1.0,11113
155.5352311211969,1,1.0,11280
155.53754475866037,4,5.0,11281
155.55255064828287,10,10.0,11273
155.55893148699806,6,3.0,11272
155.56733359948876,3,23.0,11282
155.57131402202722,10,2.0,11264
155.57326088184007,17,1.0,-5300
155.57710513161436,4,14.0,11283
155.59168392014965,16,5.0,6615
155.5928784401056,4,1.0,11284
155.5995015078295,7,3.0,11201
155.59991043179576,6,11.0,11238
155.61745585085063,10,2.0,11247
155.62224484629652,1,2.0,11285
155.64652932243717,11,3.0,11183
155.6475795374269,16,2.0,10881
155.64899669290878,7,3.0,11138
155.66581798629494,4,2.0,11286
155.67438974539766,10,2.0,11260
155.67711186051662,1,2.0,11287
155.6888807589761,6,6.0,11253
155.6987260339086,6,3.0,11277
155.74120066699425,4,3.0,11288
155.74906054221523,3,4.0,11289
155.75487473723982,11,3.0,11220
155.766237552105,17,1.0,-12440
155.77813261401383,17,1.0,-8496
155.7942278855892,16,1.0,8533
155.80087728949175,16,1.0,8667
155.80750839552212,7,1.0,11225
155.81038734379828,4,2.0,11290
155.82810976190396,6,7.0,11261
155.84817086843617,6,2.0,11285
155.8548989977909,11,11.0,11073
155.8549964442657,7,3.0,11216
155.87187246090775,3,3.0,11291
155.8850278224183,11,38.0,11237
155.88561692364019,17,22.0,-6176
155.90415203982772,10,3.0,11258
155.90628280928254,17,2.0,-7752
155.91894848694076,5,3.0,0
155.93723010397798,7,4.0,11172
155.9445313967634,11,5.0,11115
155.95206755789738,1,15.0,11292
155.96498228556388,10,5.0,11281
155.9667861913606,17,7.0,-10638
155.9802252347068,7,5.0,11199
155.9808883362347,6,1.0,11262
155.98441800129532,6,1.0,11280
155.99130005618744,17,1.0,-8585
155.99258218141645,4,5.0,11293
155.99603227262662,6,2.0,11287
156.01305255939954,7,10.0,11218
156.02063027749773,11,4.0,11150
156.03507291657132,10,5.0,11293
156.04080550329988,7,1.0,11141
156.04665541042294,10,12.0,11250
156.04742727316207,11,2.0,11210
156.0528229059198,16,39.0,3747
156.05993161200743,10,4.0,11163
156.06853053566394,3,23.0,11294
156.0759945074827,1,7.0,11295
156.07977381897072,4,5.0,11296
156.08140623963436,1,3.0,11297
156.08932895061858,4,2.0,11298
156.12511158800396,10,12.0,11271
156.1286859988333,12,10.0,11273
156.12877185599027,4,6.0,11299
156.13035586075182,17,2.0,-11468
156.14824991753412,10,48.0,11213
156.16050661586127,1,18.0,11300
156.1689053910955,10,10.0,11278
156.18023845723826,16,8.0,1927
156.19841048901927,16,57.0,6991
156.2166287977364,6,5.0,11203
156.22099734095005,11,6.0,11182
156.22251437402602,4,3.0,11301
156.22695747813148,16,6.0,9698
156.24465081979608,17,1.0,-4696
156.2667721777917,11,1.0,11190
156.2667721777917,16,1.0,11190
156.27742139344508,1,5.0,11302
156.28388264463834,11,16.0,11194
156.28763660513718,10,55.0,11249
156.2899969222156,3,6.0,11303
156.3119177467811,10,6.0,11299
156.31720795492095,3,2.0,11304
156.32024992557234,16,2.0,2744
156.32444420455286,4,2.0,11305
156.3290946350921,11,24.0,11228
156.33698622203013,6,10.0,11234
156.341144880781,10,4.0,11289
156.34685254536421,4,2.0,11306
156.35139946386428,10,3.0,11291
156.35183901415263,6,2.0,11255
156.35837680539402,17,1.0,-3633
156.36152283111866,1,2.0,11307
156.3752093660186,1,3.0,11308
156.38894269236803,4,5.0,11309
156.40835163975527,6,3.0,11224
156.47332802809905,17,1.0,-11488
156.47902113511202,17,1.0,-3067
156.49384796972313,11,49.0,11209
156.50341080522963,3,46.0,11310
156.50675901936913,7,2.0,11195
156.5071850283099,11,60.0,11144
156.51406771891547,10,23.0,11282
156.51420781320897,10,2.0,11305
156.5331115154798,10,2.0,11290
156.53392581278098,6,3.0,11268
156.5381017739491,7,8.0,11252
156.54383933814898,10,3.0,11301
156.56273415564908,6,3.0,11308
156.58207938389,16,2.0,10728
156.58272517786864,11,51.0,11189
156.58897787854923,1,3.0,11311
156.5892647462124,1,4.0,11312
156.59006894868617,16,48.0,5404
156.59679795692207,1,1.0,11313
156.6023154340699,3,54.0,11314
156.6039641587192,11,22.0,11186
156.61324085830515,7,1.0,11245
156.61566098572638,1,2.0,11315
156.63237197196702,3,16.0,11316
156.6411818866947,16,4.0,5078
156.6454526295255,4,7.0,11317
156.64757954233116,7,1.0,11267
156.65154669836897,5,6.0,0
156.68067916133342,7,4.0,11248
156.69152670256372,5,2.0,0
156.7010020969141,1,9.0,11318
156.70823673845317,1,3.0,11319
156.71764456264447,6,18.0,11300
156.71921177329,10,5.0,11296
156.72571520701322,11,3.0,11263
156.72828835535643,1,5.0,11320
156.73732194999923,7,1.0,11230
156.74681963341425,3,40.0,11321
156.75466477508323,10,23.0,11294
156.7631796217749,10,16.0,11316
156.7634400700166,7,1.0,11178
156.7667958799987,16,8.0,3953
156.7749762237522,6,5.0,11302
156.7763812713836,3,3.0,11322
156.78918942175704,1,5.0,11323
156.79209155356222,11,2.0,11264
156.79493745190095,11,13.0,11233
156.80562730118777,6,1.0,11313
156.81765591123292,16,60.0,2728
156.84049354345063,1,1.0,11324
156.84808074635004,11,5.0,11211
156.85491350112412,11,2.0,11260
156.86350053197052,1,6.0,11325
156.86809548710153,3,44.0,11326
156.87127496264452,6,2.0,11307
156.87445340052645,9,10.0,11273
156.8822156525785,7,8.0,11160
156.88857111225533,11,19.0,11214
156.89207038450758,10,14.0,11283
156.903176885198,6,2.0,11315
156.90341339584091,1,9.0,11327
156.91669723484338,11,2.0,11254
156.92141260440425,5,8.0,0
156.93168356329684,6,15.0,11292
156.93752095252614,16,40.0,8622
156.94430550949585,3,43.0,11328
156.9464224232885,16,5.0,10900
156.94826698372205,7,4.0,11232
156.94991910546702,4,6.0,11329
156.97714098794376,17,1.0,-3758
156.9789945695729,16,45.0,10953
156.98639516741878,10,1.0,11284
156.9907581466498,11,4.0,11163
156.99920821450124,4,6.0,11330
156.99957070818772,6,6.0,11325
157.01216805105494,1,1.0,11331
157.01830378295054,3,2.0,11332
157.02987622594455,17,4.0,-9046
157.03706859661517,7,9.0,11239
157.04100728929154,11,2.0,11247
157.06006937795019,11,3.0,11258
157.0625904223931,11,10.0,11215
157.07105641408762,7,3.0,11272
157.10670403236375,7,3.0,11277
157.1167335265541,6,9.0,11327
157.1364170666466,10,43.0,11328
157.15035581434142,11,3.0,11291
157.16130112026715,17,60.0,-11278
157.17359276616187,16,14.0,10974
157.17470856453232,11,4.0,11119
157.19574055329767,11,4.0,11207
157.210531314842,5,3.0,0
157.2233828669445,3,5.0,11333
157.2258605428322,11,13.0,11242
157.2276621148838,10,11.0,11276
157.22980336624184,6,1.0,11257
157.2413268124242,17,4.0,-2385
157.250087262751,4,6.0,11334
157.26676853838924,10,2.0,11306
157.2720552050928,6,3.0,11311
157.27906708786296,17,3.0,-4577
157.2851371529974,10,44.0,11326
157.28914124229195,17,25.0,-64
157.29071558453128,6,3.0,11240
157.29917118787924,1,1.0,11335
157.30240042080982,4,4.0,11336
157.3160889739742,3,9.0,11337
157.32809251710276,11,2.0,11166
157.33187095772595,10,6.0,11334
157.34799866791656,7,1.0,11244
157.36224098355368,16,5.0,7333
157.38782247086985,11,10.0,11278
157.38872840504627,6,4.0,11279
157.39853943349405,7,1.0,11280
157.4025167764747,11,7.0,11159
157.41103106628125,17,1.0,-7485
157.42712533005576,6,1.0,11331
157.42984598243777,7,3.0,11269
157.44212228346464,1,6.0,11338
157.45970625016736,10,6.0,11303
157.46057668262188,4,2.0,11339
157.46075544351334,7,7.0,11241
157.4651350996004,16,4.0,9485
157.4661143852017,4,15.0,11340
157.46839085271355,10,7.0,11317
157.47531931388835,4,2.0,11341
157.4754637815774,16,1.0,2171
157.4771534748853,4,10.0,11342
157.4772404629838,3,4.0,11343
157.4793701718821,7,6.0,11253
157.48443439137841,11,24.0,11259
157.4891079982391,16,48.0,11043
157.48936215834874,17,2.0,-5073
157.48991117592848,5,3.0,0
157.51492306868707,7,11.0,11238
157.5169708525832,12,4.0,11289
157.52011172814787,7,5.0,11203
157.52900859614002,4,6.0,11344
157.53214904706016,1,1.0,11345
157.54507841750316,8,18.0,11300
157.5674602917827,10,6.0,11329
157.57177435957664,11,9.0,11275
157.5912279389531,4,4.0,11346
157.60535747298644,17,2.0,-12934
157.62117024745544,7,1.0,11171
157.62561844171935,17,5.0,-11331
157.6372013270018,11,5.0,11293
157.64597346909792,17,1.0,-2905
157.6624834272529,10,5.0,11333
157.69403552105425,11,48.0,11213
157.70329004815918,10,4.0,11346
157.70511640752147,1,9.0,11347
157.72022982642258,9,18.0,11300
157.73683293832187,10,4.0,11336
157.746911586058,3,24.0,11348
157.74883099748658,11,4.0,11227
157.75338564069628,3,4.0,11349
157.75562107206753,3,21.0,11350
157.75732611164233,10,2.0,11332
157.76137293311305,10,5.0,11309
157.76424922577843,16,59.0,2588
157.7677937520393,6,6.0,11236
157.78453109552692,7,1.0,11262
157.79297943927457,6,4.0,11312
157.79461922817563,10,37.0,11208
157.80157090202334,11,16.0,11316
157.81428983480964,16,2.0,11148
157.81871190541577,10,50.0,11266
157.83199449887368,11,5.0,11246
157.83382439885585,10,2.0,11286
157.85125041946594,7,5.0,11302
157.86434426005962,7,3.0,11212
157.86795310296336,6,1.0,11226
157.87227438282238,11,6.0,11299
157.8904824371215,10,2.0,11157
157.89129931330942,7,2.0,11265
157.9051685928116,7,2.0,11287
157.91640529758544,1,2.0,11351
157.91701321219298,10,1.0,11274
157.92123374340764,11,43.0,11328
157.923335020992,11,8.0,11217
157.95096863202102,1,1.0,11352
157.95232621529547,10,2.0,11341
157.95543138680497,10,15.0,11340
157.95814821794164,10,40.0,11321
157.96332574998536,6,6.0,11338
157.97002817969852,10,10.0,11342
157.98149542824441,4,1.0,11353
157.9968733923433,6,2.0,11351
157.99961617978175,6,1.0,11352
158.00723798392264,10,3.0,11322
158.02820511925503,1,5.0,11354
158.04745626300632,11,6.0,11334
158.0718892449045,11,14.0,11283
158.07409105913166,6,9.0,11318
158.07733440717456,7,6.0,11325
158.10155691794608,3,51.0,11355
158.1305728806766,7,9.0,11327
158.13154608358562,16,3.0,1866
158.142882833089,1,7.0,11356
158.17098441493306,5,3.0,0
158.17502658255071,6,5.0,11354
158.19289543410542,10,4.0,11349
158.20187941378316,10,4.0,11343
158.2063889805888,16,1.0,11125
158.21419403986692,10,9.0,11337
158.21601719547158,11,5.0,11256
158.25855171157144,11,23.0,11282
158.27623255617257,5,3.0,0
158.28050435190033,17,3.0,-6697
158.28819195508143,10,24.0,11348
158.29149176302985,1,8.0,11357
158.29971500191576,10,6.0,11330
158.31788211922054,1,1.0,11358
158.32292617487607,11,23.0,11294
158.32788303124894,10,2.0,11298
158.34111108941832,7,8.0,11235
158.34459420258972,4,3.0,11359
158.34630511327777,16,27.0,3287
158.35100338444488,17,1.0,-6242
158.3836852142945,11,2.0,11305
158.38645226333946,11,1.0,11284
158.38945098569388,16,4.0,11020
158.3935066427648,16,5.0,5169
158.41803209042027,5,1.0,0
158.43886032955155,17,2.0,-10250
158.4499375475771,1,1.0,11360
158.45811877178883,12,5.0,11296
158.46888073548962,7,2.0,11285
158.47823103071096,1,1.0,11361
158.48071616836896,3,33.0,11362
158.48210276997528,6,1.0,11361
158.48509534308786,11,55.0,11249
158.4883549885944,6,4.0,11270
158.4994538777362,17,2.0,-7243
158.50163234434368,1,3.0,11363
158.521457095291,1,4.0,11364
158.5458709895475,16,7.0,10985
158.54840271869284,16,5.0,10945
158.5850654730575,16,1.0,10520
158.59562718673092,11,2.0,11306
158.5984958955536,16,2.0,8028
158.60590899109033,3,15.0,11365
158.6127507357368,16,3.0,3729
158.62703059626918,17,2.0,-8072
158.63231584896934,4,24.0,11366
158.6403047918146,7,2.0,11255
158.67566106532746,17,3.0,-12027
158.67765126941993,4,4.0,11367
158.67882278305436,17,4.0,-2968
158.68219874432214,1,5.0,11368
158.68236430663657,10,33.0,11362
158.6883297976286,6,1.0,11345
158.696031103739,6,1.0,11335
158.70022151997048,1,3.0,11369
158.73377998467816,1,8.0,11370
158.73989224817296,5,3.0,0
158.74355137015084,16,4.0,10886
158.74873020648388,16,3.0,334
158.77898788677143,10,51.0,11355
158.79608676471193,9,5.0,11296
158.80888934782294,9,4.0,11289
158.8099617913571,16,20.0,10938
158.81847914521052,6,1.0,11358
158.83171986722348,11,3.0,11251
158.83241113226063,6,5.0,11320
158.8579812507305,10,3.0,11288
158.858166563524,1,7.0,11371
158.86096908629537,1,33.0,11372
158.86572240262186,11,11.0,11276
158.89525531276445,1,4.0,11373
158.8975490591244,11,37.0,11208
158.92007890754115,4,43.0,11374
158.9241564373142,11,12.0,11250
158.93201473826832,10,43.0,11374
158.93549108193005,1,1.0,11375
158.93919147318695,10,2.0,11304
158.9437848498745,10,46.0,11310
158.9558685145136,11,12.0,11271
158.98452304558427,11,1.0,11274
159.0105580752495,1,3.0,11376
159.0139676507769,7,7.0,11261
159.02243282726914,6,4.0,11364
159.0401689521338,7,3.0,11311
159.0463301956342,1,7.0,11377
159.05613619458225,1,8.0,11378
159.0679216002084,6,8.0,11357
159.07031671617108,16,5.0,11101
159.07162078749238,16,1.0,5739
159.08195969537067,4,10.0,11379
159.08583288278973,7,3.0,11224
159.098453690397,6,9.0,11347
159.10094385018218,1,2.0,11380
159.10829394142323,7,1.0,11352
159.11276551877876,16,13.0,10951
159.11523643943298,6,3.0,11376
159.11562817504182,7,1.0,11257
159.12132053970683,10,4.0,11367
159.12279625116614,1,2.0,11381
159.12295263347838,7,10.0,11234
159.12672314880766,16,7.0,4189
159.1301663298966,6,7.0,11377
159.1317927912701,17,39.0,-1766
159.13720777759107,6,3.0,11369
159.1449790944268,16,37.0,1185
159.1484196281581,7,4.0,11279
159.15161273599122,7,4.0,11312
159.16181581144272,4,10.0,11382
159.17084029359367,6,7.0,11371
159.17106515071598,6,8.0,11378
159.18845217111243,6,7.0,11356
159.19124240751182,7,2.0,11315
159.20632417590176,16,1.0,3134
159.21109114536299,3,7.0,11383
159.21601719547158,16,5.0,11256
159.23262846725797,11,2.0,11290
159.28921074476003,6,3.0,11319
159.3027925833292,11,2.0,11298
159.3093015821522,11,10.0,11342
159.31661489567955,1,5.0,11384
159.32677129132804,1,2.0,11385
159.3292882031711,6,1.0,11324
159.334813983306,16,3.0,9447
159.33803051111877,11,5.0,11309
159.33803051111877,16,5.0,11309
159.3511514902138,10,2.0,11339
159.37100045191525,7,9.0,11318
159.37764061446688,1,2.0,11386
159.3825438460751,11,15.0,11340
159.41311964824752,6,2.0,11380
159.42372377136545,3,28.0,11387
159.42920475081354,17,2.0,-1112
159.43225374100595,1,5.0,11388
159.43984392036438,6,2.0,11385
159.44134838912993,17,10.0,-6508
159.4475971991015,11,4.0,11349
159.46638496570597,1,7.0,11389
159.46649866842128,3,33.0,11390
159.46681487721398,12,3.0,11288
159.4671571135688,16,15.0,11013
159.4673992774125,7,5.0,11320
159.46758914700897,1,9.0,11391
159.47201295358929,3,5.0,11392
159.48429511897814,1,10.0,11393
159.4866671603585,7,1.0,11313
159.4895057649229,11,4.0,11336
159.49009182775126,7,1.0,11345
159.5035603627909,10,15.0,11365
159.51642009522752,16,2.0,10924
159.52028363952851,1,4.0,11394
159.53334155089982,6,5.0,11323
159.5435190745853,1,4.0,11395
159.54542025309323,6,5.0,11368
159.5590974959834,6,3.0,11297
159.56588751399102,10,5.0,11392
159.57834558759396,11,5.0,11281
159.57867183570082,11,44.0,11326
159.58111962044603,10,6.0,11344
159.5821580943678,7,3.0,11268
159.5843014979673,11,3.0,11301
159.596369978727,12,50.0,11266
159.6039641587192,16,22.0,11186
159.62646112489534,17,1.0,-8517
159.63022255860665,11,5.0,11333
159.6403047918146,16,2.0,11255
159.65520131479778,17,3.0,-5130
159.6559074270548,6,1.0,11375
159.65952745252355,11,6.0,11329
159.66965478868573,7,2.0,11307
159.6743558203099,17,6.0,-11569
159.68212114627644,16,7.0,11114
159.68470506118464,12,33.0,11362
159.68769585483676,7,15.0,11292
159.72210114477815,7,3.0,11240
159.72638938227462,10,21.0,11350
159.7306293385677,6,10.0,11393
159.74030995529873,3,8.0,11396
159.76060273895078,17,6.0,-9365
159.76181723445436,4,15.0,11397
159.762301322599,17,1.0,-9963
159.77416333455076,7,1.0,11226
159.77503083998025,6,33.0,11372
159.7820853769248,7,1.0,11331
159.7969104072724,4,15.0,11398
159.81991063924767,16,1.0,8375
159.82025644502727,1,6.0,11399
159.84542487050743,11,4.0,11346
159.86897672481626,3,40.0,11400
159.87237230912754,10,10.0,11382
159.88031603142105,11,9.0,11337
159.89795259119478,3,51.0,11401
159.90820102954893,3,34.0,11402
159.9335734473172,6,1.0,11360
159.93372698332487,4,7.0,11403
159.93691138624413,7,3.0,11308
159.96252064937812,6,4.0,11373
159.97593155505294,10,7.0,11383
159.99208541902175,17,2.0,-4648
159.99704052987704,6,5.0,11384
159.99797423654937,17,6.0,-7497
160.01121797011652,1,3.0,11404
160.04353058723143,1,7.0,11405
160.0517218440048,6,4.0,11394
160.05521907195234,4,9.0,11406
160.0580956875943,1,6.0,11407
160.08658894537197,1,4.0,11408
160.0936064141038,3,6.0,11409
160.0963247314914,4,3.0,11410
160.11771237813943,10,8.0,11396
160.12993841152866,7,6.0,11338
160.14937055863325,17,5.0,-370
160.16020764481044,6,3.0,11363
160.16924649909302,10,7.0,11403
160.18071129619238,11,3.0,11322
160.18619047195924,7,4.0,11270
160.1982515618836,4,1.0,11411
160.21285865891042,10,28.0,11387
160.21351552609906,11,43.0,11374
160.26076629393108,16,11.0,3518
160.26683318001446,7,2.0,11351
160.26847071473998,1,1.0,11412
160.2782538348941,17,2.0,-10817
160.29704298772293,3,6.0,11413
160.30245995032712,11,6.0,11303
160.30596207349396,11,7.0,11317
160.31288952965735,4,7.0,11414
160.31854112777063,6,4.0,11408
160.3210239087939,17,7.0,-11961
160.32470818393966,17,1.0,-5069
160.32569960114674,6,4.0,11395
160.33677977769736,10,51.0,11401
160.34049063368212,7,4.0,11364
160.34760123810668,1,4.0,11415
160.3484391237673,3,4.0,11416
160.34927190163,10,1.0,11353
160.40013142879027,4,5.0,11417
160.42219969756195,12,40.0,11321
160.42432900259675,10,9.0,11406
160.4553187497267,10,6.0,11409
160.47647461686495,10,3.0,11410
160.4893238023854,10,54.0,11314
160.5034803571827,6,6.0,11407
160.5053542662924,6,9.0,11391
160.5058131826111,4,3.0,11418
160.5177560178179,9,50.0,11266
160.52899554889117,10,40.0,11400
160.55282250533833,6,7.0,11295
160.55326103852022,6,6.0,11399
160.5567253216237,3,53.0,11419
160.55868889541657,11,51.0,11355
160.58524533432762,10,6.0,11413
160.5939231092764,4,1.0,11420
160.59506665799134,12,6.0,11344
160.62067298224696,3,11.0,11421
160.62446869556302,7,1.0,11324
160.6287530337356,6,7.0,11389
160.63901606155974,1,2.0,11422
160.65210428892334,11,2.0,11286
160.6524115101888,11,21.0,11350
160.6818565391961,11,3.0,11229
160.70249529894656,16,5.0,11045
160.70385047474696,4,2.0,11423
160.70669145457492,7,1.0,11358
160.71162747135367,9,33.0,11362
160.71883432268027,9,40.0,11321
160.7331042987995,16,5.0,4934
160.74452272955554,17,1.0,-8079
160.77885776357766,7,1.0,11361
160.78513933808202,7,10.0,11393
160.7857043114803,7,6.0,11236
160.794819335524,11,24.0,11348
160.8002720563583,7,33.0,11372
160.80796485868473,16,5.0,8341
160.8257171607457,6,2.0,11422
160.8268146094159,16,10.0,5963
160.83291918957627,7,7.0,11377
160.83546776912266,6,1.0,11412
160.84272144993457,11,6.0,11330
160.8455272744809,6,2.0,11381
160.8523513498068,1,1.0,11424
160.85849846586203,1,3.0,11425
160.86612654764699,10,10.0,11379
160.8739250068407,10,33.0,11390
160.90055185605064,7,9.0,11347
160.91190246873737,1,7.0,11426
160.91306874110037,7,4.0,11373
160.9253048729666,6,2.0,11386
160.93959681230317,7,2.0,11385
160.94087687320527,11,7.0,11403
160.96867432989546,4,12.0,11427
160.9806663183282,4,3.0,11428
160.98596957720352,6,8.0,11370
160.99161087166001,1,3.0,11429
160.99831972910582,11,2.0,11304
161.03097709538523,4,3.0,11430
161.03467823386376,3,15.0,11431
161.04555432277138,1,1.0,11432
161.05224580795598,10,1.0,11420
161.05262314414205,7,5.0,11368
161.0692236672141,1,15.0,11433
161.07205500424098,1,4.0,11434
161.07603300120496,10,34.0,11402
161.08034239506893,16,1.0,11145
161.09439832388094,7,4.0,11394
161.10363529756964,6,4.0,11434
161.10519739890023,10,3.0,11428
161.1059740174998,4,2.0,11435
161.11109760821336,11,4.0,11343
161.11261780662065,6,7.0,11426
161.13278531153344,11,9.0,11406
161.1331471907621,11,5.0,11392
161.13537878440405,7,1.0,11335
161.13660467198292,1,1.0,11436
161.1382487135263,4,2.0,11437
161.15341434410072,7,3.0,11376
161.1748465527102,4,1.0,11438
161.1823484266075,10,1.0,11411
161.18270601590973,11,2.0,11341
161.18694652852778,4,1.0,11439
161.19433519910547,11,2.0,11157
161.20280207757799,10,15.0,11398
161.2152270844841,3,30.0,11440
161.2221522593154,7,6.0,11407
161.2221522593154,16,6.0,11407
161.24083799129326,17,4.0,-4390
161.24203852921903,11,40.0,11400
161.27542767012955,10,24.0,11366
161.2878971200816,7,1.0,11360
161.29011835423427,7,5.0,11354
161.2929172565909,10,15.0,11431
161.31480982944072,3,3.0,11441
161.31548139344483,11,10.0,11379
161.34185757684924,11,6.0,11409
161.34833822467868,16,1.0,6079
161.3522870750233,6,4.0,11415
161.35985156178486,3,60.0,11442
161.36715087194955,16,2.0,1955
161.36830857677495,5,2.0,0
161.37595734942613,17,3.0,-3799
161.3767311234225,11,46.0,11310
161.38175189006589,10,30.0,11440
161.38568773036226,1,3.0,11443
161.3988239466387,4,2.0,11444
161.39938760435962,7,8.0,11357
161.40335319641778,11,15.0,11365
161.4150044653172,17,7.0,-4868
161.4234932935819,10,2.0,11435
161.42646027747745,16,1.0,4642
161.42914902202685,4,5.0,11445
161.43202291482876,16,3.0,6123
161.440040239417,16,3.0,10987
161.45687485379327,6,15.0,11433
161.46330991408766,1,5.0,11446
161.46825178250972,1,3.0,11447
161.4769462111173,11,2.0,11332
161.51142954640505,7,3.0,11319
161.51282404364844,1,8.0,11448
161.51376469356538,16,46.0,525
161.51919882552073,1,1.0,11449
161.5364771454311,16,4.0,11052
161.53753586020594,3,49.0,11450
161.54064422768062,6,3.0,11447
161.55456511968518,17,1.0,-12678
161.57705727437758,16,26.0,10916
161.57881124385543,6,1.0,11424
161.5807178709652,7,1.0,11375
161.58315250909894,6,3.0,11404
161.59753853646237,16,1.0,1529
161.59847007037354,11,1.0,11420
161.60047393767343,7,7.0,11371
161.61434088586202,4,2.0,11451
161.61671271257936,1,3.0,11452
161.61865254554354,4,5.0,11453
161.62221607343983,10,7.0,11414
161.62260197710577,10,5.0,11453
161.63229365244578,10,1.0,11438
161.67367016137055,16,3.0,11081
161.70916604411852,10,49.0,11450
161.7347906758667,7,5.0,11323
161.75070245437934,6,5.0,11446
161.76984452547862,10,12.0,11427
161.7828230178075,11,28.0,11387
161.8002747473834,11,2.0,11339
161.80889402359978,6,8.0,11448
161.8238773881088,11,6.0,11413
161.82625478702522,17,3.0,-6271
161.8592650561614,7,2.0,11381
161.86916911338142,7,2.0,11422
161.8884461622723,5,2.0,0
161.9012052300796,4,6.0,11454
161.90570375162653,1,1.0,11455
161.9127257167983,16,12.0,4952
161.91630237339996,8,7.0,11295
161.92220967538339,3,48.0,11456
161.93349234779396,1,6.0,11457
161.93509261129347,7,9.0,11391
161.94832982687646,16,6.0,4916
161.9529092837871,7,4.0,11395
161.9556624694351,1,2.0,11458
161.96068933530972,11,8.0,11396
161.96261159549542,16,1.0,11016
161.96375987745836,16,11.0,8147
161.9763563675294,11,34.0,11402
161.98796179097914,6,3.0,11452
161.99951091846424,11,51.0,11401
162.00019576809865,16,10.0,9646
162.00305080492348,10,2.0,11444
162.00746353421908,7,6.0,11399
162.01683585260926,18,,0
162.01699987951213,104,2.0,11459
162.01925798622156,10,3.0,11359
162.02127059041322,4,11.0,11460
162.0355117739841,7,7.0,11356
162.07988643386403,6,7.0,11405
162.08240309459038,7,5.0,11384
162.09899876500612,11,15.0,11398
162.1336776395902,4,5.0,11461
162.15505048874232,10,48.0,11456
162.16029508548496,1,20.0,11462
162.17369641536715,10,5.0,11445
162.1754691198401,16,1.0,10923
162.17590341155153,4,1.0,11463
162.17620044705257,16,2.0,8035
162.2080704920446,11,3.0,11410
162.21117790574638,3,3.0,11464
162.21196764059928,3,6.0,11465
162.21821893560607,9,6.0,11344
162.2252244926508,16,44.0,9565
162.22753443466755,7,1.0,11412
162.25104749267618,7,8.0,11378
162.2640610182204,10,1.0,11439
162.26971738849528,1,4.0,11466
162.27927037554943,11,33.0,11390
162.28220612658768,3,53.0,11467
162.28955445641284,4,2.0,11468
162.29714696738668,6,20.0,11462
162.31153155392187,17,9.0,-3788
162.31855892444287,4,8.0,11469
162.32256749439273,17,5.0,-7873
162.33675175488165,16,8.0,10967
162.34067888775348,17,2.0,-9383
162.34290731938862,1,2.0,11470
162.34580105097544,7,2.0,11380
162.35103459827252,16,2.0,4071
162.3758318482665,6,1.0,11449
162.38502367619802,11,7.0,11383
162.39514164116548,16,1.0,10285
162.39808001613656,3,5.0,11471
162.40064808922185,10,60.0,11442
162.40581881466974,10,1.0,11463
162.43239161965707,16,3.0,11146
162.4329399309707,6,3.0,11443
162.4403833634612,11,3.0,11428
162.4478357728476,6,1.0,11432
162.4508708588877,16,5.0,175
162.4520952022263,1,7.0,11472
162.45997797948704,1,1.0,11473
162.47180855706452,9,3.0,11288
162.47991557990076,16,4.0,5590
162.4914566584855,7,4.0,11434
162.49574741195988,6,1.0,11436
162.5060446289351,7,3.0,11297
162.55538498790204,10,3.0,11418
162.55710732071847,10,5.0,11461
162.56087939769597,1,3.0,11474
162.5648993036625,16,4.0,11064
162.60632403299857,4,3.0,11475
162.62490843334066,11,12.0,11427
162.62976441385914,4,3.0,11476
162.63735930294519,1,2.0,11477
162.64421882600874,4,8.0,11478
162.67213605414105,4,4.0,11479
162.68869001772114,12,2.0,11459
162.68926163179012,16,2.0,11042
162.72531491553974,17,2.0,-10472
162.72606760616773,6,6.0,11457
162.73772398747815,10,2.0,11468
162.7412577743135,10,11.0,11460
162.77281109351827,11,24.0,11366
162.78655687087314,17,2.0,-6487
162.81929227041977,7,2.0,11386
162.8385664446351,10,5.0,11471
162.83980549581415,17,5.0,-5629
162.84464459502706,11,10.0,11382
162.84476669365264,7,7.0,11426
162.84591573439985,16,1.0,6447
162.85594059423352,7,15.0,11433
162.87441315549688,12,2.0,11444
162.88337756642383,5,5.0,0
162.88898626420422,5,8.0,0
162.89638595984292,7,3.0,11447
162.89999211767534,4,15.0,11480
162.9153153486539,7,8.0,11448
162.93072628394293,10,53.0,11419
162.94260877229254,10,3.0,11430
162.94826376801413,7,7.0,11389
162.95460646045024,1,1.0,11481
162.9650274742975,4,6.0,11482
162.97268768322306,16,19.0,11002
162.99416308192633,1,2.0,11483
163.00776863673042,1,2.0,11484
163.00960243374587,10,3.0,11475
163.01395197948645,6,1.0,11473
163.02414485126567,11,5.0,11445
163.03387384456835,18,,0
163.0339476153696,103,57.0,11485
163.05826801854138,9,2.0,11459
163.05848344726033,11,4.0,11367
163.0642755440416,17,15.0,-12219
163.06592324989674,11,15.0,11431
163.06853744866694,1,2.0,11486
163.06909797528712,10,15.0,11480
163.07363895846606,6,4.0,11466
163.0842432898083,3,34.0,11487
163.0870833231567,1,4.0,11488
163.09083271091632,4,13.0,11489
163.10527467414883,6,2.0,11458
163.12413100569628,10,3.0,11464
163.1363539164643,10,6.0,11454
163.1510770703036,6,3.0,11429
163.1901382102992,4,3.0,11490
163.21787268613346,11,7.0,11414
163.23979506373541,10,34.0,11487
163.2417523300698,11,1.0,11353
163.2932829776465,1,1.0,11491
163.30944764035527,10,13.0,11489
163.31043634871585,7,4.0,11408
163.33567354189523,1,2.0,11492
163.3680905499515,17,1.0,-9626
163.42211556394656,17,2.0,-4051
163.42215161693701,9,2.0,11444
163.43179817846647,11,2.0,11435
163.46437641419155,4,7.0,11493
163.47707949469108,16,3.0,10988
163.48662133066867,7,7.0,11405
163.5040233638379,1,4.0,11494
163.50624684036032,11,2.0,11468
163.50728021182687,7,4.0,11415
163.51839963011346,1,2.0,11495
163.52797169078616,16,12.0,852
163.53357091986433,7,3.0,11429
163.53944354921794,10,7.0,11493
163.5415729680543,11,1.0,11438
163.54646040009703,11,49.0,11450
163.5614692809452,7,3.0,11363
163.57514113890656,16,46.0,8378
163.57932517785665,11,60.0,11442
163.61063111326976,3,6.0,11496
163.61518062779183,4,9.0,11497
163.6253482236723,1,3.0,11498
163.63082456354348,16,2.0,10864
163.6614496441872,7,1.0,11432
163.6648798060288,4,15.0,11499
163.67177036338762,11,3.0,11359
163.67508866770206,10,2.0,11451
163.6832241722124,1,3.0,11500
163.68379777292674,6,3.0,11474
163.68700180259793,17,1.0,-6386
163.7004009333631,16,31.0,4478
163.71059220158642,10,8.0,11469
163.71627843400864,1,3.0,11501
163.7314627417824,17,7.0,-8704
163.73457138090055,1,1.0,11502
163.74330642479777,10,6.0,11465
163.74783743550054,1,1.0,11503
163.75179995379764,16,3.0,3694
163.77106782823034,7,1.0,11473
163.77883671821363,7,5.0,11446
163.77959387147135,1,3.0,11504
163.78269179368897,10,8.0,11478
163.7870181118363,17,1.0,-6576
163.80275727502632,17,2.0,-6359
163.80485760976657,1,16.0,11505
163.8119194420019,6,3.0,11498
163.81948508929818,10,6.0,11482
163.8307408997266,1,1.0,11506
163.84560912600102,11,11.0,11460
163.85919781197634,10,4.0,11416
163.86368986897855,7,1.0,11424
163.86540365587427,4,6.0,11507
163.88883001158254,1,1.0,11508
163.89173036006068,6,2.0,11483
163.89840751164996,7,20.0,11462
163.90329159346194,1,1.0,11509
163.91285542481344,10,6.0,11507
163.91434483229355,11,54.0,11314
163.92697221187143,11,15.0,11480
163.93000743224428,4,4.0,11510
163.93835314364162,10,2.0,11437
163.94541568246188,16,7.0,11197
163.9485408068561,6,3.0,11504
163.9558955071766,16,2.0,4371
163.9794703415266,4,2.0,11511
163.98962316048562,6,4.0,11494
164.02123074275264,16,5.0,10948
164.0570279306231,6,3.0,11425
164.0717862017557,1,8.0,11512
164.08356676093803,6,1.0,11455
164.10535768203394,4,1.0,11513
164.1159834677911,10,1.0,11513
164.12339695009163,11,3.0,11418
164.13496681208275,12,1.0,11463
164.14071118237646,7,6.0,11457
164.14304145144158,10,6.0,11496
164.15546873200228,4,4.0,11514
164.15950532981094,6,4.0,11488
164.16207810059697,7,3.0,11404
164.16291313621673,17,15.0,-12933
164.1724037337785,6,8.0,11512
164.1747031511333,3,6.0,11515
164.17674366196323,10,3.0,11476
164.17899349748748,10,6.0,11515
164.1807563553149,7,8.0,11370
164.19398899935305,7,3.0,11443
164.20113484035753,5,2.0,0
164.21621827973362,9,1.0,11463
164.2327453598187,1,3.0,11516
164.2462604523239,10,2.0,11423
164.27719621411856,17,2.0,-8580
164.30112772250163,11,48.0,11456
164.31193270144766,12,57.0,11485
164.34115715579193,7,1.0,11436
164.3414093935799,1,2.0,11517
164.35510297412026,1,23.0,11518
164.36828459753144,3,32.0,11519
164.3695563460528,16,27.0,4163
164.3897265685501,10,5.0,11417
164.39162697469547,6,16.0,11505
164.4055005453316,10,4.0,11479
164.40632718095682,7,4.0,11466
164.42411212223053,3,13.0,11520
164.43812028179084,7,1.0,11449
164.44311727296284,1,1.0,11521
164.44811358967905,17,3.0,-2103
164.45814155799448,17,10.0,-12097
164.46621374263492,1,2.0,11522
164.46940783871491,1,1.0,11523
164.47218690625493,11,5.0,11461
164.48078399213912,10,3.0,11441
164.4867930055631,10,3.0,11490
164.49009182775126,16,1.0,11345
164.49176523449134,17,1.0,-9617
164.49952268556297,17,2.0,-11862
164.50024933592098,10,9.0,11497
164.500295752224,6,1.0,11503
164.50055269071453,11,6.0,11465
164.50154074469648,16,13.0,10914
164.50756768881118,11,30.0,11440
164.5107806909775,6,2.0,11477
164.5284348647261,10,32.0,11519
164.5607748771706,10,15.0,11397
164.5691946005212,4,2.0,11524
164.57388682994682,11,1.0,11439
164.59904991827332,12,4.0,11416
164.63358707565217,6,1.0,11509
164.6482240419337,17,4.0,-5728
164.66235731039913,10,11.0,11421
164.6872511628606,6,23.0,11518
164.69988671592938,4,17.0,11525
164.7468595146282,10,2.0,11511
164.77784823971416,6,2.0,11517
164.80079531154274,11,5.0,11471
164.81245680658643,11,6.0,11454
164.82445461935532,10,17.0,11525
164.82838167139323,3,55.0,11526
164.8291166805873,11,5.0,11453
164.84185544007295,6,2.0,11492
164.86422649299232,1,1.0,11527
164.88459732994352,11,34.0,11487
164.88515964456582,6,1.0,11481
164.88591424442558,6,3.0,11501
164.88942948497026,6,1.0,11521
164.89129931330942,16,2.0,11265
164.89331077902565,6,2.0,11484
164.89470038364834,11,7.0,11493
164.90541121338663,6,2.0,11470
164.90970181137314,10,2.0,11524
164.9192905319946,6,1.0,11508
164.92263172755028,1,2.0,11528
164.92743802894472,7,3.0,11498
164.92993212469545,1,2.0,11529
164.95859764588087,1,17.0,11530
164.96289086368742,16,5.0,1511
164.96904267604287,11,6.0,11507
165.00762424789883,16,3.0,2657
165.02069057313787,16,3.0,11173
165.0778275057638,1,2.0,11531
165.08028967393193,17,7.0,-1299
165.08234411138105,6,1.0,11527
165.10670403236375,16,3.0,11277
165.13744812856618,1,3.0,11532
165.13979625331282,11,1.0,11411
165.14052272886735,17,1.0,-9434
165.14270018482605,11,13.0,11489
165.1546740641202,16,4.0,11083
165.15704379471228,5,4.0,0
165.16693173245963,10,4.0,11514
165.16840605953908,4,1.0,11533
165.17659599007783,6,2.0,11531
165.19731837763035,6,1.0,11506
165.19881129035514,3,51.0,11534
165.2369779445603,11,2.0,11451
165.27677399298017,7,3.0,11369
165.2816315239063,10,51.0,11534
165.28919938859852,11,6.0,11496
165.28931892638613,6,3.0,11516
165.29469068660202,6,1.0,11523
165.3290946350921,16,24.0,11228
165.33831052460616,3,24.0,11535
165.35041985719374,10,1.0,11533
165.36562575295912,1,3.0,11536
165.37084061998894,1,3.0,11537
165.39245136512852,10,24.0,11535
165.39508153990985,17,3.0,-5412
165.41706228972916,7,4.0,11494
165.41772861055793,5,3.0,0
165.4247467075831,11,3.0,11490
165.46733055495912,1,10.0,11538
165.48125533385996,7,4.0,11488
165.48670449649765,5,1.0,0
165.48919576688525,7,3.0,11452
165.49744392816137,6,1.0,11491
165.49793918386536,16,5.0,10525
165.5056854092067,10,13.0,11520
165.50891063307458,16,14.0,11035
165.5147912863574,17,1.0,-6994
165.5336505791646,16,5.0,10944
165.54195010981553,17,2.0,-7014
165.5545570791492,3,7.0,11539
165.55682618742134,3,49.0,11540
165.5909297141266,9,7.0,11295
165.60681241192427,3,5.0,11541
165.6092213829475,7,3.0,11425
165.61393210581699,4,1.0,11542
165.61865986754796,7,3.0,11504
165.6204919166921,4,1.0,11543
165.6355175380018,16,2.0,3381
165.6372013270018,16,5.0,11293
165.64119854862295,4,2.0,11544
165.64447096125838,16,7.0,11202
165.6575422732936,3,43.0,11545
165.6698607989129,9,57.0,11485
165.70855345046493,4,8.0,11546
165.74046583065288,7,2.0,11470
165.74257612917475,16,11.0,40
165.75353575076517,17,5.0,-5855
165.75588208134977,11,3.0,11441
165.764576701177,17,1.0,-5899
165.77406712438105,16,1.0,10335
165.77918873541054,7,1.0,11503
165.78099585792944,17,1.0,-10236
165.78635362359077,6,3.0,11532
165.78825132839202,11,3.0,11464
165.7977818163818,3,12.0,11547
165.8428415050325,6,2.0,11522
165.84717549969068,3,25.0,11548
165.85337961617594,1,2.0,11549
165.85867368818037,5,5.0,0
165.86045829378588,11,3.0,11476
165.86434426005962,16,3.0,11212
165.86920821872664,7,2.0,11483
165.89091463167048,6,2.0,11528
165.8946720874496,9,4.0,11416
165.9018104984089,16,54.0,8191
165.91687888111713,6,7.0,11472
165.92929341603616,7,2.0,11477
165.9720327231683,12,2.0,11423
165.97541388643438,11,3.0,11475
165.98217144350872,6,10.0,11538
165.99293865595376,1,2.0,11550
165.99400851351987,1,1.0,11551
166.00885020962863,11,4.0,11479
166.01016896284037,11,2.0,11437
166.01138756064609,16,4.0,6543
166.0585678978938,17,1.0,-11807
166.06572845805383,7,3.0,11501
166.06860357919905,16,11.0,10210
166.07030516300608,3,27.0,11552
166.0806750022143,6,3.0,11536
166.09140927093358,16,16.0,9324
166.10691562623603,7,23.0,11518
166.1397015892263,4,1.0,11553
166.14501999440554,16,7.0,10990
166.15155709761154,17,1.0,-1256
166.18116168232365,1,2.0,11554
166.20304757529016,1,5.0,11555
166.2318038842246,10,15.0,11499
166.23223495238008,11,2.0,11511
166.23790516584535,10,4.0,11510
166.24908886902665,1,3.0,11556
166.25663519846614,17,2.0,-12972
166.28396358447165,10,2.0,11544
166.2840920647299,16,1.0,4942
166.2867961045098,6,2.0,11554
166.2877019129416,10,1.0,11553
166.3037435137012,6,1.0,11551
166.31602085718868,17,22.0,-12343
166.32032580715867,1,1.0,11557
166.32121778736175,6,1.0,11557
166.3249663087252,7,1.0,11521
166.32754040637826,10,8.0,11546
166.33302770584092,3,60.0,11558
166.33776333103643,7,1.0,11509
166.34049063368212,16,4.0,11364
166.34185757684924,16,6.0,11409
166.36596870664934,1,6.0,11559
166.36727597785114,4,4.0,11560
166.38799764598755,11,8.0,11469
166.39205481709115,17,1.0,-3726
166.40548432083375,7,1.0,11455
166.4234425024521,6,2.0,11529
166.451538534355,11,5.0,11417
166.456600109914,6,5.0,11388
166.4895057649229,16,4.0,11336
166.49672816626781,16,6.0,6672
166.50544665922442,11,1.0,11513
166.51828156150438,1,4.0,11561
166.51864170326135,1,7.0,11562
166.55014321614277,17,1.0,-10181
166.55853690914074,4,3.0,11563
166.57361263524123,11,11.0,11421
166.5785774547444,7,1.0,11491
166.59904094680888,1,6.0,11564
166.60568316828358,7,1.0,11527
166.61184287531492,11,17.0,11525
166.6473339335076,7,1.0,11506
166.6559847314505,6,3.0,11556
166.6634989443542,7,3.0,11474
166.6820800563084,7,2.0,11458
166.68520967654564,17,4.0,-510
166.69734194321316,6,6.0,11559
166.70004018441094,4,5.0,11565
166.7043372722487,3,44.0,11566
166.70450869791725,11,6.0,11482
166.72179407108533,10,1.0,11543
166.72893810268806,1,4.0,11567
166.73369026940884,7,2.0,11492
166.74883099748658,16,4.0,11227
166.8023649905228,10,43.0,11545
166.82618028489424,16,4.0,9288
166.83305443427372,10,25.0,11548
166.8357692801595,1,7.0,11568
166.85180166269757,1,5.0,11569
166.85544067220027,4,10.0,11570
166.8684776718512,7,1.0,11523
166.90556405895555,5,4.0,0
166.9144842878065,17,3.0,-8273
166.91882925124753,3,58.0,11571
166.9214769354625,6,2.0,11495
166.94188044348033,10,3.0,11563
166.94588838876078,7,2.0,11517
166.96812992492573,7,16.0,11505
166.9728475434148,4,3.0,11572
166.99367311010704,1,3.0,11573
166.99570783715347,6,2.0,11550
167.01642224056525,17,6.0,-8906
167.0166955511182,17,1.0,-7081
167.01819682789642,3,13.0,11574
167.04313451925458,10,7.0,11539
167.0481406085939,7,3.0,11536
167.0506927253955,4,6.0,11575
167.07141753271577,10,44.0,11566
167.077668164756,17,1.0,-10106
167.11998444957203,11,6.0,11515
167.12063337862926,11,32.0,11519
167.1215821333581,10,4.0,11560
167.13441898401544,11,53.0,11419
167.1356140511361,4,7.0,11576
167.15473278006394,11,3.0,11430
167.15484634803283,11,51.0,11534
167.1790496122472,1,1.0,11577
167.18658634398676,7,8.0,11512
167.25442517466783,11,8.0,11478
167.2697349751639,10,58.0,11571
167.27479699126462,4,8.0,11578
167.27556011672058,10,5.0,11565
167.279054800094,7,2.0,11484
167.28456931859557,16,1.0,9827
167.28613174733104,11,9.0,11497
167.32259352905382,1,1.0,11579
167.33583838501843,6,3.0,11537
167.3620841655942,10,13.0,11574
167.3626579959145,7,10.0,11538
167.36457876315407,3,4.0,11580
167.36875701207046,10,60.0,11558
167.41810815411168,7,6.0,11559
167.424055588499,16,9.0,3030
167.42587532036427,6,6.0,11564
167.44362095185988,17,10.0,-11582
167.45319931943968,10,7.0,11576
167.45591078191418,11,15.0,11397
167.47895746087062,16,5.0,4922
167.47913948591457,7,1.0,11481
167.4792041524252,1,1.0,11581
167.5005595353678,16,3.0,4692
167.50306483690161,16,47.0,1830
167.50624684036032,16,2.0,11468
167.51994825774028,17,2.0,-7452
167.53966604712323,7,2.0,11531
167.55037537621288,17,18.0,-5628
167.55311369209574,16,1.0,11176
167.56742360047264,7,1.0,11557
167.5724589691166,9,2.0,11423
167.58832310191772,10,10.0,11570
167.59239500262524,17,2.0,-6714
167.61513411355259,7,2.0,11528
167.61885873670232,17,2.0,-7325
167.6663642323234,6,5.0,11555
167.66872629915883,17,1.0,-10872
167.6756290788948,6,7.0,11562
167.68216914692394,1,3.0,11582
167.6887040635247,17,1.0,-12785
167.6938241764045,4,47.0,11583
167.70455340610113,17,1.0,-3339
167.70577787567163,17,1.0,-11559
167.72212164289857,7,5.0,11388
167.73748013337226,1,8.0,11584
167.74237608992723,11,4.0,11510
167.7508447331784,11,24.0,11535
167.78513933808202,16,10.0,11393
167.8071045652634,11,8.0,11546
167.8184161951612,7,3.0,11532
167.82378543499013,16,6.0,4594
167.83033964084095,6,3.0,11500
167.83429975549933,1,3.0,11585
167.8379976127213,3,4.0,11586
167.84338649669678,1,2.0,11587
167.84831573836968,6,3.0,11582
167.87075118704968,6,17.0,11530
167.87442012710557,4,4.0,11588
167.8850278224183,16,38.0,11237
167.88998877348547,4,1.0,11589
167.9043337629564,5,8.0,0
167.90972925150425,7,3.0,11516
167.91693584836733,17,7.0,-6609
167.92375425314177,11,25.0,11548
167.92375425314177,16,25.0,11548
167.93582418426408,10,12.0,11547
167.95677986310804,16,1.0,2928
167.99089862380023,16,1.0,5370
167.991967877141,1,1.0,11590
167.999367075275,16,7.0,7971
168.00452801857978,4,10.0,11591
168.01108776028533,1,9.0,11592
168.0248055316906,6,3.0,11585
168.03815087532206,7,1.0,11508
168.03815087532206,16,1.0,11508
168.06954425627328,6,1.0,11502
168.07519526456528,16,3.0,10657
168.0798226284498,6,2.0,11486
168.0822312737138,8,1.0,11551
168.0914435858706,11,4.0,11514
168.09606771260889,10,10.0,11591
168.10471116068922,6,4.0,11567
168.12908595488744,16,7.0,11149
168.13583281794635,10,55.0,11526
168.1442717535075,17,1.0,-12092
168.15113164496537,16,29.0,11015
168.17517419593594,16,2.0,3320
168.17947251016298,10,53.0,11467
168.21979212173147,7,6.0,11564
168.22634020836907,4,8.0,11593
168.23174479027514,3,23.0,11594
168.25568606038874,10,4.0,11580
168.2683159601286,6,7.0,11568
168.27519949723268,1,2.0,11595
168.27881157785063,3,43.0,11596
168.29702679392773,6,1.0,11581
168.29713909271095,6,1.0,11579
168.3015716797245,1,4.0,11597
168.30658828233226,3,8.0,11598
168.31867421723524,17,5.0,-4542
168.35390157913127,11,7.0,11539
168.35707228206402,1,7.0,11599
168.36158234213184,17,8.0,-8016
168.39196635244792,6,9.0,11592
168.410728164345,3,9.0,11600
168.4264145545444,3,3.0,11601
168.42923134506637,1,1.0,11602
168.42939018795252,6,2.0,11587
168.4296191669791,10,3.0,11572
168.4428452711826,7,7.0,11562
168.4499121091318,11,2.0,11544
168.47010530520495,10,1.0,11589
168.48223061601146,6,5.0,11569
168.51868116103563,17,1.0,-4153
168.53076992864868,16,5.0,11096
168.5410390786046,12,15.0,11499
168.54476545186338,16,3.0,1231
168.5552329629776,3,5.0,11603
168.56927750294972,10,8.0,11598
168.59019833659457,16,8.0,11005
168.62471663007727,5,7.0,0
168.63618615283738,6,1.0,11590
168.63681626822435,1,10.0,11604
168.63989800252872,6,8.0,11584
168.65462635860607,11,10.0,11570
168.66837330626026,11,2.0,11524
168.66837330626026,16,2.0,11524
168.6726208085239,17,2.0,-5813
168.67838228084025,16,3.0,4175
168.68324309176023,10,4.0,11588
168.68671078666839,8,9.0,11592
168.71204254266095,17,1.0,-5144
168.71588180575387,17,5.0,-11694
168.72204617394584,16,16.0,11062
168.72323383671954,9,1.0,11551
168.7347808861605,16,2.0,2628
168.7371374012175,11,60.0,11558
168.75026565970876,1,3.0,11605
168.77009063605053,1,6.0,11606
168.7741257957187,6,2.0,11595
168.7752660894881,7,2.0,11529
168.77542385195645,7,2.0,11495
168.77622645192963,1,3.0,11607
168.78151132371886,10,47.0,11583
168.8000636855081,6,6.0,11606
168.8059877113733,16,18.0,2343
168.82215965792525,1,1.0,11608
168.84297667777233,4,2.0,11609
168.8594319295419,4,5.0,11610
168.88076657231477,16,17.0,8410
168.8971929378363,11,10.0,11591
168.9029118910376,7,7.0,11472
168.91741282910434,10,3.0,11601
168.94883683406607,6,3.0,11607
168.9582230868965,7,2.0,11550
168.9582230868965,16,2.0,11550
168.98504324889896,1,7.0,11611
168.99164322159868,4,7.0,11612
168.99760897342702,17,2.0,-10012
169.00927046539067,7,3.0,11582
169.01072052560818,7,3.0,11537
169.01323298926974,1,2.0,11613
169.03855075340698,10,5.0,11603
169.0401689521338,16,3.0,11311
169.04100728929154,16,2.0,11247
169.0434815820597,4,39.0,11614
169.0465147521699,11,3.0,11563
169.05100290988793,11,1.0,11553
169.06492828422944,12,44.0,11566
169.07161602959118,10,8.0,11593
169.08702717181077,16,1.0,10617
169.0908334344406,7,17.0,11530
169.09749297495205,4,17.0,11615
169.1145449606718,11,58.0,11571
169.1210811733148,6,1.0,11608
169.12532277585234,6,10.0,11604
169.13170822809693,16,2.0,3868
169.13494366259425,6,7.0,11611
169.1663104363464,1,1.0,11616
169.17116296181052,7,3.0,11500
169.17470856453232,16,4.0,11119
169.1765523812857,4,4.0,11617
169.1769411605361,17,11.0,-10509
169.179714769743,16,3.0,9769
169.19965476351732,1,1.0,11618
169.21820914371438,16,7.0,9280
169.22716444854555,11,43.0,11545
169.2275857159326,3,9.0,11619
169.25472891912887,10,4.0,11617
169.25732249678688,1,2.0,11620
169.2727687512826,11,4.0,11560
169.2757415568613,17,1.0,-2621
169.28712207401784,4,5.0,11621
169.30952931147428,11,13.0,11520
169.31777906101593,12,12.0,11547
169.3228994881653,11,1.0,11589
169.32358465978064,16,3.0,7004
169.32532152779393,10,9.0,11600
169.32673852800215,10,27.0,11552
169.33795853340442,1,1.0,11622
169.35984191830244,7,1.0,11579
169.38668493468847,16,6.0,10783
169.4033532899849,10,17.0,11615
169.40574693417193,1,4.0,11623
169.42405861147435,17,3.0,-5594
169.45165092402266,17,1.0,-761
169.46123685344332,17,3.0,-10099
169.46209320078015,4,13.0,11624
169.46246097345352,16,47.0,4357
169.46996003352052,12,53.0,11467
169.48902423789485,6,4.0,11623
169.50386128357272,9,12.0,11547
169.50566655779437,10,5.0,11541
169.5117274082828,4,8.0,11625
169.515892560237,7,2.0,11587
169.52079334154178,10,43.0,11596
169.53128042182902,7,5.0,11555
169.5575738543492,1,5.0,11626
169.56240091607393,10,9.0,11619
169.5735257075587,10,23.0,11594
169.5751971105254,6,1.0,11618
169.58495673450165,1,13.0,11627
169.59138485578737,11,1.0,11533
169.59587005799662,5,2.0,0
169.60931149713008,1,1.0,11628
169.61733355308115,16,1.0,4466
169.6666475849323,1,2.0,11629
169.6756446908454,9,44.0,11566
169.6997000924043,11,13.0,11574
169.70317763291942,4,2.0,11630
169.7178210198475,4,7.0,11631
169.71809322762616,4,2.0,11632
169.7223232399681,9,53.0,11467
169.7259955467037,7,3.0,11607
169.73175466659,6,1.0,11577
169.73557109314024,6,2.0,11549
169.75225652409867,7,2.0,11522
169.7549040827758,10,2.0,11632
169.7555503305383,17,1.0,-9403
169.76067137230586,10,13.0,11624
169.76248551498475,11,4.0,11580
169.77121447674975,6,2.0,11613
169.78110704651516,6,4.0,11597
169.78387792761794,7,7.0,11568
169.7928756453512,10,2.0,11609
169.7929849164517,11,7.0,11576
169.81462832680694,17,6.0,-7124
169.82610348158806,10,8.0,11578
169.84514357789067,6,5.0,11626
169.84560912600102,16,11.0,11460
169.84710691635647,4,5.0,11633
169.85653135701367,6,13.0,11627
169.86045829378588,16,3.0,11476
169.86148190157326,6,1.0,11602
169.86214580908563,17,9.0,-4002
169.8660780049018,16,4.0,2739
169.86835643640873,10,8.0,11625
169.8806971992236,11,1.0,11543
169.8806971992236,16,1.0,11543
169.8807658383596,5,7.0,0
169.89206522260864,1,3.0,11634
169.89385542907925,1,10.0,11635
169.89393621050706,1,1.0,11636
169.91973045009624,7,1.0,11502
169.9308392544745,10,7.0,11612
169.93420416525387,6,7.0,11599
169.94734602695672,11,4.0,11588
169.961222543635,4,2.0,11637
169.96569988595348,6,10.0,11635
169.99659629035492,11,55.0,11526
170.00959018450234,5,3.0,0
170.02136357570006,10,1.0,11542
170.0574712132978,16,2.0,10970
170.0580725361977,10,39.0,11614
170.0706029810794,7,2.0,11486
170.07591656608767,10,2.0,11630
170.08561155967314,17,3.0,-8720
170.09751458143575,6,2.0,11629
170.10575374016264,17,1.0,-10398
170.1118349323916,1,2.0,11638
170.12652709139846,4,5.0,11639
170.12708513387454,7,6.0,11606
170.12994052696172,6,4.0,11561
170.138401846021,16,9.0,6381
170.14964425676413,4,5.0,11640
170.15001049701038,7,2.0,11595
170.1597758251431,10,5.0,11621
170.1621830562095,10,6.0,11575
170.1826741084505,10,2.0,11637
170.18720462274817,7,3.0,11585
170.21351552609906,16,43.0,11374
170.21804422811633,4,3.0,11641
170.21821893560607,16,6.0,11344
170.22596971476506,16,1.0,3644
170.24564269014192,7,1.0,11618
170.2457680635569,16,6.0,3421
170.24659887320337,7,8.0,11584
170.2560098707323,6,1.0,11636
170.25665964029398,6,3.0,11605
170.26238252569595,8,2.0,11549
170.26765111112968,4,10.0,11642
170.2766242433901,1,1.0,11643
170.28300713868475,3,15.0,11644
170.29680392556423,16,59.0,8240
170.331816954458,6,1.0,11643
170.34429534764178,7,7.0,11611
170.37501492694332,3,40.0,11645
170.39931580100483,10,40.0,11645
170.40301640138622,6,1.0,11622
170.40378357457467,16,2.0,2347
170.4087324737788,17,19.0,-9334
170.43242791257242,7,5.0,11569
170.44471782427607,11,8.0,11593
170.45014906259843,6,2.0,11638
170.4578079163347,6,1.0,11628
170.4642666797555,17,1.0,-517
170.49877753582797,11,5.0,11541
170.53385915716726,11,5.0,11565
170.5497911187283,6,3.0,11573
170.55622789795459,3,47.0,11646
170.55934374893528,6,3.0,11634
170.56814663509323,7,1.0,11581
170.569021594578,11,3.0,11601
170.5710738220649,1,10.0,11647
170.5899443295702,10,5.0,11640
170.591367080097,11,9.0,11600
170.60047393767343,16,7.0,11371
170.60257388842842,17,5.0,-2987
170.6125996302512,17,14.0,-4623
170.61546850423196,9,15.0,11499
170.62351683318775,4,28.0,11648
170.6555633388009,11,8.0,11625
170.6732097834953,11,43.0,11596
170.6844266169041,11,8.0,11598
170.68578294230718,4,4.0,11649
170.6928560774093,6,10.0,11647
170.70730655057548,7,3.0,11556
170.7332405703727,7,2.0,11554
170.73345664889834,7,4.0,11567
170.7530690560086,6,2.0,11620
170.75756062977726,1,7.0,11650
170.79854798427885,3,28.0,11651
170.80119122516402,10,10.0,11642
170.81378586789575,11,27.0,11552
170.81437033045427,16,3.0,5640
170.84134448038222,8,1.0,11628
170.86437500868914,7,4.0,11597
170.8735593567469,17,1.0,-5470
170.88746090836074,7,10.0,11604
170.88771806427584,7,1.0,11590
170.93392920919598,11,2.0,11630
170.94532785692758,17,1.0,-7382
170.9492779365355,11,47.0,11583
170.97117031519616,17,3.0,-8018
170.97584839905196,16,4.0,10965
170.99399822506308,7,13.0,11627
170.99988339271792,11,23.0,11594
171.02255110531235,18,,0
171.02276530228156,103,4.0,11652
171.03158060235984,16,1.0,3866
171.04827670377682,11,17.0,11615
171.09021687494905,16,11.0,8479
171.09346159035678,9,9.0,11592
171.09346159035678,16,9.0,11592
171.12742943701778,10,28.0,11651
171.13772505419354,17,10.0,-7822
171.1569193581401,16,41.0,10829
171.16780191341903,10,28.0,11648
171.1811986222643,7,1.0,11608
171.1812306294027,16,2.0,9532
171.186387638023,17,7.0,-11612
171.19942243030553,16,5.0,4500
171.2080704920446,16,3.0,11410
171.24188923233973,16,3.0,10392
171.2419445694199,7,2.0,11629
171.25158568045964,17,6.0,-3349
171.2815786895101,10,4.0,11649
171.30416988179874,9,1.0,11628
171.31219547019293,1,3.0,11653
171.31257220789104,3,5.0,11654
171.35390157913127,16,7.0,11539
171.3736819132397,1,1.0,11655
171.39543025443132,1,2.0,11656
171.39688273521986,11,4.0,11617
171.3977900205652,4,11.0,11657
171.40596511842384,1,8.0,11658
171.4278103589302,7,4.0,11561
171.4419528100612,16,5.0,10994
171.45748672870045,10,7.0,11631
171.46954557112727,7,1.0,11577
171.4741370834651,11,2.0,11637
171.50114191903927,10,49.0,11540
171.51154013599358,11,1.0,11542
171.51154013599358,16,1.0,11542
171.52569536262615,11,5.0,11640
171.53128042182902,16,5.0,11555
171.53634740134828,11,5.0,11621
171.56474265935137,11,3.0,11572
171.62876111240445,7,5.0,11626
171.63482115499775,10,4.0,11586
171.6755632978109,16,4.0,3613
171.69155560376495,6,3.0,11653
171.71281439016292,7,2.0,11613
171.71958015154354,6,7.0,11650
171.74547380694474,17,2.0,-5209
171.7509963628979,4,6.0,11659
171.75653896917174,1,3.0,11660
171.7757854643546,6,1.0,11655
171.7853911411897,11,9.0,11619
171.8058217049543,11,2.0,11632
171.82209904267535,1,5.0,11661
171.82523979977984,16,59.0,7959
171.82620769508515,10,6.0,11659
171.8298052276084,10,5.0,11654
171.8400831397634,16,20.0,830
171.8428967018566,17,7.0,-6143
171.87861488447285,3,4.0,11662
171.88005766940614,7,1.0,11636
171.90055185605064,16,9.0,11347
171.91759683718033,1,4.0,11663
171.92818959454053,12,7.0,11612
171.96068933530972,16,8.0,11396
171.97842706222477,1,2.0,11664
172.0033569518515,7,3.0,11573
172.0074865160574,6,2.0,11664
172.01302027708783,4,2.0,11665
172.0389159641794,6,5.0,11661
172.03897605348502,10,5.0,11610
172.068441296432,7,4.0,11623
172.09684338943472,11,5.0,11603
172.1055105512811,17,2.0,-4017
172.11466047839684,11,6.0,11575
172.11776696915476,7,1.0,11602
172.1282342377431,11,28.0,11651
172.15228062606656,6,3.0,11660
172.18783951908648,11,39.0,11614
172.21832327509435,16,7.0,5206
172.22166972287837,1,3.0,11666
172.24203852921903,16,40.0,11400
172.2520786420746,10,47.0,11646
172.26796191612556,7,3.0,11634
172.2823969444215,10,4.0,11662
172.29149962694856,10,15.0,11644
172.31550824394822,1,5.0,11667
172.33023072537347,11,2.0,11609
172.340591661602,17,2.0,-12036
172.34490233645366,6,1.0,11616
172.3523089171811,7,1.0,11643
172.37076338140673,11,7.0,11631
172.39553667144088,17,4.0,-1218
172.4209238093253,12,4.0,11652
172.4213392967308,3,41.0,11668
172.42758963441264,9,7.0,11612
172.47744563910584,1,1.0,11669
172.47811655562705,1,3.0,11670
172.4894425522883,8,5.0,11661
172.50728021182687,16,4.0,11415
172.51850508043287,1,1.0,11671
172.54195258148567,6,4.0,11663
172.55050278425557,10,5.0,11633
172.55687609201888,3,10.0,11672
172.58421572871598,1,6.0,11673
172.60991727689233,6,8.0,11658
172.62225039804943,9,2.0,11549
172.64108296401767,4,2.0,11674
172.64525382268786,6,1.0,11669
172.64940422711726,16,4.0,5995
172.66224007321426,6,1.0,11671
172.66723850221473,11,4.0,11586
172.67019766107614,17,5.0,-8565
172.70214361655442,6,5.0,11667
172.76313097334753,7,2.0,11638
172.78497658607196,1,5.0,11675
172.79343980549393,3,54.0,11676
172.85966654995056,11,4.0,11649
172.87262649136383,16,2.0,4228
172.88671293444983,16,5.0,11123
172.88741717717176,7,10.0,11647
172.90373404230587,1,3.0,11677
172.9265038174374,3,13.0,11678
172.94040436090637,17,2.0,-12847
172.94855088954273,10,13.0,11678
173.00237144396482,3,11.0,11679
173.021926538002,16,2.0,4893
173.02255675200033,10,3.0,11641
173.04379367550902,1,2.0,11680
173.04521238685027,1,2.0,11681
173.0569221764662,3,59.0,11682
173.05830985731393,17,3.0,-10784
173.0668310875127,10,11.0,11657
173.09033959642016,10,10.0,11672
173.1427035233501,1,7.0,11683
173.1771061223729,6,2.0,11681
173.18554573479076,11,49.0,11540
173.19962537594552,6,2.0,11656
173.21077988158402,7,7.0,11650
173.21077988158402,16,7.0,11650
173.21645509557277,1,3.0,11684
173.2215599622227,11,5.0,11610
173.23564056626583,6,3.0,11684
173.2508325134246,4,2.0,11685
173.26143007485865,17,2.0,-4867
173.2875085171859,1,5.0,11686
173.29784796335997,4,4.0,11687
173.2995582283163,17,4.0,-9195
173.307470170157,7,4.0,11663
173.31321972571644,10,2.0,11674
173.32579658653788,11,6.0,11659
173.3286964882805,7,10.0,11635
173.36449613003379,1,1.0,11688
173.42354775726605,11,28.0,11648
173.46948900460598,16,5.0,5537
173.47351590083704,4,15.0,11689
173.47884443680326,11,5.0,11654
173.48232101682154,9,4.0,11652
173.51400144822367,7,2.0,11664
173.52700904632957,17,8.0,-5595
173.52703142146152,7,2.0,11620
173.5410322944997,7,7.0,11599
173.55302317771677,17,3.0,-4925
173.57932517785665,16,60.0,11442
173.57978970594735,17,1.0,-11957
173.60743424050213,5,2.0,0
173.6092213829475,16,3.0,11425
173.61830849834445,7,3.0,11660
173.6262078829932,1,2.0,11690
173.63693592441265,17,1.0,-11286
173.64757034027028,1,5.0,11691
173.66747315606273,10,2.0,11685
173.67701291397287,7,1.0,11655
173.67937797772558,16,1.0,563
173.7042505981101,6,3.0,11666
173.72918007014303,17,1.0,-3524
173.74796607394305,10,4.0,11687
173.7571884788922,11,10.0,11642
173.76225268962062,10,41.0,11668
173.780981565858,16,2.0,9992
173.78773285740155,16,7.0,1224
173.79284578625942,17,2.0,-7202
173.82247272978327,3,17.0,11692
173.82487777302362,16,3.0,6187
173.83408740364985,11,8.0,11578
173.84298889878673,5,1.0,0
173.85362849154137,6,3.0,11677
173.87202483131404,16,57.0,9612
173.90694875742042,10,59.0,11682
173.91973045009624,16,1.0,11502
173.92692934652024,7,5.0,11667
173.95292952074746,16,4.0,11111
173.99026154221914,17,3.0,-4225
174.01067344149573,11,5.0,11633
174.02510583253147,1,5.0,11693
174.02532385571024,4,2.0,11694
174.03364373046355,11,11.0,11657
174.07814974504885,4,2.0,11695
174.07905324707244,17,4.0,-8519
174.0832206521657,10,54.0,11676
174.08537311783007,7,3.0,11653
174.091727643139,5,1.0,0
174.12289435373287,16,5.0,2184
174.13418769837443,4,1.0,11696
174.1371306728056,7,1.0,11671
174.19481966075665,4,7.0,11697
174.20513150276028,16,2.0,11124
174.28690549536566,1,3.0,11698
174.29176645136792,11,40.0,11645
174.33560523739862,17,6.0,-12954
174.3666793799825,11,3.0,11641
174.40020658205563,10,7.0,11697
174.4191535921248,3,6.0,11699
174.4523306831595,6,5.0,11693
174.45834500896595,6,5.0,11675
174.46356029727355,4,2.0,11700
174.46954557112727,16,1.0,11577
174.48126253690677,1,2.0,11701
174.49338004410228,17,9.0,-8711
174.4986779908863,10,2.0,11695
174.53155577130605,7,1.0,11622
174.56047662146054,11,4.0,11687
174.5698434720035,10,2.0,11700
174.5729239200758,16,4.0,11177
174.6034663055476,4,1.0,11702
174.61026866771812,11,2.0,11685
174.65688909357962,7,3.0,11605
174.6620654114777,4,7.0,11703
174.6639223317292,16,16.0,10450
174.7033825962142,4,4.0,11704
174.71762396620198,11,13.0,11678
174.75092773190312,11,15.0,11644
174.75243801815904,17,3.0,-11955
174.75536577602713,17,19.0,-3739
174.77416333455076,16,1.0,11226
174.7784747201019,17,5.0,-6987
174.7810966112483,4,2.0,11705
174.8291166805873,16,5.0,11453
174.83314259262573,10,7.0,11703
174.85459056584648,3,8.0,11706
174.85992685555448,6,2.0,11690
174.86543608916537,10,2.0,11665
174.87622424120937,4,5.0,11707
174.89070263038892,10,1.0,11696
174.91548689483122,6,7.0,11683
174.930582684092,16,2.0,5397
174.94848267322988,7,1.0,11616
174.94848267322988,16,1.0,11616
174.9827885919123,17,3.0,-12818
174.98933337412308,7,2.0,11656
175.0024468960507,17,1.0,-9271
175.0241190021932,11,59.0,11682
175.02991310391272,1,3.0,11708
175.06592324989674,16,15.0,11431
175.0761443795156,10,5.0,11707
175.0985445348115,16,9.0,623
175.10273777023747,7,2.0,11681
175.11738191066226,16,1.0,8073
175.13126961241545,1,2.0,11709
175.14156654279023,10,5.0,11639
175.15697709485755,10,8.0,11706
175.15936933424828,9,5.0,11661
175.16314473275924,6,3.0,11698
175.18270601590973,16,2.0,11341
175.19037913026295,7,1.0,11669
175.2016585184706,1,3.0,11710
175.23248758399245,1,1.0,11711
175.23342908853405,4,20.0,11712
175.2448532379026,4,3.0,11713
175.25751055908444,17,5.0,-4415
175.25923209217302,1,3.0,11714
175.27180966542883,17,3.0,-2469
175.29581499496882,16,46.0,6854
175.31019261116398,8,5.0,11693
175.3239576592817,1,1.0,11715
175.33966675819042,6,1.0,11715
175.34211151807364,4,14.0,11716
175.34622051731034,4,43.0,11717
175.35145936683523,10,15.0,11689
175.35980401297726,10,14.0,11716
175.3626579959145,16,10.0,11538
175.3830325885726,16,5.0,1144
175.3867788907037,1,2.0,11718
175.39988874866503,3,7.0,11719
175.40843571903815,4,3.0,11720
175.4302725038204,10,3.0,11713
175.44491088938074,6,2.0,11680
175.44771046162805,11,2.0,11674
175.51901846956545,17,2.0,-3071
175.524546023391,16,3.0,3411
175.54468000582165,17,2.0,-5327
175.56324204557538,7,3.0,11684
175.58810084296695,16,7.0,5824
175.63297440760175,1,3.0,11721
175.6711542389925,6,2.0,11709
175.67311918032948,17,2.0,-10352
175.6892907343753,10,2.0,11705
175.69051186234736,1,4.0,11722
175.6928027460209,4,4.0,11723
175.72019792208746,11,13.0,11624
175.72248475196773,7,3.0,11666
175.7441532681905,16,2.0,8277
175.76500541611955,6,3.0,11670
175.79674157255755,3,58.0,11724
175.81120828047406,17,5.0,-9990
175.81245680658643,16,6.0,11454
175.8213117633317,17,1.0,-3247
175.82167902691924,3,57.0,11725
175.825976708264,6,3.0,11710
175.84149897456632,4,3.0,11726
175.84165806170293,7,7.0,11683
175.8582939894286,6,6.0,11673
175.86497552464272,17,1.0,-5725
175.87859517602857,10,2.0,11694
175.8844549548315,16,49.0,2748
175.9151369808349,1,1.0,11727
175.9302453746436,7,3.0,11677
175.94160803257725,11,47.0,11646
175.94486319346106,3,11.0,11728
175.96904267604287,16,6.0,11507
175.9820168351101,6,3.0,11708
175.9882230089477,10,1.0,11702
175.99293598796723,7,3.0,11670
176.00367644814565,10,58.0,11724
176.0073175488756,10,7.0,11719
176.02411816243315,11,41.0,11668
176.03286220179635,6,3.0,11721
176.03734728350238,10,17.0,11692
176.04688524894607,6,4.0,11722
176.04773938480872,18,,0
176.04786835228992,101,9.0,11729
176.05553409271084,17,2.0,-1234
176.06321087694025,11,2.0,11695
176.07168789001958,4,2.0,11730
176.0762911771058,17,13.0,-1915
176.07733440717456,16,6.0,11325
176.09381870879153,11,14.0,11716
176.09474864585724,10,11.0,11679
176.09639206075803,10,43.0,11717
176.11627106830832,10,57.0,11725
176.12750705556059,1,3.0,11731
176.13949143713452,1,4.0,11732
176.14733803270968,4,11.0,11733
176.15421201257718,6,2.0,11718
176.16195709845914,1,4.0,11734
176.18117669076523,1,2.0,11735
176.18384425267587,10,6.0,11699
176.193667740948,16,51.0,3079
176.2053244581941,7,8.0,11658
176.2282356886797,10,2.0,11730
176.23433315331408,11,1.0,11696
176.2426968020172,1,4.0,11736
176.24663255874762,17,1.0,-6411
176.2503101054036,11,4.0,11662
176.2560926377256,4,8.0,11737
176.26358808487865,3,16.0,11738
176.27841829362856,8,2.0,11718
176.27995661973293,16,2.0,6697
176.28070563001046,4,2.0,11739
176.2920325313229,10,20.0,11712
176.29515529725464,6,4.0,11734
176.31109757869442,8,2.0,11680
176.33449185993118,17,3.0,-11647
176.34286463391982,12,10.0,11672
176.35031298894918,16,25.0,2200
176.3542465820053,3,1.0,11740
176.36807023693706,1,4.0,11741
176.36973503417303,3,3.0,11742
176.37457804872773,3,25.0,11743
176.37997028586338,6,4.0,11732
176.3831001034332,3,55.0,11744
176.3945364786354,9,5.0,11693
176.39921315536927,10,3.0,11742
176.40022247264085,10,25.0,11743
176.41627852224204,10,8.0,11737
176.4229271273238,1,2.0,11745
176.43557918926393,11,54.0,11676
176.47106562921118,1,2.0,11746
176.47604828371124,16,5.0,5075
176.49037591592148,10,16.0,11738
176.50225506275427,7,5.0,11675
176.50510062040237,10,3.0,11720
176.50656293659227,10,55.0,11744
176.51718545980225,17,3.0,-2522
176.52228073762217,10,3.0,11726
176.5766225215488,17,3.0,-9841
176.58536868927402,8,4.0,11732
176.58663147144318,17,1.0,-12355
176.62876111240445,16,5.0,11626
176.6366464921889,6,4.0,11736
176.6493745543629,4,2.0,11747
176.65387722151021,16,3.0,5141
176.69423455357622,17,6.0,-13052
176.72712228858254,10,2.0,11739
176.72754573246715,10,4.0,11704
176.74109246439616,1,4.0,11748
176.7415214837867,11,2.0,11705
176.76912706534966,16,10.0,10653
176.78764089162968,10,2.0,11747
176.78853968476201,11,2.0,11700
176.81047568030382,17,6.0,-5789
176.81998184740334,10,11.0,11728
176.83123760063484,3,59.0,11749
176.83251117588324,11,15.0,11689
176.83251117588324,16,15.0,11689
176.85702976015924,17,12.0,-2803
176.86170813965398,4,2.0,11750
176.86375864540406,9,2.0,11680
176.8791854386438,6,1.0,11727
176.91944791679117,1,3.0,11751
176.92320784795095,11,8.0,11706
176.95366837443117,16,4.0,8573
176.9873372911252,17,13.0,-7898
176.99463699483513,6,3.0,11751
177.00266988224507,10,2.0,11750
177.01016896284037,16,2.0,11437
177.0290623972693,1,6.0,11752
177.0434086953427,11,5.0,11707
177.0434086953427,16,5.0,11707
177.0446115118978,16,8.0,6121
177.04827670377682,16,17.0,11615
177.0581012969319,6,2.0,11735
177.06134598383662,4,60.0,11753
177.06705233124424,3,9.0,11754
177.06897143199447,4,2.0,11755
177.0755797075153,10,11.0,11733
177.08620596284143,6,3.0,11731
177.08721329991553,10,60.0,11753
177.10126710517778,10,59.0,11749
177.14122759854715,7,1.0,11715
177.1446750830006,6,4.0,11748
177.15287415137644,7,3.0,11721
177.15290763155235,1,2.0,11756
177.16207810059697,16,3.0,11404
177.17106678954525,1,5.0,11757
177.19100004773702,7,2.0,11690
177.1970683285177,12,55.0,11744
177.20691515774436,16,6.0,10152
177.21979212173147,16,6.0,11564
177.24088029947652,16,24.0,267
177.25255504222454,11,11.0,11679
177.26374887791337,6,5.0,11691
177.27891159315706,1,8.0,11758
177.2830376835142,6,5.0,11686
177.28374214462903,5,1.0,0
177.29771912673087,11,43.0,11717
177.3061548511048,1,1.0,11759
177.30632935771925,1,1.0,11760
177.31069178039135,6,5.0,11757
177.31456581105547,17,10.0,-4854
177.33053058276977,1,7.0,11761
177.33165309368394,16,4.0,3970
177.34475346869704,4,1.0,11762
177.34580105097544,16,2.0,11380
177.34661885386728,11,7.0,11719
177.35793587717757,6,1.0,11760
177.35809244587685,3,26.0,11763
177.3585081296695,1,1.0,11764
177.360738379845,16,4.0,8611
177.36154037248227,17,3.0,-413
177.3729438846522,16,6.0,8193
177.37380421597328,17,10.0,-1263
177.3911850312797,6,4.0,11741
177.4018778712666,9,10.0,11672
177.40544194337912,1,10.0,11765
177.41279945600982,6,1.0,11764
177.44875248924816,6,1.0,11688
177.45198457995136,4,28.0,11766
177.45803698682568,11,2.0,11694
177.46050116972958,1,10.0,11767
177.46453824518306,17,2.0,-1294
177.47651531254954,11,7.0,11697
177.48085019666317,6,2.0,11745
177.49975490285144,16,2.0,1459
177.5013017567763,17,1.0,-3281
177.50461715147424,3,13.0,11768
177.515892560237,16,2.0,11587
177.51697287702848,17,1.0,-682
177.52777748483,11,7.0,11703
177.56134182482634,3,10.0,11769
177.56858952650649,6,7.0,11761
177.57889746362795,4,9.0,11770
177.58546313765797,1,5.0,11771
177.6027688460887,11,5.0,11639
177.60411426947542,7,4.0,11722
177.63528000994552,1,1.0,11772
177.637348707594,3,36.0,11773
177.65688909357962,16,3.0,11605
177.67093208597854,3,3.0,11774
177.70963618824035,4,18.0,11775
177.71098011758366,4,8.0,11776
177.72853303582949,11,2.0,11730
177.73259411786765,1,3.0,11777
177.74210627543056,11,3.0,11726
177.74498003900905,10,28.0,11766
177.74684558775093,11,57.0,11725
177.74881894733875,17,7.0,-3885
177.75941051869,10,13.0,11768
177.77106782823034,16,1.0,11473
177.81637904666158,1,4.0,11778
177.85991729223016,6,2.0,11701
177.86409126067488,6,5.0,11771
177.86798493758155,6,3.0,11714
177.8681403509618,6,2.0,11756
177.8820537603056,9,2.0,11718
177.8858118303224,7,3.0,11710
177.91402858450664,10,10.0,11769
177.91873514461372,12,11.0,11733
177.91886819499618,11,6.0,11699
177.93512201622303,4,10.0,11779
177.95126349021203,16,4.0,4224
177.96355541800233,3,26.0,11780
177.98502885372963,3,58.0,11781
178.00689956332306,5,38.0,0
178.02804515672014,1,5.0,11782
178.03069578988064,10,18.0,11775
178.0327918862288,18,,0
178.03281886963276,101,1.0,11783
178.03294797148962,10,3.0,11774
178.0375727586414,10,10.0,11779
178.0504863239799,7,5.0,11686
178.06946416026435,6,10.0,11767
178.07246429541632,3,16.0,11784
178.10974037162129,17,2.0,-10839
178.1133140122961,1,1.0,11785
178.12617842397412,1,11.0,11786
178.1279824796565,6,11.0,11786
178.13197634192662,10,2.0,11755
178.14063179565014,11,3.0,11713
178.1746523421527,10,26.0,11780
178.1752663530222,10,9.0,11754
178.18791937562168,11,2.0,11665
178.1915916794219,9,55.0,11744
178.20083096885602,1,3.0,11787
178.26454744782032,6,1.0,11785
178.26588632273908,6,2.0,11746
178.2709965577192,10,26.0,11763
178.27446017340836,1,7.0,11788
178.27941139925306,16,34.0,593
178.29025721160136,4,4.0,11789
178.30142232579848,7,6.0,11673
178.3179186463343,11,20.0,11712
178.3205651994577,7,5.0,11691
178.3222621734912,9,4.0,11732
178.34654383036047,16,1.0,2561
178.35881408429523,16,17.0,7063
178.36291634261906,8,1.0,11688
178.40098501248656,16,3.0,9870
178.4019977214394,11,2.0,11747
178.4105005746999,8,4.0,11748
178.42857971427156,10,8.0,11776
178.44823412865767,16,8.0,10501
178.47354255898136,1,5.0,11790
178.48919576688525,16,3.0,11452
178.49456563753265,11,1.0,11702
178.49727626071137,17,3.0,-2794
178.49859532913814,17,1.0,-13054
178.49877753582797,16,5.0,11541
178.50174787904905,4,22.0,11791
178.50225506275427,16,5.0,11675
178.5096476185096,3,7.0,11792
178.5104726644902,4,1.0,11793
178.52316990923737,17,1.0,-11966
178.53064684760201,10,4.0,11789
178.5415729680543,16,1.0,11438
178.55771585707726,11,4.0,11704
178.5609103772647,1,5.0,11794
178.6115008242005,4,8.0,11795
178.61247446669134,8,9.0,11729
178.61671240279367,1,3.0,11796
178.61865986754796,16,3.0,11504
178.6218662029922,11,3.0,11720
178.62804803864293,6,3.0,11787
178.63404242025265,4,10.0,11797
178.64756300549945,6,3.0,11777
178.65000762743074,16,5.0,731
178.65174626989545,1,6.0,11798
178.6670000545016,7,1.0,11727
178.68760272354527,4,1.0,11799
178.7031647653032,11,11.0,11728
178.70645653173878,17,1.0,-2721
178.71102774901277,4,13.0,11800
178.71109263434568,11,17.0,11692
178.74650726427345,5,2.0,0
178.75538779036523,6,10.0,11765
178.7572131672353,7,3.0,11751
178.76574144938695,7,5.0,11757
178.76920688599185,6,3.0,11796
178.7746723051172,1,1.0,11801
178.78540118805026,16,1.0,3469
178.80232961911062,7,2.0,11709
178.80641362401676,9,1.0,11688
178.80782787450434,3,5.0,11802
178.8292945795059,16,2.0,9467
178.8316329510824,6,6.0,11752
178.85810616410768,3,30.0,11803
178.85899710946288,12,28.0,11766
178.8684776718512,16,1.0,11523
178.88151140170626,4,8.0,11804
178.89127837707608,4,2.0,11805
178.90106366624957,8,1.0,11783
178.90130547124087,7,1.0,11760
178.91527653771394,7,1.0,11764
178.94360781521198,17,3.0,-5159
178.96478105631132,10,1.0,11740
178.9652754411325,11,2.0,11750
178.97286687753908,11,2.0,11739
179.0091790140131,9,9.0,11729
179.01156139534365,16,7.0,7435
179.0351664308241,17,2.0,-11414
179.03531747741602,17,1.0,-11188
179.0414044711938,1,2.0,11806
179.04470999520507,6,5.0,11790
179.05966056736065,1,2.0,11807
179.07008134581858,1,6.0,11808
179.0720098842709,9,28.0,11766
179.07219590662456,1,2.0,11809
179.0734109839505,10,7.0,11792
179.0754495953615,17,1.0,-11648
179.08540337355942,1,5.0,11810
179.08633772150486,6,5.0,11810
179.0998267498795,6,1.0,11759
179.1089409577358,16,5.0,9178
179.1112719997232,7,3.0,11731
179.129238248268,16,2.0,794
179.1305728806766,16,9.0,11327
179.1492656568613,11,59.0,11749
179.14957928212743,10,5.0,11802
179.15112766228452,3,8.0,11811
179.1523132143382,4,1.0,11812
179.15675586837548,9,11.0,11733
179.1569342209222,10,2.0,11805
179.1769526240941,7,3.0,11708
179.17840904772743,16,3.0,1751
179.18500079155677,1,1.0,11813
179.22050030183783,4,3.0,11814
179.2290013331488,6,5.0,11782
179.232908932793,10,1.0,11812
179.23319348486015,10,36.0,11773
179.2407211151789,1,2.0,11815
179.2471570918222,7,5.0,11771
179.2471570918222,16,5.0,11771
179.25012954739347,10,58.0,11781
179.2724221362804,7,4.0,11741
179.27950038526652,10,22.0,11791
179.30521870099892,10,30.0,11803
179.31616907928114,1,7.0,11816
179.31821731254576,4,6.0,11817
179.32238868764523,4,1.0,11818
179.3370562955849,11,16.0,11738
179.35025627902624,17,13.0,-4690
179.37091340296863,4,8.0,11819
179.37736049408377,6,1.0,11772
179.377686003568,17,3.0,-6465
179.38323881917995,1,4.0,11820
179.38879186594463,6,1.0,11711
179.39763845405852,10,1.0,11818
179.39998610129345,11,8.0,11737
179.4223725091314,17,3.0,-8957
179.44137621550698,7,2.0,11745
179.44188626311845,7,2.0,11701
179.4536706771969,11,3.0,11742
179.45530145291215,6,7.0,11788
179.46717721170293,6,2.0,11806
179.49379935515395,4,9.0,11821
179.49696976579878,6,5.0,11794
179.50675901936913,16,2.0,11195
179.5102690119287,16,5.0,912
179.53357091986433,16,3.0,11429
179.53710743960383,4,7.0,11822
179.53871798262534,3,4.0,11823
179.5391082088596,1,4.0,11824
179.5397894006364,6,2.0,11815
179.55281350103843,10,13.0,11800
179.56152433698588,10,3.0,11814
179.57717086942503,3,59.0,11825
179.59446456325202,10,9.0,11821
179.60128781345472,1,2.0,11826
179.6021356629586,6,2.0,11826
179.60568316828358,16,1.0,11527
179.60629014724276,10,9.0,11770
179.61435321087535,11,26.0,11763
179.62300518619242,16,3.0,10682
179.62618911862106,6,4.0,11778
179.64893915554853,10,8.0,11811
179.6506681425886,1,3.0,11827
179.6563744829759,10,8.0,11819
179.67138026784278,1,3.0,11828
179.67670752029176,1,4.0,11829
179.67701291397287,16,1.0,11655
179.67830448265227,11,58.0,11724
179.68194472806888,17,3.0,-7476
179.68294284624474,3,49.0,11830
179.6917851110382,10,8.0,11795
179.70296199827135,1,1.0,11831
179.704965452564,16,3.0,4696
179.72761118206932,16,1.0,8532
179.72994515631203,4,11.0,11832
179.73054849482014,7,2.0,11756
179.73242811336942,16,3.0,10907
179.75830549335228,17,7.0,-6861
179.75964325634618,6,2.0,11807
179.76060840369666,16,33.0,1136
179.76789182738557,3,11.0,11833
179.7857043114803,16,6.0,11236
179.86368986897855,16,1.0,11424
179.8649154323731,4,5.0,11834
179.8653021441158,10,59.0,11825
179.8691821590719,7,2.0,11735
179.87506689030883,10,11.0,11832
179.88112964435237,6,8.0,11758
179.88184263706577,4,2.0,11835
179.89231991154548,6,4.0,11820
179.8949050784384,9,1.0,11783
179.89992385160528,10,11.0,11833
179.91881317020767,6,6.0,11808
179.92782136828998,7,4.0,11734
179.92837134293018,16,4.0,853
179.94157563580342,10,1.0,11799
179.95144924385386,11,1.0,11740
179.96436511111517,10,2.0,11835
179.9753822976506,11,9.0,11754
179.9823762576801,7,3.0,11698
179.99325842601,17,1.0,-3614
180.00141970059596,7,3.0,11777
180.002363946931,1,2.0,11836
180.0097585613434,4,9.0,11837
180.02549020257527,8,7.0,11761
180.02748771833177,4,1.0,11838
180.0304578955844,4,6.0,11839
180.04069464059893,3,5.0,11840
180.05963049497095,11,2.0,11755
180.06453683941638,17,3.0,-3119
180.08026631091346,7,5.0,11810
180.08557513652636,1,5.0,11841
180.08728426112864,6,7.0,11816
180.09374611394114,11,8.0,11776
180.13979625331282,16,1.0,11411
180.14753757071503,17,3.0,-11192
180.15552156720804,1,6.0,11842
180.15915696937031,6,3.0,11827
180.15945564682644,3,54.0,11843
180.17199170247804,7,2.0,11815
180.17790868702645,6,6.0,11798
180.1821862152393,11,3.0,11774
180.18266098863293,1,8.0,11844
180.1833460611633,5,1.0,0
180.19355082636878,7,2.0,11746
180.19925066044843,4,4.0,11845
180.20490471668248,6,2.0,11809
180.21531667212267,3,43.0,11846
180.2156421039166,4,4.0,11847
180.2215599622227,16,5.0,11610
180.22452554181382,6,4.0,11829
180.22734414291722,1,5.0,11848
180.23484195391808,3,2.0,11849
180.26229179378242,10,6.0,11839
180.26742811542343,8,2.0,11806
180.27120085240347,10,43.0,11846
180.27346613406982,11,10.0,11769
180.28322129392467,3,5.0,11850
180.28652099041068,7,1.0,11772
180.28741300563505,10,6.0,11817
180.30863250517748,17,14.0,-9735
180.31168108807202,10,49.0,11830
180.31518289019903,10,4.0,11847
180.3170813812208,9,4.0,11748
180.33034724869827,1,1.0,11851
180.33713245243882,4,7.0,11852
180.34020465908225,7,10.0,11765
180.3463734965722,11,10.0,11779
180.35129370571494,3,55.0,11853
180.35733580862723,3,5.0,11854
180.3634337633674,11,13.0,11768
180.36723206806303,6,4.0,11824
180.37743111298101,10,9.0,11837
180.40147622069054,10,54.0,11843
180.4060069683582,1,4.0,11855
180.40639738850177,17,4.0,-2552
180.4128346888174,7,10.0,11767
180.41860816702658,11,3.0,11814
180.43869514556434,10,10.0,11797
180.45054242248767,1,4.0,11856
180.46534515087865,10,4.0,11823
180.47734271358834,7,4.0,11736
180.48157651659807,17,3.0,-9466
180.49658457592182,11,26.0,11780
180.49691776184983,6,8.0,11844
180.51669716023918,17,8.0,-7639
180.53057675604953,11,36.0,11773
180.54558312192182,1,13.0,11857
180.55800561691737,16,35.0,1877
180.56680815353553,17,6.0,-10780
180.5724589691166,16,2.0,11423
180.5918400964134,11,9.0,11821
180.6008412626755,1,2.0,11858
180.60143117997154,10,8.0,11804
180.60976172103224,3,6.0,11859
180.61067667148401,10,5.0,11854
180.6290469824183,10,1.0,11793
180.642399485907,1,6.0,11860
180.66026050761718,16,46.0,474
180.66648199431143,3,2.0,11861
180.67889725732,6,1.0,11801
180.6863843335943,17,3.0,-8795
180.69473689608404,4,2.0,11862
180.70637817049484,1,1.0,11863
180.72371648384225,4,3.0,11864
180.7332405703727,16,2.0,11554
180.73747000690142,11,4.0,11847
180.73752182154215,1,10.0,11865
180.7448728789064,7,3.0,11796
180.77183781933962,11,7.0,11792
180.77213859967537,11,58.0,11781
180.77331008419793,6,4.0,11855
180.77367560750668,6,10.0,11865
180.77634295150713,1,2.0,11866
180.77750836471233,4,15.0,11867
180.78000161881334,3,5.0,11868
180.80291023646308,17,1.0,-2062
180.8049849331045,11,8.0,11811
180.80732958136014,11,5.0,11802
180.80783692374195,4,40.0,11869
180.81501961616746,1,1.0,11870
180.82693822572242,3,2.0,11871
180.83995616103627,6,4.0,11856
180.8407972517818,11,2.0,11805
180.8441682232536,9,2.0,11806
180.84573783496637,6,6.0,11842
180.8486089352121,10,15.0,11867
180.853339963166,10,5.0,11850
180.85594059423352,16,15.0,11433
180.87560451317347,6,5.0,11848
180.87627182398046,17,1.0,-7001
180.88031652203458,1,3.0,11872
180.88270341928882,10,1.0,11762
180.88297570934878,1,1.0,11873
180.88334805854043,17,15.0,-1981
180.88695292985057,10,7.0,11822
180.88955641825552,10,2.0,11871
180.91435728698045,7,1.0,11711
180.92308371960652,4,16.0,11874
180.9401957175184,4,3.0,11875
180.96296891993592,10,4.0,11723
180.9637814414016,5,7.0,0
180.9888685192938,10,3.0,11875
180.99000048036666,17,3.0,-5620
180.9942519989672,10,16.0,11874
180.99814976445575,7,6.0,11752
181.00012702199024,10,5.0,11840
181.00455210167272,3,13.0,11876
181.0076071647334,7,3.0,11714
181.00904815719792,6,2.0,11836
181.01590335943294,5,3.0,0
181.01890833820045,17,1.0,-8548
181.0218630059415,1,4.0,11877
181.03608216351708,1,2.0,11878
181.04857159016814,6,2.0,11866
181.05606907204387,11,25.0,11743
181.06048044086344,1,4.0,11879
181.07058694278038,1,3.0,11880
181.10241205309734,11,6.0,11817
181.1108432243114,11,8.0,11795
181.11669969203402,6,1.0,11863
181.11840060778155,6,1.0,11831
181.12248253672956,4,2.0,11881
181.12298120485715,10,5.0,11868
181.12383329074072,17,1.0,-2555
181.12726279910711,7,6.0,11798
181.13849047003094,9,7.0,11761
181.14696319437593,7,3.0,11787
181.14978012965278,11,4.0,11789
181.16606606565284,3,60.0,11882
181.17334516046466,1,5.0,11883
181.17845423338568,3,43.0,11884
181.1799600831962,3,42.0,11885
181.18073692767837,11,43.0,11846
181.18783424757504,6,5.0,11883
181.19175504020404,1,1.0,11886
181.19520918951147,4,6.0,11887
181.20010520376323,6,6.0,11860
181.2333213029932,11,30.0,11803
181.2405933004036,11,22.0,11791
181.24061957712624,1,8.0,11888
181.25346245739684,11,13.0,11800
181.25519561017765,7,1.0,11759
181.26382913813336,10,60.0,11882
181.2662873351702,7,2.0,11826
181.26867716532732,4,1.0,11889
181.27468664795916,10,2.0,11881
181.29870572281754,10,3.0,11864
181.30528197477318,3,25.0,11890
181.30574777745383,6,13.0,11857
181.31177450432625,11,4.0,11823
181.32563156267528,11,18.0,11775
181.33030359838207,5,5.0,0
181.3504839830285,10,55.0,11853
181.35837115514158,6,3.0,11872
181.3601260156192,4,1.0,11891
181.3657138149755,10,13.0,11876
181.37986644465144,6,4.0,11879
181.38121937470123,11,1.0,11812
181.38356858294912,7,4.0,11778
181.40098182520018,7,2.0,11807
181.40782231592735,4,4.0,11892
181.40799089281356,10,43.0,11884
181.42331866529412,6,3.0,11828
181.42832090348182,1,4.0,11893
181.43145751603979,1,1.0,11894
181.43244978240566,16,8.0,4257
181.4384627978896,6,5.0,11841
181.44025319396755,7,1.0,11785
181.44252065969295,10,42.0,11885
181.44546985259728,7,5.0,11794
181.45284829980142,1,4.0,11895
181.45566255013466,6,1.0,11851
181.45861389899466,16,9.0,8225
181.4712448914412,1,1.0,11896
181.47134680933857,7,2.0,11809
181.47210766010258,11,1.0,11799
181.4859310259736,6,1.0,11873
181.48694195464253,7,7.0,11816
181.49137738447848,17,2.0,-5411
181.52025359408228,16,11.0,4108
181.52919231024555,4,1.0,11897
181.55069254392023,6,8.0,11888
181.5630458638362,16,2.0,7676
181.57610930511856,1,5.0,11898
181.59641892303492,1,4.0,11899
181.62029175509915,7,2.0,11866
181.6204350496715,3,32.0,11900
181.63196736075278,4,3.0,11901
181.65592230686414,3,10.0,11902
181.66979540240374,10,7.0,11852
181.6756446908454,16,44.0,11566
181.68413048324064,5,2.0,0
181.69720230126455,10,2.0,11861
181.69907772027315,10,1.0,11889
181.70186847784578,1,3.0,11903
181.71879491955872,3,44.0,11904
181.72237917773558,6,2.0,11878
181.72750045694815,6,5.0,11898
181.73739427674963,3,18.0,11905
181.73828770347876,7,8.0,11758
181.74210627543056,16,3.0,11726
181.74900437141682,7,3.0,11827
181.74983072783303,11,5.0,11854
181.76376077542938,4,29.0,11906
181.80087175610237,11,15.0,11867
181.80154267685614,6,4.0,11899
181.8016636037312,17,1.0,-10430
181.8180085589876,1,3.0,11907
181.81878527526342,12,54.0,11843
181.82361749763126,6,2.0,11858
181.8257178754454,5,2.0,0
181.83268456352823,11,60.0,11753
181.85710288172513,1,1.0,11908
181.85958481419308,16,3.0,6882
181.85983984118627,4,8.0,11909
181.86770232561184,10,4.0,11845
181.87061617550836,8,8.0,11844
181.88562414149501,3,1.0,11910
181.887501600877,7,5.0,11782
181.8888765565826,8,4.0,11820
181.89890988179047,4,20.0,11911
181.90899450267725,6,1.0,11896
181.92398336702666,10,40.0,11869
181.92615195774994,16,1.0,3032
181.9350841163411,10,16.0,11784
181.95136764232464,10,32.0,11900
181.95629505616995,16,11.0,9528
181.96103508395666,3,53.0,11912
181.96463512037462,16,5.0,9617
181.98113527929056,11,13.0,11876
181.98398028332085,17,3.0,-294
181.99857815268456,7,4.0,11855
182.02032203352604,3,35.0,11913
182.02107485711997,1,3.0,11914
182.02783179006792,3,14.0,11915
182.03166347292753,10,8.0,11909
182.03943157845407,1,5.0,11916
182.04327333597513,6,4.0,11895
182.04730341818498,4,3.0,11917
182.05262314414205,16,5.0,11368
182.05307503743978,11,49.0,11830
182.06210490106122,17,2.0,-5749
182.06720811060757,11,2.0,11835
182.0837306753257,7,4.0,11829
182.08526566589651,7,4.0,11856
182.08526566589651,16,4.0,11856
182.08553695477804,11,9.0,11770
182.1120485869183,1,2.0,11918
182.11300752720672,3,8.0,11919
182.13898193235792,4,6.0,11920
182.1445719911897,10,6.0,11887
182.15702771017234,10,53.0,11912
182.1687931030252,9,4.0,11820
182.1707800897195,11,5.0,11850
182.17112480779056,11,1.0,11818
182.20708787947444,3,6.0,11921
182.20725264927808,11,8.0,11804
182.2078631275527,7,13.0,11857
182.24347973315304,7,5.0,11848
182.2498534743758,3,50.0,11922
182.25609166328104,1,2.0,11923
182.2599764774757,10,10.0,11902
182.2656897003931,6,4.0,11893
182.2662873351702,16,2.0,11826
182.2675991733027,6,1.0,11908
182.28925743682396,16,3.0,10932
182.28942204190182,4,2.0,11924
182.31921452755032,10,5.0,11834
182.3299520432928,6,3.0,11907
182.33526837703204,11,5.0,11840
182.36720401708814,1,1.0,11925
182.37298857675245,4,4.0,11926
182.40147797593133,16,2.0,5969
182.40728406285666,4,4.0,11927
182.40953605636562,10,25.0,11890
182.41199446555726,1,11.0,11928
182.41573347938245,10,4.0,11927
182.41906266796636,11,9.0,11837
182.42439698370325,10,4.0,11892
182.42736300898898,6,1.0,11894
182.43129519985624,17,1.0,-1845
182.43583602482119,6,4.0,11877
182.45341718866158,1,2.0,11929
182.45907595264978,4,8.0,11930
182.46123543311984,10,29.0,11906
182.47803052972225,1,15.0,11931
182.48591243605136,17,2.0,-881
182.49036315882105,7,10.0,11865
182.49179744166096,10,2.0,11849
182.49243692394091,16,2.0,6337
182.49840592805336,3,4.0,11932
182.49906703846986,4,2.0,11933
182.516760211427,7,5.0,11841
182.5178739140515,1,5.0,11934
182.51796060255887,3,3.0,11935
182.52112049096797,10,20.0,11911
182.52338050574366,17,4.0,-9206
182.55229494894613,10,6.0,11859
182.59008968804756,10,1.0,11891
182.59090545477915,6,3.0,11880
182.59480095662357,1,4.0,11936
182.62250858936224,4,4.0,11937
182.6239781588584,1,1.0,11938
182.63137038292467,1,3.0,11939
182.64515136052978,10,1.0,11910
182.65604648616394,11,55.0,11853
182.66110289948588,7,5.0,11883
182.66468837875675,1,1.0,11940
182.686494299684,6,3.0,11939
182.68680646988398,7,11.0,11786
182.68717184473323,11,3.0,11875
182.7009276461693,11,60.0,11882
182.70756595835854,10,6.0,11920
182.71903704952086,17,1.0,-9916
182.7216221494409,1,32.0,11941
182.72991224673078,7,2.0,11858
182.73706113611925,4,8.0,11942
182.73747000690142,16,4.0,11847
182.73952391289697,7,4.0,11824
182.7581733843355,7,1.0,11801
182.76062429268333,16,5.0,7550
182.78287827765539,6,3.0,11903
182.78550539933045,9,54.0,11843
182.78599846181652,4,3.0,11943
182.7871026030763,1,3.0,11944
182.81105017765063,11,2.0,11861
182.81836507407368,11,3.0,11864
182.81896404995155,11,16.0,11784
182.82503837295533,11,43.0,11884
182.8251343333448,11,11.0,11832
182.826255179907,1,6.0,11945
182.83288577036464,17,1.0,-10075
182.84637581541514,3,6.0,11946
182.85109133177778,6,32.0,11941
182.8670761387914,7,4.0,11879
182.87200189008522,6,1.0,11925
182.8790144743239,1,1.0,11947
182.88383891675738,11,11.0,11833
182.88431026876364,7,5.0,11790
182.91504787978542,10,3.0,11943
182.92177955332963,7,1.0,11896
182.94261595546485,11,40.0,11869
182.9492779365355,16,47.0,11583
182.95741692948476,10,2.0,11933
182.96765546824395,7,2.0,11836
182.97116167612447,6,2.0,11918
182.97703143996452,7,6.0,11808
182.9874028245414,1,2.0,11948
182.9989438827747,17,2.0,-11860
183.00344974222236,7,1.0,11851
183.02760384847738,4,2.0,11949
183.02955559244575,17,2.0,-10702
183.03019672959047,7,4.0,11899
183.0389496728324,1,3.0,11950
183.04639790131108,4,5.0,11951
183.0470882422169,11,32.0,11900
183.04772348830343,7,8.0,11888
183.05265653130775,6,4.0,11936
183.05344089085355,4,1.0,11952
183.07306318411057,3,48.0,11953
183.08398649620537,11,1.0,11793
183.09324152316992,1,4.0,11954
183.09824391622658,4,4.0,11955
183.11776696915476,16,1.0,11602
183.12309843636638,6,11.0,11928
183.12474294860107,11,7.0,11822
183.12898805881164,8,4.0,11893
183.13940070483494,7,7.0,11788
183.14205439994467,6,1.0,11813
183.14317174196688,11,4.0,11723
183.14317174196688,16,4.0,11723
183.1698770332866,11,1.0,11889
183.18783951908648,16,39.0,11614
183.19533684584817,10,4.0,11926
183.1958023089723,17,7.0,-7709
183.20411724244943,11,6.0,11839
183.2061234590352,11,2.0,11871
183.21181561915182,10,6.0,11921
183.23050963103722,11,42.0,11885
183.24519588437582,16,26.0,10584
183.2735485173387,10,5.0,11951
183.2834014244355,10,1.0,11838
183.28503453340724,17,13.0,-3104
183.28529137826223,11,59.0,11825
183.28776940219385,6,6.0,11945
183.29026496567818,4,1.0,11956
183.2938407419576,11,8.0,11819
183.32901136790193,4,6.0,11957
183.3380690620008,3,12.0,11958
183.33816054183816,7,1.0,11873
183.34376433474034,10,3.0,11917
183.34387110816274,16,2.0,1377
183.34429534764178,16,7.0,11611
183.3460075346412,10,50.0,11922
183.34707739936857,11,6.0,11887
183.3518955131688,6,5.0,11934
183.37897831347937,7,3.0,11880
183.39683500662784,1,4.0,11959
183.41625434598407,17,1.0,-3499
183.43636004047167,6,3.0,11950
183.44771046162805,16,2.0,11674
183.4509229201553,3,10.0,11960
183.4667154414817,4,18.0,11961
183.46800635114377,16,1.0,9310
183.4999796083482,11,29.0,11906
183.5059687888173,6,1.0,11938
183.50657619702676,7,5.0,11898
183.5068054669065,1,3.0,11962
183.54089692705875,6,4.0,11954
183.5482709068722,17,4.0,-10523
183.54981948524812,7,6.0,11860
183.5550235233439,1,5.0,11963
183.56613121549205,10,12.0,11958
183.5758959923758,8,2.0,11918
183.57601520133076,17,2.0,-1135
183.58084574221522,12,1.0,11762
183.6178125311976,10,18.0,11961
183.62955764878782,6,1.0,11870
183.63132341399876,17,1.0,-9091
183.6398726576642,17,1.0,-8697
183.6462672991221,10,3.0,11901
183.65564210658215,6,2.0,11948
183.65591314958488,17,1.0,-8955
183.65996621702186,4,1.0,11964
183.68621918231972,11,2.0,11881
183.6903258640708,11,5.0,11868
183.69127097875418,11,4.0,11892
183.69627986872817,7,3.0,11828
183.70140660592324,4,3.0,11965
183.71092805737948,17,3.0,-4770
183.72638828971262,9,8.0,11844
183.73388724977949,10,14.0,11915
183.76669614113808,7,1.0,11831
183.78605657566604,5,1.0,0
183.79388899338628,10,3.0,11965
183.8012984029289,7,2.0,11878
183.81296093520632,17,1.0,-3899
183.81514530136405,4,8.0,11966
183.8202473046293,11,10.0,11797
183.82999114301003,1,2.0,11967
183.83694365311158,7,6.0,11842
183.859780308397,10,1.0,11956
183.90069287490257,16,9.0,7573
183.90401875730504,11,20.0,11911
183.9206235173088,6,1.0,11886
183.93195382217715,6,3.0,11962
183.94303659608624,10,3.0,11935
183.94846486627557,11,4.0,11845
183.95511521047243,9,1.0,11762
183.96873157149156,7,32.0,11941
183.98244282791342,7,1.0,11863
183.98369310859712,7,1.0,11908
184.0178781916755,16,9.0,1333
184.0210410267762,18,,0
184.02116019989828,101,2.0,11968
184.02411816243315,16,41.0,11668
184.03283566155497,6,3.0,11944
184.0615316966783,10,2.0,11862
184.06570973466975,1,1.0,11969
184.09349697051684,1,7.0,11970
184.11882811783127,7,3.0,11903
184.12763605415694,11,7.0,11852
184.14670912259055,3,22.0,11971
184.14806113503226,16,7.0,10442
184.14978012965278,16,4.0,11789
184.15651292485384,11,16.0,11874
184.15884823752603,6,2.0,11923
184.16535794859982,11,25.0,11890
184.1678515527708,3,6.0,11972
184.18101839467067,17,1.0,-11745
184.1854731901435,4,31.0,11973
184.18556255591582,1,4.0,11974
184.19423284248447,6,7.0,11970
184.19577886767166,6,3.0,11914
184.20390467024302,11,10.0,11902
184.20431839243207,8,1.0,11894
184.2061234590352,16,2.0,11871
184.21111899374364,17,5.0,-10863
184.21870050375986,10,22.0,11971
184.23272493179869,10,31.0,11973
184.24438624313623,9,4.0,11893
184.26536726875864,10,4.0,11955
184.27064992114794,6,2.0,11929
184.27611672731248,11,6.0,11859
184.28618857476263,7,3.0,11944
184.28883863906165,16,11.0,1119
184.30417466225134,16,1.0,3122
184.31495935773552,1,3.0,11975
184.32053640544106,10,6.0,11957
184.34344119646101,4,17.0,11976
184.34348827620911,11,4.0,11926
184.3468308378522,3,15.0,11977
184.34782633558817,10,17.0,11976
184.3518527405543,10,15.0,11977
184.35510565254404,6,2.0,11967
184.35899183285522,1,2.0,11978
184.38755078183678,10,6.0,11972
184.39998610129345,16,8.0,11737
184.4306590284589,16,18.0,598
184.4342503131131,11,8.0,11909
184.4494908328162,10,1.0,11897
184.45015563296292,7,2.0,11948
184.4772204928631,6,15.0,11931
184.48236683544152,3,4.0,11979
184.50213760715636,17,1.0,-10875
184.52568681976075,7,3.0,11950
184.52569536262615,16,5.0,11640
184.54410802291832,7,1.0,11925
184.56846114977685,6,1.0,11947
184.57037960521674,7,4.0,11895
184.58158312124348,1,3.0,11980
184.5816299018445,10,44.0,11904
184.58648759715,6,4.0,11959
184.58685004373748,5,3.0,0
184.58881367359146,10,35.0,11913
184.5954272366454,11,2.0,11933
184.5957203705845,7,1.0,11886
184.5998150626951,8,2.0,11968
184.61379013041548,10,4.0,11932
184.6307276883991,6,5.0,11916
184.63132350391203,11,53.0,11912
184.64162912548676,11,1.0,11838
184.67134897365617,3,15.0,11981
184.67692175932993,1,4.0,11982
184.68479367754486,10,1.0,11964
184.69881795226345,16,1.0,1602
184.72010350182703,6,4.0,11974
184.73093933116684,11,50.0,11922
184.73783186958957,17,9.0,-5041
184.7595382646841,11,6.0,11920
184.76073059073346,17,2.0,-6809
184.77339718307533,4,2.0,11983
184.77471566108198,9,2.0,11968
184.78640563012934,10,1.0,11952
184.82200251952185,16,1.0,9663
184.85000603915555,11,2.0,11849
184.85911934981291,6,1.0,11940
184.88053426434243,7,3.0,11962
184.88641973925786,10,48.0,11953
184.8936568325518,6,3.0,11980
184.89565491334898,7,4.0,11877
184.90462204395757,10,10.0,11960
184.91729299161253,11,3.0,11917
184.92289596647737,3,4.0,11984
184.92409694721715,11,1.0,11910
184.92861081601404,11,3.0,11943
184.95855930634258,1,7.0,11985
184.9698160252889,16,4.0,6757
184.9704048784558,10,15.0,11981
184.98235142223467,4,14.0,11986
184.98576024370394,16,2.0,1401
184.98615445603352,4,4.0,11987
185.00141970059596,16,3.0,11777
185.01434900576083,1,3.0,11988
185.03907506308715,1,6.0,11989
185.0461486457964,10,2.0,11983
185.06278014407692,7,1.0,11813
185.07457406545845,10,4.0,11987
185.08193867560587,7,6.0,11945
185.085206512484,3,7.0,11990
185.10877161368944,6,5.0,11963
185.1144381073243,6,3.0,11975
185.14349330397346,1,3.0,11991
185.17495330966506,11,2.0,11862
185.1946837343078,3,47.0,11992
185.2107898179972,7,11.0,11928
185.2135561756742,4,1.0,11993
185.21669213211808,6,6.0,11989
185.2395641454911,3,60.0,11994
185.24301015429646,17,3.0,-12055
185.24659887320337,16,8.0,11584
185.257787054777,4,8.0,11995
185.25951916131322,1,1.0,11996
185.26103624662014,1,2.0,11997
185.28681683113774,11,3.0,11935
185.29613832780728,4,5.0,11998
185.30316482056736,16,12.0,3099
185.31927220929884,10,8.0,11930
185.32004403591975,3,43.0,11999
185.32581962509025,6,2.0,11978
185.3309770717413,1,4.0,12000
185.33369980388693,10,43.0,11999
185.33863366791238,17,1.0,-3494
185.34572524149303,16,2.0,9373
185.35094189049713,1,5.0,12001
185.3707352435513,11,14.0,11915
185.38149691770042,6,2.0,11997
185.39268868101058,6,4.0,11982
185.4290068213071,7,3.0,11872
185.43469482629757,16,2.0,4530
185.44195511542026,4,1.0,12002
185.44654971345796,11,12.0,11958
185.4583608187326,7,1.0,11870
185.46182567835774,4,4.0,12003
185.46263413495544,3,4.0,12004
185.470287437367,7,3.0,11914
185.47067996801218,10,4.0,11937
185.48155475274962,6,7.0,11985
185.52739624244688,7,4.0,11936
185.54384112670203,3,2.0,12005
185.54718679139222,10,60.0,11994
185.55087042662797,10,47.0,11992
185.56429000087653,10,4.0,12004
185.59859503107944,1,2.0,12006
185.60849694058024,10,8.0,11942
185.61633822611304,16,6.0,3047
185.61898782857153,3,8.0,12007
185.62306504723824,8,2.0,11967
185.63132350391203,16,53.0,11912
185.63741287348088,1,7.0,12008
185.63924617002345,17,4.0,-7410
185.64961065360885,1,5.0,12009
185.6517198791666,10,8.0,11966
185.6544922519866,10,2.0,11949
185.6595657380036,11,3.0,11901
185.69543021350384,11,4.0,11955
185.69660944120903,17,3.0,-8331
185.70213409356782,10,1.0,11993
185.70790885530587,1,5.0,12010
185.71300051436546,4,17.0,12011
185.72821709622679,17,1.0,-11565
185.73611210154783,11,17.0,11976
185.7368990435993,6,4.0,12000
185.746484256993,10,4.0,11979
185.7479456769549,11,4.0,11927
185.78288109536248,3,4.0,12012
185.78500236924765,7,5.0,11916
185.80577315581417,11,4.0,11932
185.81857346175477,4,14.0,12013
185.81911752590307,4,5.0,12014
185.8351134099593,11,8.0,11930
185.84219543858953,1,9.0,12015
185.8621572626261,7,1.0,11938
185.87174614110174,11,15.0,11977
185.87755538370868,10,8.0,11919
185.89444757723138,10,5.0,12014
185.9024322458088,11,5.0,11951
185.90426043018164,17,8.0,-10945
185.97146039762123,10,7.0,11990
185.97545398280224,16,5.0,9146
185.9872291722953,8,4.0,11982
186.00021135258845,10,5.0,11998
186.00190013055405,10,17.0,12011
186.0076071647334,16,3.0,11714
186.00973949228356,6,7.0,12008
186.01441391628197,4,19.0,12016
186.02127847902,11,1.0,11964
186.03569298075374,11,1.0,11952
186.05117250162726,3,19.0,12017
186.05538653056058,1,3.0,12018
186.0697815591694,11,6.0,11921
186.0793948163964,7,3.0,11939
186.10357991130743,1,9.0,12019
186.11146744408398,3,6.0,12020
186.16385530157905,7,7.0,11970
186.16939364035883,6,3.0,12018
186.17604719214637,1,3.0,12021
186.18430531740856,7,3.0,11975
186.1855337472981,1,7.0,12022
186.18751449647155,10,6.0,12020
186.1915757343464,16,3.0,4166
186.19239414660066,7,15.0,11931
186.1941925471987,4,5.0,12023
186.19513032276635,1,2.0,12024
186.2053244581941,16,8.0,11658
186.23622465451749,10,2.0,12005
186.23692880575754,12,8.0,11966
186.23801049867055,6,2.0,12006
186.24399521279187,11,5.0,11834
186.2487191189586,16,23.0,2862
186.2516585466456,10,8.0,12007
186.25728375159878,1,5.0,12025
186.25789505563773,10,6.0,11946
186.25881569675371,17,2.0,-2655
186.26438586724652,7,2.0,11923
186.2719744271824,6,3.0,11988
186.27327157149344,7,4.0,11954
186.29517224357787,3,8.0,12026
186.3139384077348,1,2.0,12027
186.3296054224726,17,1.0,-9092
186.33961682517122,7,2.0,11997
186.3565306494286,4,6.0,12028
186.3647403765663,1,1.0,12029
186.37061728311235,7,5.0,11963
186.37825147106744,3,6.0,12030
186.38483230648865,17,4.0,-7414
186.39513564521422,4,27.0,12031
186.3982177876675,6,5.0,12010
186.40671759564398,8,4.0,12000
186.41342145468624,11,4.0,11987
186.44649809306264,11,44.0,11904
186.44828175073616,7,6.0,11989
186.47064214873708,9,2.0,11918
186.5076379405772,1,2.0,12032
186.50815932889884,16,2.0,8156
186.51005083265656,16,1.0,4465
186.51169127799466,3,17.0,12033
186.51499545412273,11,3.0,11965
186.53307553325118,9,1.0,11894
186.54465710112135,6,3.0,12021
186.55146389106014,10,2.0,11924
186.5549649745472,10,18.0,11905
186.55657375986587,3,7.0,12034
186.55860194256422,11,15.0,11981
186.5696501050374,1,1.0,12035
186.57134774255726,11,1.0,11956
186.6419310436954,7,5.0,12010
186.6453239213525,11,1.0,11993
186.6453239213525,16,1.0,11993
186.64559888615622,10,14.0,11986
186.65554244007416,7,5.0,11934
186.66270287773472,11,18.0,11961
186.6721496923273,6,1.0,12035
186.6800920846533,11,31.0,11973
186.71911910522334,1,3.0,12036
186.72515366814753,9,4.0,11982
186.72791085653452,4,1.0,12037
186.73742564115466,4,2.0,12038
186.7415214837867,16,2.0,11705
186.74200596592965,8,3.0,12021
186.74564356060495,10,6.0,12028
186.76796946506084,7,1.0,11947
186.7702564437807,6,5.0,12025
186.80175998004609,17,4.0,-9944
186.8397914326127,4,9.0,12039
186.84378810277238,16,6.0,6189
186.84486497851805,1,5.0,12040
186.86065195330707,11,6.0,11972
186.86675425961482,16,3.0,10638
186.87632545311914,6,2.0,12032
186.87644052617182,16,46.0,2636
186.88106705604127,3,26.0,12041
186.89299527136995,11,4.0,11937
186.9008449730632,6,3.0,11991
186.90743425668103,7,7.0,11985
186.93844238914875,16,6.0,9211
186.9396984779462,17,1.0,-11771
186.94457712077704,7,2.0,11929
186.94808399430673,17,5.0,-7240
186.95437389428918,11,6.0,12020
186.9737995866805,17,4.0,-768
186.97479750475256,10,26.0,12041
186.99638772766778,6,3.0,12036
187.00519550461422,11,22.0,11971
187.00882291399836,16,3.0,7863
187.01579143981454,4,1.0,12042
187.03248387248445,6,5.0,12009
187.04045358182253,9,8.0,11966
187.04354127354654,18,,0
187.04355301193166,101,6.0,12043
187.04585080482858,11,60.0,11994
187.04713463619007,10,17.0,12033
187.06481058349362,1,2.0,12044
187.09975019975067,6,5.0,12001
187.1011485760432,6,2.0,12024
187.10120523413914,7,4.0,11959
187.1040587806453,10,8.0,11995
187.10540970413436,17,1.0,-2023
187.1171728240683,11,2.0,11983
187.11757466118564,10,1.0,12002
187.13364089532462,6,2.0,12044
187.16260353653695,10,19.0,12017
187.17254185693145,11,6.0,11946
187.17495330966506,16,2.0,11862
187.175334524024,1,2.0,12045
187.18820791071965,10,14.0,12013
187.20465622983144,11,2.0,12005
187.24564269014192,16,1.0,11618
187.26743343759554,6,2.0,12027
187.28425697950573,6,9.0,12015
187.28749352019958,11,4.0,12004
187.2938407419576,16,8.0,11819
187.2955046121175,10,7.0,12034
187.3009640337805,16,14.0,10597
187.30260427417878,1,1.0,12046
187.3186411051529,16,15.0,1028
187.32451287009434,9,4.0,12000
187.32497281063854,16,7.0,3149
187.32752728836752,3,6.0,12047
187.37186589237965,4,9.0,12048
187.3805238706726,11,10.0,11960
187.3805238706726,16,10.0,11960
187.39315468546832,11,1.0,11891
187.40551003920189,1,1.0,12049
187.41051437670404,4,2.0,12050
187.41521669646613,11,5.0,11998
187.41789941364473,10,27.0,12031
187.44689512722894,6,1.0,12049
187.4484545802068,16,10.0,7449
187.45304220715946,3,5.0,12051
187.4567168000917,17,2.0,-4394
187.46194901474516,11,48.0,11953
187.47904149909905,7,3.0,11907
187.48121696597389,11,35.0,11913
187.50758837037264,16,11.0,6470
187.51079258718985,6,1.0,11996
187.51085090600264,10,4.0,12003
187.5282561899321,11,4.0,11979
187.5282561899321,16,4.0,11979
187.53762397741446,7,2.0,11978
187.54148776873473,11,43.0,11999
187.56588674583614,10,5.0,12023
187.57180043849297,11,1.0,11897
187.57260032601351,6,1.0,11969
187.590269887831,4,5.0,12052
187.60943735260878,4,5.0,12053
187.62355160444451,10,5.0,12053
187.63081163767706,17,5.0,-10210
187.6647851132109,17,7.0,-7289
187.6734210609814,17,4.0,-5495
187.67398451799073,7,4.0,11974
187.6772207764017,10,6.0,12047
187.6798141261243,11,47.0,11992
187.68411755309833,10,1.0,12037
187.70180234421088,4,1.0,12054
187.70466182732133,7,3.0,12018
187.7104476232929,1,2.0,12055
187.71176266716444,11,2.0,11949
187.7571884788922,16,10.0,11642
187.77247464956977,1,4.0,12056
187.7964605547841,4,16.0,12057
187.80325960844414,17,1.0,-8110
187.81102001618055,11,5.0,12014
187.826436731016,16,2.0,10446
187.8300070114311,4,7.0,12058
187.8351134099593,16,8.0,11930
187.84700891686964,17,3.0,-8160
187.85442969183032,7,1.0,12035
187.88474544259304,7,3.0,12036
187.89493280531607,1,1.0,12059
187.91158021085286,17,3.0,-10092
187.91411653121682,11,8.0,11942
187.92657538726587,8,7.0,12008
187.93169496784316,7,2.0,12024
187.95766001455485,16,2.0,7930
187.98277663240208,3,27.0,12060
187.99255584777944,16,3.0,1690
187.99525090747636,7,2.0,12032
188.00798813613608,7,1.0,11940
188.0188786037179,16,8.0,7795
188.02432889347682,11,7.0,12034
188.03207018463425,10,27.0,12060
188.0441843550791,7,2.0,12006
188.04897720533793,10,2.0,12050
188.06045580248954,6,1.0,12029
188.0677141769887,6,2.0,12045
188.09657577477012,4,1.0,12061
188.11045652915175,5,3.0,0
188.1143401898527,6,1.0,12046
188.13180368104568,3,22.0,12062
188.13271440475907,16,2.0,4584
188.1402527836876,9,7.0,12008
188.15773860770682,17,2.0,-8383
188.18565994613184,3,7.0,12063
188.1872045635993,11,1.0,12002
188.19460255065547,4,25.0,12064
188.21671730522274,10,22.0,12062
188.2405933004036,16,22.0,11791
188.2462355341203,8,6.0,12043
188.25386647704426,1,6.0,12065
188.26789057120348,11,7.0,11990
188.27921706854585,11,17.0,12011
188.28694212446914,16,6.0,4551
188.31144223962977,17,12.0,-1967
188.31831776555723,11,1.0,12037
188.32139994053952,4,1.0,12066
188.33008179730587,16,4.0,1826
188.33371429710445,1,9.0,12067
188.3337350355418,7,5.0,12001
188.35606704496692,10,5.0,12052
188.36516557776426,1,5.0,12068
188.37038950097045,1,2.0,12069
188.37749812087978,1,2.0,12070
188.37883521461106,10,4.0,12012
188.38946255392491,10,8.0,12026
188.4403833634612,16,3.0,11428
188.46126594469746,8,5.0,12009
188.47867949678624,17,5.0,-7154
188.48921636796516,9,2.0,11967
188.49864057625936,6,7.0,12022
188.52119951232447,10,7.0,12058
188.52793534768034,10,25.0,12064
188.5305972242647,11,26.0,12041
188.53944315371132,1,3.0,12071
188.57903499732743,6,5.0,12040
188.58381517537816,1,1.0,12072
188.59639321482862,6,3.0,12071
188.60626178069785,11,8.0,11995
188.631586321439,4,2.0,12073
188.6390482972082,16,3.0,6530
188.6464964835441,1,1.0,12074
188.6546914520889,10,19.0,12016
188.66869262849562,11,4.0,12003
188.67558253055785,9,3.0,12021
188.67574007215447,10,9.0,12048
188.68567276108575,17,3.0,-6119
188.7023958584483,1,4.0,12075
188.71746716232465,11,6.0,11957
188.7357676319638,3,33.0,12076
188.7585162883054,6,6.0,12065
188.76313097334753,16,2.0,11638
188.77053891983653,4,9.0,12077
188.7732330385065,17,2.0,-963
188.77713358458672,12,5.0,12053
188.78322948883923,7,5.0,12025
188.7904216332449,4,5.0,12078
188.8076006882877,10,1.0,12054
188.81009946095077,17,20.0,-7687
188.8159685652583,10,7.0,12063
188.83356414835885,17,2.0,-11411
188.8550422781612,10,9.0,12077
188.85558883119822,6,2.0,12069
188.92851285844054,7,3.0,11980
188.93304996892812,6,2.0,12055
188.9346837371612,4,4.0,12079
188.95444068229608,11,19.0,12017
188.997673023654,3,34.0,12080
189.0079300112861,10,2.0,12038
189.02014527823601,11,14.0,11986
189.0449293649893,6,9.0,12067
189.05723231822049,7,9.0,12015
189.09814529563735,17,2.0,-10730
189.11467708428103,4,7.0,12081
189.11604334943618,16,5.0,7107
189.11869088063688,7,1.0,11969
189.14845399882762,1,4.0,12082
189.15348734832946,11,2.0,11924
189.15511719898626,7,3.0,11988
189.16385530157905,16,7.0,11970
189.16469920247974,6,4.0,12082
189.19180707157798,6,5.0,12068
189.20551642662647,11,14.0,12013
189.20754273285948,16,1.0,7019
189.22751479235126,10,1.0,12042
189.22892116348848,10,5.0,12051
189.25584597044278,4,4.0,12083
189.25605871651493,7,1.0,11996
189.2577429468897,16,42.0,312
189.2732430813325,10,34.0,12080
189.2799523104322,3,46.0,12084
189.3103358212356,9,6.0,12043
189.3139704720147,10,5.0,12078
189.32541344407397,10,1.0,12066
189.33965060689007,1,3.0,12085
189.34294008773963,1,4.0,12086
189.35852396837942,6,4.0,12086
189.4097360316162,17,2.0,-10951
189.43977460685232,16,1.0,7796
189.44389031096077,6,9.0,12019
189.44649809306264,16,44.0,11904
189.47125392403836,16,30.0,10910
189.4721298999808,11,5.0,12052
189.50263573127307,7,1.0,12046
189.53272760464216,3,5.0,12087
189.54152613890196,1,4.0,12088
189.5422573970124,11,27.0,12031
189.5464503784627,11,18.0,11905
189.54852016942687,11,22.0,12062
189.56304009226977,6,4.0,12088
189.5650890555638,10,5.0,12087
189.59927502195617,10,1.0,12061
189.61213594354223,3,5.0,12089
189.61307959214207,7,5.0,12040
189.61308737368455,16,9.0,10038
189.6397065189416,16,2.0,3573
189.6478320378101,7,3.0,11991
189.65242633280897,11,27.0,12060
189.65568039204538,7,2.0,12045
189.66324180381875,1,4.0,12090
189.6715998649451,10,5.0,12089
189.6818565391961,16,3.0,11229
189.68717184473323,16,3.0,11875
189.69394913070136,3,26.0,12091
189.71094039500557,3,2.0,12092
189.71189058531596,11,6.0,12047
189.7223232399681,16,53.0,11467
189.7867728834721,9,5.0,12009
189.78832154512332,10,2.0,12092
189.813380079524,17,1.0,-11906
189.82282040076652,1,2.0,12093
189.83843807853614,11,2.0,12038
189.86524774144596,1,3.0,12094
189.90362121827502,11,6.0,12028
189.91364498527503,11,7.0,12058
189.922991751837,17,6.0,-8826
189.92812655744606,12,5.0,12087
189.93053712198508,17,2.0,-4967
189.93493397342223,10,6.0,12030
189.94879583046105,11,8.0,12026
189.97689944286566,16,50.0,6785
189.9991118695762,6,1.0,12059
190.01962654697374,10,4.0,12079
190.037071532429,6,2.0,12093
190.05372008501763,16,9.0,5147
190.06687090743023,11,4.0,12012
190.07151682278828,10,46.0,12084
190.07870232788343,10,4.0,11984
190.09313027076945,16,58.0,77
190.1189300527846,16,2.0,9265
190.12557545442505,11,5.0,12023
190.14305002040027,16,7.0,9054
190.15083489195203,3,4.0,12095
190.1580889579817,1,4.0,12096
190.15922673869548,3,9.0,12097
190.16284003985578,1,1.0,12098
190.17463793053375,7,1.0,12049
190.17686511890741,6,4.0,12075
190.18104253538527,4,12.0,12099
190.19242299769172,4,22.0,12100
190.21620209376132,7,4.0,12086
190.2347810773947,10,22.0,12100
190.24903978875176,7,2.0,12044
190.257617721208,11,1.0,12066
190.26093123645828,9,5.0,12053
190.26541537792536,10,16.0,12057
190.2788662307812,3,11.0,12101
190.30416988179874,16,1.0,11628
190.3250301000417,4,3.0,12102
190.3661164205807,17,1.0,-8023
190.3720080960415,1,4.0,12103
190.3945364786354,16,5.0,11693
190.40142974122395,16,11.0,7732
190.4086410391458,7,2.0,12027
190.414293549064,17,3.0,-12311
190.41603870427585,16,13.0,6348
190.42678283287546,10,4.0,12083
190.4428320611596,3,40.0,12104
190.44546985259728,16,5.0,11794
190.45516634895512,6,1.0,12072
190.46690984424828,4,8.0,12105
190.47030550923628,11,7.0,12063
190.49565033624677,4,4.0,12106
190.49773402167534,17,4.0,-2275
190.50987042656806,7,4.0,12082
190.53155577130605,16,1.0,11622
190.54912875672613,11,1.0,12042
190.54952904226693,4,5.0,12107
190.56881190144767,11,2.0,12050
190.574565014487,3,47.0,12108
190.62238717290418,10,3.0,12102
190.6398863859824,17,1.0,-4133
190.65112543860417,11,1.0,12054
190.65644523033436,16,1.0,6221
190.66078148864918,17,2.0,-12509
190.66110289948588,16,5.0,11883
190.67048149826212,16,42.0,2833
190.67637708862367,11,34.0,12080
190.68516561579457,16,11.0,7774
190.69127097875418,16,4.0,11892
190.706048787395,17,1.0,-2829
190.71094871379378,17,1.0,-11772
190.72419192400156,17,1.0,-10264
190.73139387067494,7,7.0,12022
190.7490701145845,1,2.0,12109
190.7992479600571,4,9.0,12110
190.80084709749744,6,4.0,12103
190.80865526032602,17,2.0,-1937
190.82336297169576,11,8.0,12007
190.83842416351473,11,8.0,11919
190.84582395125116,6,4.0,12096
190.85673225133425,10,9.0,12039
190.85813275490588,1,7.0,12111
190.87096306259815,1,2.0,12112
190.87448721899622,9,5.0,12087
190.8931478191013,1,5.0,12113
190.91911507501592,7,2.0,12069
190.94616305618052,17,2.0,-2279
190.9472561029491,12,19.0,12016
190.94726812034935,11,46.0,12084
190.96408090011013,4,1.0,12114
190.9823762576801,16,3.0,11698
190.98982825039974,10,47.0,12108
